//time estimation lower_bound upper_bound expectation
0 0.010101 nan nan 0.010101
0.0803213 0.0100191 0.0100134 0.0100247 0.0100202
0.160643 0.00993884 0.00993096 0.00994671 0.00994004
0.240964 0.00986227 0.00985283 0.00987172 0.00986052
0.321285 0.00978593 0.00977518 0.00979668 0.00978164
0.401606 0.00970875 0.00969693 0.00972057 0.00970338
0.481928 0.00963013 0.00961745 0.00964281 0.00962576
0.562249 0.00955338 0.00953952 0.00956724 0.00954875
0.64257 0.00947749 0.00946278 0.0094922 0.00947236
0.722892 0.00940465 0.0093894 0.00941989 0.00939658
0.803213 0.00932744 0.00931167 0.00934321 0.00932141
0.883534 0.00925529 0.009239 0.00927158 0.00924684
0.963855 0.00918162 0.00916479 0.00919846 0.00917287
1.04418 0.00910547 0.00908807 0.00912287 0.00909948
1.1245 0.00902897 0.00901102 0.00904693 0.00902669
1.20482 0.00895542 0.00893719 0.00897366 0.00895448
1.28514 0.00888046 0.00886182 0.0088991 0.00888284
1.36546 0.00880575 0.00878663 0.00882488 0.00881178
1.44578 0.00874187 0.00872253 0.00876121 0.00874128
1.5261 0.00867229 0.00865278 0.00869179 0.00867135
1.60643 0.00859903 0.00857931 0.00861875 0.00860198
1.68675 0.00852886 0.00850875 0.00854897 0.00853317
1.76707 0.00846106 0.00844063 0.0084815 0.0084649
1.84739 0.00839205 0.00837097 0.00841312 0.00839718
1.92771 0.00832456 0.00830313 0.00834598 0.00833001
2.00803 0.00826041 0.00823833 0.00828248 0.00826337
2.08835 0.00819487 0.00817261 0.00821713 0.00819726
2.16867 0.00812853 0.00810609 0.00815097 0.00813168
2.249 0.00806394 0.00804133 0.00808656 0.00806663
2.32932 0.00799867 0.00797597 0.00802138 0.0080021
2.40964 0.00793619 0.0079133 0.00795908 0.00793808
2.48996 0.00786982 0.00784688 0.00789276 0.00787458
2.57028 0.00780669 0.00778356 0.00782982 0.00781158
2.6506 0.00774287 0.00771954 0.00776619 0.00774909
2.73092 0.00768095 0.00765757 0.00770433 0.0076871
2.81124 0.00762058 0.00759701 0.00764416 0.0076256
2.89157 0.00755828 0.00753485 0.00758172 0.00756459
2.97189 0.00749787 0.00747426 0.00752149 0.00750408
3.05221 0.00743831 0.00741459 0.00746202 0.00744405
3.13253 0.00738081 0.00735682 0.0074048 0.00738449
3.21285 0.0073223 0.00729822 0.00734639 0.00732542
3.29317 0.00726464 0.0072405 0.00728878 0.00726682
3.37349 0.00720649 0.00718246 0.00723053 0.00720868
3.45382 0.00714922 0.00712531 0.00717314 0.00715101
3.53414 0.00709221 0.00706831 0.00711611 0.0070938
3.61446 0.00703587 0.00701198 0.00705977 0.00703705
3.69478 0.00698136 0.00695757 0.00700516 0.00698076
3.7751 0.00692461 0.00690073 0.00694849 0.00692491
3.85542 0.00687013 0.00684621 0.00689405 0.00686951
3.93574 0.00681416 0.00679025 0.00683806 0.00681456
4.01606 0.00676004 0.00673609 0.00678399 0.00676004
4.09639 0.00670844 0.00668454 0.00673233 0.00670596
4.17671 0.00665717 0.0066332 0.00668113 0.00665231
4.25703 0.00660481 0.00658099 0.00662863 0.0065991
4.33735 0.00655128 0.00652747 0.00657509 0.0065463
4.41767 0.00649776 0.00647391 0.00652161 0.00649393
4.49799 0.00644362 0.00641991 0.00646732 0.00644198
4.57831 0.00639283 0.00636898 0.00641669 0.00639045
4.65863 0.00634317 0.00631948 0.00636685 0.00633932
4.73896 0.00629224 0.00626857 0.00631591 0.00628861
4.81928 0.00624043 0.0062168 0.00626406 0.0062383
4.8996 0.00618691 0.00616341 0.00621042 0.00618839
4.97992 0.0061377 0.00611447 0.00616093 0.00613889
5.06024 0.00608765 0.00606424 0.00611105 0.00608978
5.14056 0.00604022 0.00601692 0.00606352 0.00604106
5.22088 0.00599046 0.00596723 0.00601369 0.00599273
5.3012 0.00594372 0.0059205 0.00596693 0.00594479
5.38153 0.00589459 0.00587142 0.00591776 0.00589723
5.46185 0.00584848 0.00582529 0.00587167 0.00585005
5.54217 0.00580041 0.00577732 0.00582349 0.00580325
5.62249 0.00575498 0.00573191 0.00577805 0.00575683
5.70281 0.00570753 0.00568442 0.00573065 0.00571077
5.78313 0.00565945 0.0056364 0.00568251 0.00566509
5.86345 0.00561445 0.00559141 0.00563748 0.00561977
5.94378 0.00556961 0.00554659 0.00559262 0.00557481
6.0241 0.00552556 0.00550259 0.00554852 0.00553021
6.10442 0.00548094 0.00545805 0.00550384 0.00548597
6.18474 0.00543826 0.00541539 0.00546113 0.00544208
6.26506 0.00539235 0.00536966 0.00541504 0.00539854
6.34538 0.00534889 0.00532627 0.0053715 0.00535536
6.4257 0.0053051 0.00528256 0.00532763 0.00531251
6.50602 0.00526312 0.00524059 0.00528565 0.00527001
6.58635 0.0052222 0.00519963 0.00524478 0.00522785
6.66667 0.00518149 0.0051591 0.00520389 0.00518603
6.74699 0.00513924 0.00511703 0.00516146 0.00514454
6.82731 0.00509823 0.00507613 0.00512033 0.00510339
6.90763 0.00505914 0.00503707 0.0050812 0.00506256
6.98795 0.00501839 0.00499636 0.00504042 0.00502206
7.06827 0.00497784 0.00495594 0.00499975 0.00498188
7.14859 0.00493795 0.00491613 0.00495977 0.00494203
7.22892 0.00489753 0.00487561 0.00491944 0.00490249
7.30924 0.00485984 0.00483797 0.00488171 0.00486327
7.38956 0.00482097 0.00479912 0.00484282 0.00482437
7.46988 0.00478227 0.00476046 0.00480408 0.00478577
7.5502 0.00474241 0.00472075 0.00476406 0.00474749
7.63052 0.00470469 0.00468314 0.00472625 0.00470951
7.71084 0.00466666 0.00464524 0.00468809 0.00467183
7.79116 0.00462895 0.00460764 0.00465026 0.00463446
7.87149 0.00459319 0.00457195 0.00461443 0.00459738
7.95181 0.00455583 0.00453475 0.00457691 0.0045606
8.03213 0.00451919 0.00449821 0.00454018 0.00452412
8.11245 0.00448378 0.00446288 0.00450468 0.00448792
8.19277 0.00444722 0.00442635 0.0044681 0.00445202
8.27309 0.00441216 0.00439134 0.00443299 0.00441641
8.35341 0.0043769 0.00435621 0.0043976 0.00438107
8.43373 0.00434154 0.00432091 0.00436216 0.00434603
8.51406 0.00430754 0.00428704 0.00432804 0.00431126
8.59438 0.00427369 0.00425328 0.0042941 0.00427677
8.6747 0.00423804 0.0042178 0.00425828 0.00424255
8.75502 0.00420307 0.00418297 0.00422316 0.00420861
8.83534 0.00416798 0.00414807 0.0041879 0.00417495
8.91566 0.00413425 0.00411439 0.00415411 0.00414155
8.99598 0.00410133 0.00408157 0.0041211 0.00410841
9.07631 0.00406881 0.00404919 0.00408842 0.00407555
9.15663 0.00403531 0.00401575 0.00405487 0.00404294
9.23695 0.0040039 0.00398448 0.00402332 0.0040106
9.31727 0.00397012 0.00395089 0.00398936 0.00397851
9.39759 0.00393868 0.00391956 0.0039578 0.00394669
9.47791 0.0039073 0.0038882 0.0039264 0.00391511
9.55823 0.00387601 0.00385702 0.003895 0.00388379
9.63855 0.00384562 0.00382672 0.00386452 0.00385272
9.71888 0.0038141 0.0037953 0.00383291 0.0038219
9.7992 0.0037836 0.00376498 0.00380222 0.00379133
9.87952 0.00375275 0.00373423 0.00377128 0.003761
9.95984 0.00372187 0.00370348 0.00374027 0.00373091
10.0402 0.0036919 0.00367357 0.00371024 0.00370106
10.1205 0.00366254 0.00364432 0.00368076 0.00367145
10.2008 0.00363248 0.00361438 0.00365058 0.00364208
10.2811 0.00360403 0.00358609 0.00362197 0.00361294
10.3614 0.00357564 0.00355777 0.00359351 0.00358404
10.4418 0.00354666 0.00352891 0.0035644 0.00355537
10.5221 0.00351801 0.0035004 0.00353563 0.00352693
10.6024 0.00348968 0.00347212 0.00350723 0.00349871
10.6827 0.00346149 0.00344403 0.00347896 0.00347072
10.7631 0.00343413 0.00341678 0.00345148 0.00344296
10.8434 0.0034062 0.00338896 0.00342344 0.00341541
10.9237 0.00337921 0.00336203 0.00339639 0.00338809
11.004 0.00335316 0.00333605 0.00337027 0.00336098
11.0843 0.00332697 0.00330995 0.00334399 0.0033341
11.1647 0.00330175 0.00328481 0.00331869 0.00330742
11.245 0.0032747 0.00325786 0.00329155 0.00328096
11.3253 0.00324859 0.00323186 0.00326532 0.00325472
11.4056 0.00322171 0.0032051 0.00323832 0.00322868
11.4859 0.00319642 0.00317992 0.00321292 0.00320285
11.5663 0.00317065 0.00315425 0.00318705 0.00317723
11.6466 0.00314493 0.0031286 0.00316125 0.00315181
11.7269 0.00312013 0.00310383 0.00313642 0.0031266
11.8072 0.00309532 0.00307911 0.00311154 0.00310158
11.8876 0.0030703 0.00305416 0.00308644 0.00307677
11.9679 0.00304652 0.00303047 0.00306258 0.00305216
12.0482 0.00302109 0.00300516 0.00303702 0.00302774
12.1285 0.00299665 0.00298078 0.00301252 0.00300352
12.2088 0.00297222 0.00295643 0.00298801 0.00297949
12.2892 0.00294779 0.00293208 0.00296351 0.00295565
12.3695 0.00292473 0.00290914 0.00294031 0.00293201
12.4498 0.00290103 0.00288551 0.00291655 0.00290855
12.5301 0.00287786 0.00286244 0.00289328 0.00288528
12.6104 0.00285464 0.00283929 0.00286999 0.0028622
12.6908 0.00283142 0.00281616 0.00284668 0.0028393
12.7711 0.00280822 0.0027931 0.00282334 0.00281659
12.8514 0.00278595 0.00277091 0.00280098 0.00279406
12.9317 0.00276373 0.00274879 0.00277868 0.00277171
13.012 0.00274212 0.00272733 0.00275692 0.00274953
13.0924 0.00272041 0.00270568 0.00273514 0.00272754
13.1727 0.00269876 0.00268414 0.00271338 0.00270572
13.253 0.00267709 0.00266258 0.00269161 0.00268407
13.3333 0.00265501 0.00264063 0.00266939 0.0026626
13.4137 0.00263397 0.00261969 0.00264825 0.0026413
13.494 0.00261352 0.00259936 0.00262769 0.00262017
13.5743 0.00259269 0.0025786 0.00260678 0.00259921
13.6546 0.00257198 0.002558 0.00258596 0.00257841
13.7349 0.00255092 0.00253702 0.00256482 0.00255778
13.8153 0.00253071 0.00251686 0.00254456 0.00253732
13.8956 0.00251013 0.0024964 0.00252385 0.00251702
13.9759 0.00248997 0.00247631 0.00250362 0.00249689
14.0562 0.00246968 0.00245613 0.00248323 0.00247691
14.1365 0.0024495 0.00243604 0.00246295 0.0024571
14.2169 0.0024299 0.00241653 0.00244328 0.00243744
14.2972 0.00241053 0.00239723 0.00242382 0.00241794
14.3775 0.00239143 0.00237821 0.00240466 0.0023986
14.4578 0.00237259 0.00235948 0.0023857 0.00237941
14.5382 0.00235379 0.00234074 0.00236683 0.00236037
14.6185 0.00233529 0.00232234 0.00234825 0.00234149
14.6988 0.00231643 0.00230355 0.00232931 0.00232276
14.7791 0.00229839 0.00228559 0.00231119 0.00230418
14.8594 0.0022799 0.00226722 0.00229258 0.00228574
14.9398 0.00226126 0.00224865 0.00227387 0.00226746
15.0201 0.00224332 0.00223076 0.00225587 0.00224932
15.1004 0.00222548 0.00221304 0.00223792 0.00223132
15.1807 0.00220795 0.00219559 0.00222031 0.00221347
15.261 0.00219001 0.00217772 0.0022023 0.00219577
15.3414 0.00217268 0.00216047 0.00218489 0.0021782
15.4217 0.002155 0.00214285 0.00216714 0.00216077
15.502 0.00213802 0.0021259 0.00215013 0.00214349
15.5823 0.00212053 0.00210853 0.00213252 0.00212634
15.6627 0.0021035 0.00209159 0.00211542 0.00210933
15.743 0.00208646 0.00207464 0.00209827 0.00209246
15.8233 0.00206975 0.00205803 0.00208146 0.00207572
15.9036 0.00205293 0.0020413 0.00206455 0.00205911
15.9839 0.00203685 0.00202528 0.00204842 0.00204264
16.0643 0.00202022 0.00200874 0.0020317 0.0020263
16.1446 0.00200405 0.00199265 0.00201546 0.00201009
16.2249 0.00198782 0.00197649 0.00199914 0.00199401
16.3052 0.00197178 0.00196056 0.001983 0.00197805
16.3855 0.00195624 0.00194511 0.00196737 0.00196223
16.4659 0.00194083 0.0019298 0.00195187 0.00194653
16.5462 0.00192555 0.00191456 0.00193653 0.00193096
16.6265 0.00190992 0.00189903 0.00192081 0.00191551
16.7068 0.00189456 0.00188375 0.00190537 0.00190019
16.7871 0.00187953 0.00186881 0.00189025 0.00188499
16.8675 0.00186429 0.00185364 0.00187494 0.00186991
16.9478 0.00184918 0.00183859 0.00185976 0.00185495
17.0281 0.00183439 0.00182386 0.00184492 0.00184011
17.1084 0.00181952 0.00180906 0.00182997 0.00182539
17.1888 0.00180477 0.0017944 0.00181514 0.00181078
17.2691 0.00179025 0.00177996 0.00180054 0.0017963
17.3494 0.00177609 0.00176588 0.00178629 0.00178193
17.4297 0.00176209 0.00175196 0.00177222 0.00176767
17.51 0.0017477 0.00173769 0.00175772 0.00175353
17.5904 0.0017338 0.00172385 0.00174375 0.0017395
17.6707 0.0017199 0.00171001 0.00172978 0.00172559
17.751 0.00170608 0.00169626 0.00171591 0.00171178
17.8313 0.00169264 0.0016829 0.00170239 0.00169809
17.9116 0.00167916 0.00166948 0.00168884 0.0016845
17.992 0.00166548 0.00165586 0.0016751 0.00167103
18.0723 0.00165176 0.0016422 0.00166131 0.00165766
18.1526 0.00163868 0.0016292 0.00164816 0.0016444
18.2329 0.00162545 0.00161605 0.00163485 0.00163124
18.3133 0.0016124 0.00160306 0.00162174 0.00161819
18.3936 0.00159934 0.00159006 0.00160861 0.00160525
18.4739 0.00158667 0.00157743 0.00159591 0.00159241
18.5542 0.00157399 0.00156482 0.00158316 0.00157967
18.6345 0.0015615 0.0015524 0.00157061 0.00156703
18.7149 0.00154913 0.00154008 0.00155817 0.00155449
18.7952 0.001537 0.00152802 0.00154598 0.00154206
18.8755 0.0015249 0.00151597 0.00153382 0.00152972
18.9558 0.00151266 0.0015038 0.00152153 0.00151748
19.0361 0.00150058 0.00149178 0.00150937 0.00150534
19.1165 0.0014888 0.00148006 0.00149753 0.0014933
19.1968 0.00147672 0.00146804 0.00148539 0.00148135
19.2771 0.00146507 0.00145645 0.00147368 0.0014695
19.3574 0.00145357 0.001445 0.00146214 0.00145775
19.4378 0.00144184 0.00143335 0.00145034 0.00144609
19.5181 0.00143025 0.00142182 0.00143867 0.00143452
19.5984 0.00141877 0.00141041 0.00142713 0.00142304
19.6787 0.00140717 0.00139888 0.00141545 0.00141166
19.759 0.00139578 0.00138754 0.00140402 0.00140036
19.8394 0.00138476 0.0013766 0.00139293 0.00138916
19.9197 0.00137376 0.00136565 0.00138186 0.00137805
20 0.00136271 0.00135466 0.00137075 0.00136702
