//tau lambda mean lower_bound upper_bound
0.01 1.178 0.990283 0.98678 0.993786
0.0100925 1.188 0.989627 0.985991 0.993263
0.0101859 1.142 0.991878 0.988559 0.995197
0.0102802 1.175 0.985941 0.981692 0.99019
0.0103753 1.159 0.991312 0.988048 0.994576
0.0104713 1.163 0.991626 0.988463 0.994789
0.0105682 1.175 0.993081 0.990264 0.995898
0.010666 1.186 0.991303 0.98807 0.994537
0.0107647 1.181 0.986159 0.981978 0.99034
0.0108643 1.176 0.986745 0.982481 0.991009
0.0109648 1.187 0.987333 0.98331 0.991357
0.0110662 1.169 0.992135 0.989082 0.995189
0.0111686 1.191 0.990303 0.986823 0.993784
0.011272 1.183 0.992239 0.989174 0.995304
0.0113763 1.192 0.987465 0.983682 0.991248
0.0114815 1.182 0.987887 0.983948 0.991825
0.0115878 1.198 0.98698 0.982988 0.990973
0.011695 1.183 0.98902 0.985367 0.992674
0.0118032 1.185 0.989966 0.986654 0.993279
0.0119124 1.21 0.984134 0.979404 0.988864
0.0120226 1.195 0.987994 0.984314 0.991673
0.0121339 1.201 0.985507 0.980969 0.990044
0.0122462 1.218 0.983468 0.978601 0.988336
0.0123595 1.197 0.985739 0.981592 0.989886
0.0124738 1.195 0.986686 0.982557 0.990816
0.0125893 1.214 0.987914 0.984028 0.991801
0.0127057 1.237 0.985129 0.980815 0.989444
0.0128233 1.185 0.988776 0.985067 0.992485
0.012942 1.216 0.988499 0.984724 0.992273
0.0130617 1.215 0.986745 0.982742 0.990748
0.0131826 1.203 0.989327 0.985654 0.993
0.0133045 1.213 0.984 0.979381 0.988619
0.0134276 1.201 0.987253 0.98306 0.991445
0.0135519 1.215 0.985582 0.981265 0.989899
0.0136773 1.246 0.984259 0.979782 0.988735
0.0138038 1.209 0.988442 0.984866 0.992018
0.0139316 1.211 0.987558 0.983632 0.991483
0.0140605 1.239 0.988294 0.98446 0.992127
0.0141906 1.214 0.988275 0.984399 0.992151
0.0143219 1.231 0.987133 0.9832 0.991066
0.0144544 1.245 0.984638 0.980058 0.989217
0.0145881 1.272 0.982397 0.977663 0.987131
0.0147231 1.238 0.983474 0.978792 0.988157
0.0148594 1.244 0.985663 0.981497 0.989829
0.0149968 1.221 0.98901 0.985496 0.992524
0.0151356 1.226 0.987289 0.983353 0.991226
0.0152757 1.243 0.98498 0.980661 0.989299
0.015417 1.249 0.98631 0.982217 0.990402
0.0155597 1.252 0.986245 0.981943 0.990547
0.0157036 1.266 0.98316 0.978672 0.987647
0.0158489 1.251 0.985503 0.981286 0.98972
0.0159956 1.271 0.985493 0.981301 0.989686
0.0161436 1.268 0.982491 0.977792 0.987191
0.016293 1.263 0.985512 0.981442 0.989581
0.0164437 1.273 0.982855 0.978185 0.987524
0.0165959 1.278 0.985144 0.980986 0.989301
0.0167494 1.284 0.981656 0.976937 0.986375
0.0169044 1.279 0.982185 0.977471 0.986899
0.0170608 1.277 0.98153 0.976621 0.986439
0.0172187 1.257 0.985137 0.980848 0.989427
0.017378 1.281 0.984627 0.98034 0.988915
0.0175388 1.269 0.985212 0.980906 0.989518
0.0177011 1.295 0.985008 0.980802 0.989214
0.0178649 1.313 0.979286 0.974118 0.984453
0.0180302 1.295 0.977629 0.97234 0.982917
0.018197 1.305 0.980211 0.975107 0.985315
0.0183654 1.32 0.978281 0.97309 0.983471
0.0185353 1.309 0.979653 0.974574 0.984731
0.0187068 1.31 0.981704 0.976798 0.98661
0.0188799 1.322 0.976752 0.971183 0.982321
0.0190546 1.301 0.981096 0.976198 0.985993
0.0192309 1.304 0.980748 0.975948 0.985548
0.0194089 1.331 0.979354 0.974003 0.984705
0.0195884 1.339 0.978322 0.973111 0.983534
0.0197697 1.302 0.977603 0.972373 0.982833
0.0199526 1.319 0.981196 0.976493 0.985898
0.0201372 1.325 0.981623 0.976894 0.986352
0.0203236 1.299 0.982853 0.978335 0.987371
0.0205116 1.332 0.981757 0.976975 0.986539
0.0207014 1.335 0.97631 0.97084 0.98178
0.020893 1.323 0.983537 0.979193 0.987881
0.0210863 1.313 0.983705 0.979149 0.98826
0.0212814 1.351 0.97971 0.974812 0.984608
0.0214783 1.365 0.977744 0.972535 0.982952
0.021677 1.369 0.975538 0.969826 0.981249
0.0218776 1.382 0.97899 0.974067 0.983913
0.02208 1.365 0.9796 0.974627 0.984572
0.0222844 1.358 0.980543 0.975543 0.985543
0.0224905 1.379 0.982233 0.977647 0.986819
0.0226986 1.349 0.977479 0.972157 0.982802
0.0229087 1.357 0.98201 0.977357 0.986663
0.0231206 1.351 0.976242 0.97085 0.981633
0.0233346 1.359 0.973164 0.967071 0.979258
0.0235505 1.383 0.974216 0.96863 0.979802
0.0237684 1.36 0.977782 0.972655 0.982908
0.0239883 1.355 0.978033 0.972881 0.983185
0.0242103 1.377 0.978027 0.972817 0.983238
0.0244343 1.332 0.980725 0.975786 0.985663
0.0246604 1.384 0.971274 0.965085 0.977464
0.0248886 1.366 0.977829 0.972617 0.98304
0.0251189 1.426 0.974733 0.96925 0.980216
0.0253513 1.386 0.978779 0.973653 0.983905
0.0255859 1.398 0.979794 0.974804 0.984783
0.0258226 1.387 0.976603 0.971199 0.982006
0.0260615 1.443 0.974513 0.968923 0.980104
0.0263027 1.419 0.978351 0.973325 0.983378
0.0265461 1.424 0.975322 0.969748 0.980897
0.0267917 1.411 0.977549 0.97241 0.982687
0.0270396 1.449 0.97103 0.964897 0.977164
0.0272898 1.411 0.974435 0.968592 0.980279
0.0275423 1.452 0.972831 0.967064 0.978597
0.0277971 1.462 0.972557 0.966761 0.978352
0.0280543 1.467 0.975442 0.97026 0.980624
0.0283139 1.423 0.975379 0.9698 0.980957
0.0285759 1.474 0.972457 0.966729 0.978185
0.0288403 1.443 0.975066 0.969685 0.980446
0.0291072 1.499 0.967118 0.96076 0.973477
0.0293765 1.46 0.973122 0.967484 0.978761
0.0296483 1.465 0.972392 0.966628 0.978156
0.0299226 1.467 0.969993 0.963725 0.976262
0.0301995 1.486 0.979202 0.974548 0.983855
0.0304789 1.524 0.970768 0.965137 0.976399
0.030761 1.472 0.973209 0.967546 0.978872
0.0310456 1.511 0.972064 0.966343 0.977785
0.0313329 1.527 0.972658 0.966949 0.978368
0.0316228 1.512 0.965609 0.959308 0.971909
0.0319154 1.535 0.967771 0.961498 0.974045
0.0322107 1.525 0.969642 0.963673 0.975611
0.0325087 1.499 0.969705 0.963575 0.975836
0.0328095 1.488 0.967799 0.961568 0.974031
0.0331131 1.586 0.966133 0.959901 0.972366
0.0334195 1.584 0.966893 0.960731 0.973055
0.0337287 1.508 0.967864 0.96178 0.973947
0.0340408 1.538 0.964082 0.957456 0.970709
0.0343558 1.586 0.965973 0.959407 0.972539
0.0346737 1.569 0.970096 0.964068 0.976124
0.0349945 1.594 0.96672 0.960313 0.973126
0.0353183 1.552 0.967248 0.960902 0.973594
0.0356451 1.572 0.969445 0.963371 0.975519
0.0359749 1.557 0.964464 0.958109 0.970819
0.0363078 1.575 0.96628 0.960053 0.972506
0.0366438 1.577 0.964408 0.957931 0.970885
0.0369828 1.598 0.961764 0.955052 0.968477
0.037325 1.617 0.96395 0.957259 0.970642
0.0376704 1.588 0.964683 0.957967 0.9714
0.0380189 1.64 0.958995 0.952076 0.965914
0.0383707 1.642 0.960066 0.953035 0.967098
0.0387258 1.611 0.959097 0.952018 0.966176
0.0390841 1.624 0.961432 0.954527 0.968337
0.0394457 1.61 0.967782 0.961662 0.973901
0.0398107 1.627 0.960209 0.953453 0.966965
0.0401791 1.651 0.963883 0.957436 0.97033
0.0405509 1.673 0.962913 0.956428 0.969398
0.0409261 1.663 0.954291 0.946916 0.961665
0.0413048 1.663 0.956984 0.949902 0.964066
0.0416869 1.671 0.959758 0.952708 0.966809
0.0420727 1.666 0.956376 0.949038 0.963714
0.042462 1.686 0.957309 0.95022 0.964398
0.0428549 1.705 0.957816 0.950637 0.964996
0.0432514 1.656 0.954403 0.946981 0.961824
0.0436516 1.728 0.957762 0.950605 0.964919
0.0440555 1.688 0.955029 0.947802 0.962257
0.0444631 1.723 0.949701 0.941716 0.957687
0.0448745 1.666 0.95915 0.952048 0.966251
0.0452898 1.757 0.952641 0.945116 0.960166
0.0457088 1.74 0.957928 0.950996 0.96486
0.0461318 1.757 0.950784 0.942854 0.958714
0.0465586 1.702 0.9557 0.948467 0.962933
0.0469894 1.679 0.958849 0.951912 0.965787
0.0474242 1.798 0.948284 0.940225 0.956344
0.047863 1.799 0.951261 0.943645 0.958877
0.0483059 1.798 0.951784 0.944433 0.959136
0.0487528 1.738 0.952853 0.945396 0.960311
0.049204 1.819 0.952288 0.944956 0.959621
0.0496592 1.789 0.948203 0.940379 0.956026
0.0501187 1.807 0.954187 0.946943 0.96143
0.0505825 1.855 0.94703 0.939122 0.954938
0.0510505 1.845 0.949412 0.941812 0.957013
0.0515229 1.819 0.942429 0.934072 0.950785
0.0519996 1.849 0.949026 0.941299 0.956752
0.0524807 1.848 0.953498 0.946128 0.960867
0.0529663 1.869 0.947761 0.940157 0.955366
0.0534564 1.814 0.954651 0.947362 0.96194
0.0539511 1.881 0.944459 0.93632 0.952598
0.0544503 1.848 0.951061 0.943449 0.958673
0.0549541 1.86 0.945678 0.93773 0.953625
0.0554626 1.877 0.949698 0.9421 0.957297
0.0559758 1.869 0.946318 0.938202 0.954434
0.0564937 1.871 0.942029 0.933733 0.950326
0.0570164 1.933 0.947665 0.939898 0.955432
0.057544 1.909 0.954435 0.947339 0.961531
0.0580764 1.87 0.947153 0.939253 0.955054
0.0586138 1.967 0.947537 0.939596 0.955479
0.0591562 1.937 0.939246 0.931061 0.947431
0.0597035 1.956 0.938409 0.930043 0.946775
0.060256 1.982 0.936754 0.928073 0.945436
0.0608135 1.988 0.938022 0.929353 0.94669
0.0613762 1.951 0.946303 0.938595 0.954011
0.0619441 2.019 0.93678 0.928227 0.945334
0.0625173 1.998 0.941155 0.933019 0.94929
0.0630957 2.014 0.937394 0.92881 0.945978
0.0636796 2.057 0.946983 0.939519 0.954447
0.0642688 2.018 0.939163 0.930732 0.947593
0.0648634 2.053 0.92617 0.916891 0.935448
0.0654636 2.081 0.929982 0.920945 0.939019
0.0660693 2.096 0.933851 0.925327 0.942376
0.0666807 2.077 0.932056 0.92293 0.941183
0.0672977 2.107 0.938027 0.929683 0.946371
0.0679204 2.085 0.927767 0.918718 0.936816
0.0685488 2.16 0.933574 0.924853 0.942295
0.0691831 2.105 0.930795 0.922059 0.939532
0.0698232 2.127 0.936475 0.928231 0.944719
0.0704693 2.136 0.938645 0.930402 0.946887
0.0711214 2.151 0.928624 0.919608 0.937641
0.0717794 2.208 0.923702 0.914331 0.933074
0.0724436 2.165 0.937725 0.929303 0.946148
0.0731139 2.256 0.927459 0.918532 0.936385
0.0737904 2.222 0.936323 0.927699 0.944947
0.0744732 2.209 0.919117 0.909633 0.928601
0.0751623 2.184 0.931965 0.92318 0.94075
0.0758578 2.218 0.922181 0.913157 0.931206
0.0765597 2.252 0.926798 0.917962 0.935635
0.0772681 2.223 0.92806 0.918893 0.937227
0.077983 2.23 0.923987 0.914619 0.933355
0.0787046 2.278 0.921428 0.912145 0.930711
0.0794328 2.231 0.93637 0.928057 0.944682
0.0801678 2.338 0.926493 0.917619 0.935367
0.0809096 2.239 0.925117 0.915899 0.934334
0.0816582 2.304 0.928983 0.919826 0.93814
0.0824138 2.357 0.922537 0.91345 0.931624
0.0831764 2.406 0.916139 0.906528 0.925751
0.083946 2.352 0.922423 0.913208 0.931639
0.0847227 2.379 0.916626 0.907025 0.926227
0.0855067 2.404 0.918757 0.90951 0.928004
0.0862979 2.391 0.919886 0.910547 0.929225
0.0870964 2.356 0.913685 0.903862 0.923509
0.0879023 2.432 0.913772 0.904049 0.923495
0.0887156 2.433 0.913671 0.903796 0.923546
0.0895365 2.43 0.90597 0.895798 0.916142
0.0903649 2.423 0.920123 0.910748 0.929498
0.0912011 2.41 0.914726 0.9052 0.924252
0.092045 2.433 0.908721 0.898724 0.918719
0.0928966 2.559 0.907672 0.897743 0.917602
0.0937562 2.5 0.913277 0.903574 0.922979
0.0946237 2.496 0.915383 0.905858 0.924908
0.0954993 2.501 0.916103 0.906649 0.925556
0.0963829 2.562 0.910894 0.901111 0.920677
0.0972747 2.56 0.904865 0.894715 0.915015
0.0981748 2.58 0.915907 0.906221 0.925592
0.0990832 2.554 0.908727 0.899016 0.918439
0.1 2.596 0.90723 0.897134 0.917327
0.100925 2.674 0.910013 0.900288 0.919738
0.101859 2.605 0.909414 0.899657 0.919171
0.102802 2.635 0.909041 0.898955 0.919127
0.103753 2.732 0.908495 0.898427 0.918563
0.104713 2.735 0.89788 0.887388 0.908371
0.105682 2.63 0.899854 0.889786 0.909922
0.10666 2.69 0.90834 0.89835 0.91833
0.107647 2.735 0.896991 0.886702 0.90728
0.108643 2.736 0.894536 0.883936 0.905136
0.109648 2.796 0.89909 0.888921 0.90926
0.110662 2.725 0.899601 0.889158 0.910044
0.111686 2.787 0.886619 0.875562 0.897676
0.11272 2.805 0.899097 0.88854 0.909654
0.113763 2.747 0.895556 0.884785 0.906326
0.114815 2.83 0.891759 0.880925 0.902593
0.115878 2.853 0.895492 0.885049 0.905935
0.11695 2.854 0.893063 0.882358 0.903767
0.118032 2.92 0.885893 0.874922 0.896865
0.119124 2.868 0.885242 0.874371 0.896112
0.120226 2.853 0.905295 0.895471 0.915118
0.121339 2.92 0.888672 0.878037 0.899308
0.122462 2.915 0.886411 0.875454 0.897367
0.123595 2.98 0.885151 0.874167 0.896136
0.124738 3.026 0.880307 0.869173 0.891442
0.125893 2.946 0.894218 0.883868 0.904568
0.127057 3.072 0.886936 0.876221 0.89765
0.128233 2.954 0.895113 0.884645 0.905581
0.12942 3.068 0.881549 0.870245 0.892854
0.130617 3.136 0.8926 0.882085 0.903115
0.131826 3.131 0.882229 0.871486 0.892973
0.133045 3.117 0.887794 0.877165 0.898423
0.134276 3.21 0.870708 0.859577 0.881839
0.135519 3.18 0.876889 0.865724 0.888054
0.136773 3.213 0.871006 0.859408 0.882605
0.138038 3.235 0.868624 0.857208 0.880041
0.139316 3.228 0.860823 0.848919 0.872726
0.140605 3.275 0.877745 0.866619 0.888871
0.141906 3.254 0.871561 0.860013 0.883109
0.143219 3.275 0.865232 0.853752 0.876711
0.144544 3.345 0.866947 0.855435 0.878459
0.145881 3.342 0.85592 0.844116 0.867724
0.147231 3.31 0.87615 0.865092 0.887208
0.148594 3.427 0.872524 0.861327 0.88372
0.149968 3.36 0.863067 0.851507 0.874628
0.151356 3.409 0.86182 0.850172 0.873468
0.152757 3.392 0.867061 0.855254 0.878867
0.15417 3.434 0.862659 0.851063 0.874255
0.155597 3.486 0.860142 0.848288 0.871996
0.157036 3.455 0.863199 0.851661 0.874737
0.158489 3.566 0.854761 0.842433 0.867089
0.159956 3.551 0.855367 0.843576 0.867159
0.161436 3.625 0.849551 0.837442 0.86166
0.16293 3.558 0.863993 0.852351 0.875634
0.164437 3.622 0.854556 0.843054 0.866058
0.165959 3.773 0.835423 0.822949 0.847896
0.167494 3.537 0.855983 0.844057 0.86791
0.169044 3.756 0.836543 0.823989 0.849097
0.170608 3.725 0.847643 0.83556 0.859726
0.172187 3.795 0.849739 0.83784 0.861637
0.17378 3.692 0.845956 0.833496 0.858415
0.175388 3.891 0.839789 0.827404 0.852175
0.177011 3.775 0.839276 0.826996 0.851557
0.178649 3.804 0.832636 0.820406 0.844865
0.180302 3.907 0.853899 0.842083 0.865715
0.18197 3.918 0.839457 0.827116 0.851797
0.183654 3.978 0.835063 0.82283 0.847296
0.185353 4.003 0.829076 0.816757 0.841395
0.187068 3.974 0.834949 0.822475 0.847422
0.188799 3.975 0.8365 0.824331 0.84867
0.190546 4.047 0.825693 0.812879 0.838507
0.192309 3.887 0.843656 0.831645 0.855667
0.194089 4.141 0.828626 0.816211 0.841041
0.195884 4.088 0.82648 0.813956 0.839004
0.197697 4.032 0.820153 0.807056 0.83325
0.199526 4.229 0.815718 0.802711 0.828725
0.201372 4.199 0.828037 0.81543 0.840645
0.203236 4.211 0.821663 0.808938 0.834388
0.205116 4.25 0.827706 0.815345 0.840067
0.207014 4.274 0.820848 0.808023 0.833674
0.20893 4.379 0.816304 0.803677 0.828931
0.210863 4.336 0.824879 0.812471 0.837287
0.212814 4.389 0.807872 0.794785 0.820959
0.214783 4.403 0.815074 0.802486 0.827661
0.21677 4.375 0.82241 0.809725 0.835094
0.218776 4.508 0.813193 0.800294 0.826092
0.2208 4.476 0.807707 0.794839 0.820574
0.222844 4.508 0.815963 0.803329 0.828596
0.224905 4.541 0.798817 0.785569 0.812065
0.226986 4.63 0.810293 0.797155 0.82343
0.229087 4.742 0.791982 0.778604 0.80536
0.231206 4.668 0.79479 0.781816 0.807764
0.233346 4.624 0.803049 0.790016 0.816081
0.235505 4.695 0.800134 0.787071 0.813197
0.237684 4.787 0.791096 0.777993 0.804198
0.239883 4.849 0.811138 0.798388 0.823888
0.242103 4.887 0.791431 0.778177 0.804684
0.244343 4.926 0.787739 0.774413 0.801066
0.246604 4.878 0.79579 0.782564 0.809016
0.248886 4.892 0.797173 0.783978 0.810368
0.251189 4.89 0.787504 0.774179 0.800829
0.253513 5.062 0.787455 0.774398 0.800511
0.255859 5.113 0.782126 0.768786 0.795467
0.258226 5.135 0.78202 0.768635 0.795405
0.260615 5.161 0.77805 0.764669 0.791431
0.263027 5.16 0.77859 0.765376 0.791803
0.265461 5.162 0.773376 0.759824 0.786929
0.267917 5.27 0.778623 0.764866 0.79238
0.270396 5.338 0.772898 0.759323 0.786472
0.272898 5.329 0.780725 0.767535 0.793915
0.275423 5.317 0.777422 0.764105 0.79074
0.277971 5.336 0.766912 0.753372 0.780452
0.280543 5.43 0.758794 0.745193 0.772395
0.283139 5.414 0.770963 0.757476 0.784449
0.285759 5.607 0.755952 0.742438 0.769466
0.288403 5.593 0.763766 0.749924 0.777608
0.291072 5.568 0.765053 0.751363 0.778744
0.293765 5.668 0.759156 0.745381 0.772931
0.296483 5.719 0.74789 0.73415 0.76163
0.299226 5.746 0.752307 0.738399 0.766214
0.301995 5.746 0.739797 0.725966 0.753627
0.304789 5.8 0.746695 0.733125 0.760266
0.30761 5.768 0.752326 0.738722 0.76593
0.310456 5.826 0.750145 0.736265 0.764024
0.313329 5.916 0.746091 0.732555 0.759628
0.316228 6.012 0.738224 0.724456 0.751992
0.319154 5.917 0.752005 0.738083 0.765926
0.322107 6.076 0.738077 0.724098 0.752055
0.325087 6.218 0.728968 0.714965 0.74297
0.328095 6.062 0.737724 0.723774 0.751674
0.331131 6.161 0.734614 0.720752 0.748475
0.334195 6.183 0.730766 0.716872 0.744661
0.337287 6.363 0.715378 0.701553 0.729204
0.340408 6.341 0.729774 0.71592 0.743629
0.343558 6.467 0.729131 0.715399 0.742863
0.346737 6.403 0.71655 0.702493 0.730607
0.349945 6.282 0.72702 0.713077 0.740963
0.353183 6.422 0.725384 0.711425 0.739343
0.356451 6.418 0.725128 0.711276 0.73898
0.359749 6.524 0.719534 0.705426 0.733642
0.363078 6.622 0.707596 0.693659 0.721533
0.366438 6.714 0.708692 0.694919 0.722465
0.369828 6.701 0.710176 0.69614 0.724212
0.37325 6.804 0.703285 0.689184 0.717386
0.376704 6.788 0.707366 0.693251 0.72148
0.380189 6.918 0.70361 0.689692 0.717528
0.383707 6.894 0.691117 0.676944 0.70529
0.387258 6.952 0.704791 0.69065 0.718932
0.390841 7.013 0.687817 0.673937 0.701697
0.394457 7.105 0.699018 0.684699 0.713337
0.398107 7.095 0.696178 0.682128 0.710228
0.401791 7.186 0.670233 0.65616 0.684305
0.405509 7.246 0.681276 0.667161 0.695392
0.409261 7.331 0.668464 0.654249 0.682679
0.413048 7.249 0.682311 0.667952 0.69667
0.416869 7.473 0.670362 0.655967 0.684756
0.420727 7.308 0.678834 0.664656 0.693012
0.42462 7.431 0.687482 0.67335 0.701614
0.428549 7.466 0.677161 0.663251 0.691071
0.432514 7.446 0.679679 0.66575 0.693607
0.436516 7.63 0.66388 0.649417 0.678343
0.440555 7.49 0.667786 0.653269 0.682303
0.444631 7.747 0.652451 0.638437 0.666465
0.448745 7.734 0.661968 0.647659 0.676277
0.452898 7.658 0.667541 0.65313 0.681952
0.457088 7.707 0.665195 0.651101 0.679289
0.461318 7.894 0.660635 0.646457 0.674812
0.465586 7.9 0.648182 0.634136 0.662228
0.469894 7.982 0.653197 0.639131 0.667263
0.474242 8.034 0.63879 0.625031 0.65255
0.47863 8.084 0.663679 0.64932 0.678038
0.483059 7.996 0.652756 0.638628 0.666884
0.487528 8.145 0.641698 0.627446 0.65595
0.49204 8.114 0.639374 0.625553 0.653194
0.496592 8.15 0.647489 0.633131 0.661848
0.501187 8.174 0.641462 0.627286 0.655638
0.505825 8.307 0.645173 0.631024 0.659322
0.510505 8.292 0.621804 0.607442 0.636165
0.515229 8.493 0.621888 0.607944 0.635832
0.519996 8.451 0.628175 0.614257 0.642093
0.524807 8.507 0.614446 0.600356 0.628537
0.529663 8.514 0.618116 0.604267 0.631965
0.534564 8.586 0.614429 0.599842 0.629016
0.539511 8.642 0.593367 0.579738 0.606997
0.544503 8.696 0.615017 0.601015 0.629018
0.549541 8.767 0.603984 0.590294 0.617674
0.554626 8.679 0.616221 0.602559 0.629883
0.559758 8.742 0.605871 0.591762 0.61998
0.564937 8.792 0.609917 0.596134 0.6237
0.570164 8.846 0.59763 0.583707 0.611552
0.57544 8.977 0.58875 0.57523 0.602271
0.580764 8.906 0.591951 0.57845 0.605451
0.586138 8.95 0.583981 0.570483 0.597478
0.591562 8.94 0.583584 0.569792 0.597376
0.597035 9.086 0.590945 0.576957 0.604932
0.60256 8.993 0.574216 0.560553 0.587879
0.608135 9.019 0.591802 0.577648 0.605957
0.613762 9.109 0.575129 0.561249 0.589008
0.619441 9.129 0.581069 0.567175 0.594963
0.625173 9.127 0.573264 0.559387 0.587141
0.630957 9.192 0.563707 0.549819 0.577595
0.636796 9.267 0.568958 0.555034 0.582883
0.642688 9.215 0.576467 0.562894 0.59004
0.648634 9.274 0.553354 0.539579 0.567129
0.654636 9.272 0.563861 0.550032 0.577689
0.660693 9.373 0.557578 0.544004 0.571151
0.666807 9.382 0.555209 0.541645 0.568773
0.672977 9.411 0.558169 0.544496 0.571841
0.679204 9.37 0.554936 0.541153 0.56872
0.685488 9.453 0.554145 0.5409 0.567389
0.691831 9.476 0.542487 0.528869 0.556105
0.698232 9.443 0.549094 0.53568 0.562508
0.704693 9.516 0.538964 0.525753 0.552176
0.711214 9.566 0.544894 0.531854 0.557934
0.717794 9.521 0.541289 0.527933 0.554644
0.724436 9.553 0.5179 0.50455 0.53125
0.731139 9.618 0.524155 0.510956 0.537353
0.737904 9.646 0.524732 0.511539 0.537925
0.744732 9.672 0.51462 0.501598 0.527642
0.751623 9.646 0.529077 0.51576 0.542394
0.758578 9.676 0.516644 0.50358 0.529707
0.765597 9.685 0.512649 0.499885 0.525413
0.772681 9.726 0.505718 0.492463 0.518973
0.77983 9.719 0.518159 0.505289 0.531029
0.787046 9.742 0.520759 0.507213 0.534304
0.794328 9.748 0.505673 0.492808 0.518538
0.801678 9.758 0.498001 0.485163 0.51084
0.809096 9.788 0.502062 0.48948 0.514645
0.816582 9.754 0.498817 0.486346 0.511288
0.824138 9.841 0.498579 0.485691 0.511467
0.831764 9.827 0.494083 0.481307 0.506859
0.83946 9.871 0.480416 0.467927 0.492905
0.847227 9.812 0.489553 0.476527 0.502579
0.855067 9.866 0.482185 0.469864 0.494507
0.862979 9.842 0.49016 0.477259 0.503062
0.870964 9.849 0.480892 0.468523 0.493261
0.879023 9.879 0.468806 0.456654 0.480959
0.887156 9.858 0.473772 0.461281 0.486264
0.895365 9.897 0.4686 0.456519 0.480681
0.903649 9.897 0.466582 0.454308 0.478856
0.912011 9.923 0.471799 0.459279 0.484319
0.92045 9.908 0.465431 0.453077 0.477785
0.928966 9.929 0.460175 0.447896 0.472454
0.937562 9.912 0.45836 0.446019 0.470701
0.946237 9.936 0.456479 0.444494 0.468463
0.954993 9.936 0.453252 0.441155 0.465349
0.963829 9.953 0.457859 0.445822 0.469896
0.972747 9.944 0.449315 0.437204 0.461427
0.981748 9.952 0.450498 0.438437 0.462559
0.990832 9.959 0.437567 0.425976 0.449159
1 9.942 0.429871 0.418408 0.441334
1.00925 9.957 0.429078 0.417737 0.44042
1.01859 9.982 0.43902 0.42758 0.450461
1.02802 9.957 0.433958 0.422429 0.445487
1.03753 9.965 0.439358 0.427699 0.451016
1.04713 9.972 0.424704 0.413539 0.435869
1.05682 9.98 0.416532 0.405537 0.427527
1.0666 9.972 0.418673 0.407685 0.42966
1.07647 9.973 0.410443 0.39966 0.421226
1.08643 9.974 0.410599 0.399457 0.421741
1.09648 9.983 0.414695 0.403161 0.426228
1.10662 9.981 0.403421 0.392517 0.414325
1.11686 9.977 0.407121 0.3959 0.418341
1.1272 9.983 0.394856 0.384166 0.405547
1.13763 9.995 0.399171 0.388513 0.40983
1.14815 9.986 0.394449 0.383928 0.404971
1.15878 9.991 0.398176 0.387318 0.409033
1.1695 9.994 0.396295 0.385301 0.407289
1.18032 9.989 0.384868 0.374573 0.395162
1.19124 9.999 0.379662 0.369168 0.390156
1.20226 9.992 0.373359 0.363627 0.383092
1.21339 9.991 0.39412 0.383694 0.404545
1.22462 9.997 0.385202 0.374726 0.395677
1.23595 9.994 0.364738 0.354961 0.374515
1.24738 9.993 0.377795 0.367488 0.388103
1.25893 9.997 0.371074 0.360881 0.381266
1.27057 9.999 0.367846 0.357956 0.377737
1.28233 9.993 0.369521 0.35956 0.379482
1.2942 9.996 0.368448 0.358492 0.378404
1.30617 9.994 0.357989 0.348 0.367979
1.31826 9.998 0.364368 0.354692 0.374044
1.33045 9.997 0.363229 0.353152 0.373306
1.34276 9.999 0.361938 0.352219 0.371658
1.35519 9.998 0.356193 0.346889 0.365497
1.36773 9.998 0.350698 0.341469 0.359927
1.38038 10 0.351093 0.341341 0.360846
1.39316 9.998 0.34932 0.339933 0.358707
1.40605 9.999 0.342984 0.333495 0.352473
1.41906 9.999 0.344775 0.335453 0.354097
1.43219 10 0.340273 0.330802 0.349744
1.44544 9.998 0.337008 0.327748 0.346269
1.45881 10 0.330727 0.321736 0.339718
1.47231 10 0.330275 0.321389 0.339161
1.48594 10 0.323332 0.314533 0.33213
1.49968 10 0.323699 0.314798 0.3326
1.51356 10 0.32699 0.318341 0.33564
1.52757 10 0.322412 0.313535 0.33129
1.5417 10 0.31714 0.308623 0.325657
1.55597 10 0.322664 0.313716 0.331611
1.57036 9.999 0.31079 0.302387 0.319194
1.58489 10 0.314189 0.305591 0.322787
1.59956 10 0.311313 0.3028 0.319826
1.61436 10 0.304879 0.297025 0.312733
1.6293 9.999 0.312224 0.303575 0.320873
1.64437 10 0.298481 0.290374 0.306588
1.65959 10 0.315174 0.306978 0.32337
1.67494 10 0.300645 0.292319 0.308972
1.69044 10 0.295731 0.287771 0.303691
1.70608 10 0.292322 0.284488 0.300156
1.72187 10 0.290748 0.28318 0.298316
1.7378 10 0.288166 0.280477 0.295856
1.75388 10 0.296316 0.288475 0.304158
1.77011 10 0.282731 0.275397 0.290066
1.78649 10 0.281137 0.273801 0.288473
1.80302 10 0.276176 0.269076 0.283276
1.8197 10 0.276 0.268726 0.283274
1.83654 10 0.272782 0.265505 0.280059
1.85353 10 0.277782 0.270584 0.284981
1.87068 10 0.268899 0.262348 0.27545
1.88799 10 0.26733 0.260861 0.273799
1.90546 10 0.269484 0.262805 0.276164
1.92309 10 0.267773 0.260721 0.274824
1.94089 10 0.268731 0.261969 0.275492
1.95884 10 0.264224 0.257457 0.270991
1.97697 10 0.255046 0.248657 0.261436
1.99526 10 0.259436 0.252911 0.265962
2.01372 10 0.257679 0.251518 0.26384
2.03236 10 0.249052 0.242905 0.2552
2.05116 10 0.250505 0.244331 0.256679
2.07014 10 0.251209 0.244593 0.257826
2.0893 10 0.251273 0.244885 0.257661
2.10863 10 0.247306 0.241021 0.25359
2.12814 10 0.243867 0.237254 0.25048
2.14783 10 0.244686 0.238633 0.25074
2.1677 10 0.2393 0.233333 0.245266
2.18776 10 0.24406 0.237834 0.250287
2.208 10 0.232183 0.226585 0.237781
2.22844 10 0.237664 0.231833 0.243494
2.24905 10 0.231003 0.225589 0.236417
2.26986 10 0.235318 0.229596 0.24104
2.29087 10 0.232391 0.227088 0.237693
2.31206 10 0.226781 0.221133 0.23243
2.33346 10 0.224281 0.219364 0.229199
2.35505 10 0.223235 0.217727 0.228742
2.37684 10 0.222385 0.217076 0.227695
2.39883 10 0.227181 0.221983 0.232378
2.42103 10 0.222125 0.21654 0.22771
2.44343 10 0.218209 0.213248 0.223171
2.46604 10 0.220361 0.21536 0.225363
2.48886 10 0.216812 0.21194 0.221684
2.51189 10 0.213532 0.208957 0.218108
2.53513 10 0.210271 0.205854 0.214688
2.55859 10 0.214046 0.209118 0.218974
2.58226 10 0.212252 0.207162 0.217343
2.60615 10 0.210214 0.205565 0.214863
2.63027 10 0.207537 0.2026 0.212473
2.65461 10 0.203953 0.199408 0.208498
2.67917 10 0.20368 0.199277 0.208083
2.70396 10 0.203131 0.198272 0.207989
2.72898 10 0.201301 0.196883 0.20572
2.75423 10 0.199797 0.19544 0.204153
2.77971 10 0.20085 0.196558 0.205143
2.80543 10 0.196545 0.192299 0.200791
2.83139 10 0.194447 0.190358 0.198535
2.85759 10 0.196845 0.192265 0.201426
2.88403 10 0.192784 0.188489 0.197078
2.91072 10 0.190682 0.186719 0.194646
2.93765 10 0.184765 0.181023 0.188506
2.96483 10 0.185168 0.181678 0.188657
2.99226 10 0.18838 0.184465 0.192295
3.01995 10 0.184424 0.180724 0.188124
3.04789 10 0.182098 0.178508 0.185688
3.0761 10 0.182069 0.178625 0.185513
3.10456 10 0.179969 0.176624 0.183313
3.13329 10 0.182183 0.178562 0.185804
3.16228 10 0.181898 0.178239 0.185557
3.19154 10 0.177514 0.174196 0.180831
3.22107 10 0.175797 0.172467 0.179128
3.25087 10 0.177695 0.174262 0.181129
3.28095 10 0.175522 0.171956 0.179087
3.31131 10 0.17367 0.170621 0.176719
3.34195 10 0.174254 0.170613 0.177895
3.37287 10 0.171003 0.168012 0.173995
3.40408 10 0.170601 0.167251 0.173951
3.43558 10 0.167243 0.164288 0.170197
3.46737 10 0.169116 0.165855 0.172378
3.49945 10 0.167579 0.164557 0.170602
3.53183 10 0.167212 0.164202 0.170222
3.56451 10 0.164832 0.161907 0.167757
3.59749 10 0.162439 0.159761 0.165116
3.63078 10 0.165901 0.162868 0.168933
3.66438 10 0.164551 0.161799 0.167302
3.69828 10 0.159397 0.156885 0.16191
3.7325 10 0.160338 0.157767 0.162908
3.76704 10 0.159837 0.15731 0.162363
3.80189 10 0.158016 0.155422 0.160611
3.83707 10 0.157013 0.154669 0.159358
3.87258 10 0.159739 0.156905 0.162573
3.90841 10 0.153831 0.151491 0.156171
3.94457 10 0.15628 0.153857 0.158703
3.98107 10 0.153086 0.150805 0.155368
4.01791 10 0.153343 0.150996 0.15569
4.05509 10 0.152322 0.150199 0.154446
4.09261 10 0.15309 0.150555 0.155624
4.13048 10 0.150123 0.147962 0.152283
4.16869 10 0.151547 0.149248 0.153846
4.20727 10 0.150423 0.148148 0.152698
4.2462 10 0.148033 0.145801 0.150265
4.28549 10 0.146604 0.14455 0.148657
4.32514 10 0.145729 0.143895 0.147563
4.36516 10 0.146821 0.144754 0.148888
4.40555 10 0.144126 0.142219 0.146034
4.44631 10 0.143491 0.141565 0.145417
4.48745 10 0.143129 0.141263 0.144996
4.52898 10 0.142293 0.140373 0.144214
4.57088 10 0.14217 0.140102 0.144238
4.61318 10 0.142465 0.140463 0.144468
4.65586 10 0.1406 0.138786 0.142415
4.69894 10 0.14031 0.138562 0.142057
4.74242 10 0.139693 0.138006 0.141379
4.7863 10 0.138888 0.137205 0.140571
4.83059 10 0.13803 0.136198 0.139862
4.87528 10 0.137063 0.135427 0.138698
4.9204 10 0.136355 0.134767 0.137942
4.96592 10 0.136275 0.134693 0.137858
5.01187 10 0.13601 0.134433 0.137588
5.05825 10 0.135029 0.133403 0.136655
5.10505 10 0.134851 0.133295 0.136407
5.15229 10 0.133753 0.132277 0.135229
5.19996 10 0.131785 0.13039 0.133179
5.24807 10 0.13217 0.130824 0.133516
5.29663 10 0.132101 0.130701 0.133501
5.34564 10 0.131866 0.130513 0.133219
5.39511 10 0.131704 0.130368 0.133041
5.44503 10 0.131173 0.129714 0.132631
5.49541 10 0.130658 0.129342 0.131974
5.54626 10 0.129289 0.127948 0.130629
5.59758 10 0.128256 0.127 0.129511
5.64937 10 0.128692 0.127421 0.129962
5.70164 10 0.127871 0.126566 0.129175
5.7544 10 0.126147 0.125022 0.127272
5.80764 10 0.125926 0.124857 0.126995
5.86138 10 0.127035 0.125753 0.128316
5.91562 10 0.125957 0.124827 0.127087
5.97035 10 0.126216 0.125057 0.127374
6.0256 10 0.125819 0.124678 0.12696
6.08135 10 0.12439 0.123333 0.125447
6.13762 10 0.124604 0.123581 0.125627
6.19441 10 0.124507 0.123383 0.125631
6.25173 10 0.12437 0.123305 0.125436
6.30957 10 0.123329 0.12226 0.124399
6.36796 10 0.122726 0.121736 0.123716
6.42688 10 0.123029 0.121925 0.124132
6.48634 10 0.121161 0.120286 0.122036
6.54636 10 0.121712 0.120725 0.122699
6.60693 10 0.121427 0.120485 0.122369
6.66807 10 0.120748 0.119878 0.121617
6.72977 10 0.120875 0.119946 0.121804
6.79204 10 0.121296 0.120315 0.122278
6.85488 10 0.119763 0.118861 0.120665
6.91831 10 0.119096 0.118225 0.119967
6.98232 10 0.118557 0.117738 0.119376
7.04693 10 0.118827 0.118015 0.119638
7.11214 10 0.11853 0.117653 0.119408
7.17794 10 0.118051 0.117283 0.118819
7.24436 10 0.118195 0.117356 0.119035
7.31139 10 0.117745 0.116966 0.118523
7.37904 10 0.117691 0.116912 0.118471
7.44732 10 0.117096 0.116371 0.117821
7.51623 10 0.117278 0.116553 0.118003
7.58578 10 0.117642 0.116812 0.118472
7.65597 10 0.116088 0.115366 0.116809
7.72681 10 0.115601 0.114865 0.116338
7.7983 10 0.115942 0.115223 0.11666
7.87046 10 0.115038 0.114376 0.1157
7.94328 10 0.114693 0.11405 0.115336
8.01678 10 0.114884 0.11423 0.115538
8.09096 10 0.11433 0.113694 0.114966
8.16582 10 0.114325 0.113688 0.114961
8.24138 10 0.114158 0.113524 0.114793
8.31764 10 0.113784 0.113193 0.114376
8.3946 10 0.113435 0.112854 0.114017
8.47227 10 0.11291 0.112366 0.113455
8.55067 10 0.112741 0.112184 0.113298
8.62979 10 0.112667 0.112152 0.113181
8.70964 10 0.112685 0.112063 0.113307
8.79023 10 0.112277 0.111737 0.112816
8.87156 10 0.111968 0.111439 0.112497
8.95365 10 0.112021 0.11151 0.112533
9.03649 10 0.111847 0.111299 0.112396
9.12011 10 0.112096 0.111528 0.112663
9.2045 10 0.111191 0.110691 0.111691
9.28966 10 0.111034 0.11055 0.111517
9.37562 10 0.111009 0.110526 0.111492
9.46237 10 0.110756 0.110299 0.111214
9.54993 10 0.110561 0.110088 0.111034
9.63829 10 0.110747 0.110283 0.111212
9.72747 10 0.110213 0.109756 0.110671
9.81748 10 0.110222 0.109747 0.110698
9.90832 10 0.109869 0.109433 0.110304
10 10 0.10991 0.109473 0.110348
10.0925 10 0.109709 0.109283 0.110136
10.1859 10 0.109152 0.108745 0.109559
10.2802 10 0.108499 0.108137 0.10886
10.3753 10 0.1088 0.108439 0.109162
10.4713 10 0.108751 0.10837 0.109132
10.5682 10 0.108713 0.108331 0.109095
10.666 10 0.108576 0.108212 0.10894
10.7647 10 0.108554 0.108187 0.108922
10.8643 10 0.108329 0.107967 0.10869
10.9648 10 0.10812 0.107775 0.108465
11.0662 10 0.107971 0.107634 0.108308
11.1686 10 0.107771 0.107406 0.108136
11.272 10 0.107858 0.107497 0.108219
11.3763 10 0.107601 0.107247 0.107954
11.4815 10 0.107177 0.106855 0.107499
11.5878 10 0.106918 0.106614 0.107221
11.695 10 0.106897 0.106575 0.107219
11.8032 10 0.106883 0.106579 0.107186
11.9124 10 0.106784 0.106476 0.107091
12.0226 10 0.106466 0.1062 0.106731
12.1339 10 0.106549 0.106264 0.106834
12.2462 10 0.106466 0.106179 0.106753
12.3595 10 0.106452 0.106168 0.106736
12.4738 10 0.106166 0.105885 0.106448
12.5893 10 0.106215 0.105905 0.106524
12.7057 10 0.106171 0.105914 0.106429
12.8233 10 0.105923 0.105656 0.10619
12.942 10 0.10579 0.105523 0.106057
13.0617 10 0.105673 0.105414 0.105932
13.1826 10 0.105346 0.105122 0.10557
13.3045 10 0.105552 0.105276 0.105828
13.4276 10 0.105441 0.10521 0.105672
13.5519 10 0.105247 0.105013 0.105481
13.6773 10 0.105218 0.104993 0.105443
13.8038 10 0.10505 0.104837 0.105263
13.9316 10 0.104905 0.104676 0.105134
14.0605 10 0.104802 0.104585 0.105018
14.1906 10 0.104752 0.10454 0.104965
14.3219 10 0.104743 0.104518 0.104969
14.4544 10 0.104665 0.104463 0.104866
14.5881 10 0.10474 0.10453 0.104949
14.7231 10 0.104569 0.104361 0.104776
14.8594 10 0.10447 0.104272 0.104668
14.9968 10 0.104393 0.104204 0.104581
15.1356 10 0.104169 0.103979 0.10436
15.2757 10 0.104242 0.104064 0.10442
15.417 10 0.104066 0.103881 0.10425
15.5597 10 0.103967 0.103799 0.104136
15.7036 10 0.103993 0.103815 0.104171
15.8489 10 0.103949 0.103775 0.104123
15.9956 10 0.103689 0.103523 0.103854
16.1436 10 0.103787 0.103609 0.103964
16.293 10 0.10383 0.103661 0.103998
16.4437 10 0.103704 0.103531 0.103878
16.5959 10 0.103417 0.103262 0.103572
16.7494 10 0.103369 0.103224 0.103514
16.9044 10 0.103437 0.103291 0.103583
17.0608 10 0.103352 0.103212 0.103491
17.2187 10 0.103268 0.103118 0.103417
17.378 10 0.103252 0.103104 0.1034
17.5388 10 0.103184 0.103048 0.103321
17.7011 10 0.103131 0.102997 0.103265
17.8649 10 0.103092 0.102955 0.103229
18.0302 10 0.103015 0.102883 0.103147
18.197 10 0.102925 0.102791 0.10306
18.3654 10 0.102929 0.102797 0.103061
18.5353 10 0.102872 0.102739 0.103005
18.7068 10 0.10282 0.102696 0.102944
18.8799 10 0.102606 0.10249 0.102723
19.0546 10 0.102687 0.102569 0.102805
19.2309 10 0.102626 0.102509 0.102742
19.4089 10 0.10256 0.10244 0.102679
19.5884 10 0.102665 0.102544 0.102786
19.7697 10 0.102436 0.102332 0.10254
19.9526 10 0.102471 0.102364 0.102577
20.1372 10 0.102445 0.102327 0.102562
20.3236 10 0.102372 0.102268 0.102475
20.5116 10 0.102467 0.102343 0.10259
20.7014 10 0.102199 0.102103 0.102294
20.893 10 0.102271 0.102168 0.102375
21.0863 10 0.102224 0.102125 0.102323
21.2814 10 0.10221 0.102116 0.102305
21.4783 10 0.102068 0.101974 0.102163
21.677 10 0.102057 0.101969 0.102146
21.8776 10 0.10205 0.101958 0.102141
22.08 10 0.101979 0.101882 0.102075
22.2844 10 0.102012 0.101924 0.102099
22.4905 10 0.101982 0.101888 0.102076
22.6986 10 0.10202 0.10193 0.102111
22.9087 10 0.101869 0.101785 0.101953
23.1206 10 0.101813 0.101729 0.101897
23.3346 10 0.101861 0.101779 0.101943
23.5505 10 0.101751 0.101671 0.10183
23.7684 10 0.101791 0.101709 0.101873
23.9883 10 0.101712 0.101633 0.101791
24.2103 10 0.1017 0.101625 0.101775
24.4343 10 0.101595 0.101523 0.101667
24.6604 10 0.101609 0.10154 0.101678
24.8886 10 0.101586 0.101516 0.101656
25.1189 10 0.101568 0.101503 0.101633
25.3513 10 0.101546 0.101472 0.10162
25.5859 10 0.101465 0.101398 0.101531
25.8226 10 0.101503 0.101438 0.101567
26.0615 10 0.101506 0.101434 0.101578
26.3027 10 0.101502 0.101436 0.101569
26.5461 10 0.101416 0.101353 0.101479
26.7917 10 0.101398 0.101337 0.10146
27.0396 10 0.10133 0.101271 0.10139
27.2898 10 0.101323 0.101266 0.10138
27.5423 10 0.10124 0.101186 0.101294
27.7971 10 0.101294 0.101234 0.101353
28.0543 10 0.101282 0.101223 0.101341
28.3139 10 0.101179 0.101126 0.101232
28.5759 10 0.101209 0.101158 0.101259
28.8403 10 0.101124 0.101076 0.101173
29.1072 10 0.101166 0.101112 0.101219
29.3765 10 0.101174 0.101121 0.101227
29.6483 10 0.101154 0.101103 0.101205
29.9226 10 0.101129 0.101078 0.101181
30.1995 10 0.101138 0.101088 0.101188
30.4789 10 0.101008 0.100968 0.101048
30.761 10 0.101033 0.100989 0.101077
31.0456 10 0.101041 0.10099 0.101093
31.3329 10 0.101011 0.100966 0.101057
31.6228 10 0.101007 0.100962 0.101052
31.9154 10 0.10096 0.100916 0.101004
32.2107 10 0.100975 0.100933 0.101018
32.5087 10 0.100918 0.100875 0.100961
32.8095 10 0.100887 0.100848 0.100926
33.1131 10 0.100898 0.100859 0.100938
33.4195 10 0.100906 0.100868 0.100945
33.7287 10 0.100872 0.100831 0.100912
34.0408 10 0.100858 0.100819 0.100896
34.3558 10 0.100815 0.10078 0.100851
34.6737 10 0.100823 0.100786 0.10086
34.9945 10 0.1008 0.100765 0.100835
35.3183 10 0.100788 0.100756 0.100821
35.6451 10 0.100757 0.100722 0.100792
35.9749 10 0.100765 0.10073 0.100801
36.3078 10 0.100727 0.100694 0.10076
36.6438 10 0.100725 0.100694 0.100757
36.9828 10 0.100744 0.100713 0.100776
37.325 10 0.100688 0.100657 0.100718
37.6704 10 0.100686 0.100656 0.100716
38.0189 10 0.100685 0.100655 0.100716
38.3707 10 0.100661 0.100633 0.10069
38.7258 10 0.100648 0.10062 0.100676
39.0841 10 0.100639 0.100612 0.100667
39.4457 10 0.100645 0.100617 0.100673
39.8107 10 0.100648 0.10062 0.100677
40.1791 10 0.100618 0.100589 0.100647
40.5509 10 0.100596 0.100571 0.100621
40.9261 10 0.100608 0.10058 0.100636
41.3048 10 0.100554 0.10053 0.100578
41.6869 10 0.10059 0.100563 0.100617
42.0727 10 0.10054 0.100517 0.100563
42.462 10 0.10056 0.100536 0.100584
42.8549 10 0.100521 0.100496 0.100546
43.2514 10 0.100534 0.100511 0.100558
43.6516 10 0.100501 0.100479 0.100522
44.0555 10 0.100522 0.100499 0.100545
44.4631 10 0.100495 0.100474 0.100516
44.8745 10 0.100481 0.100459 0.100502
45.2898 10 0.100483 0.100462 0.100504
45.7088 10 0.10048 0.100459 0.100501
46.1318 10 0.100467 0.100446 0.100488
46.5586 10 0.100457 0.100437 0.100478
46.9894 10 0.100456 0.100434 0.100477
47.4242 10 0.100428 0.100409 0.100447
47.863 10 0.10043 0.100411 0.100449
48.3059 10 0.100421 0.100402 0.100439
48.7528 10 0.100414 0.100395 0.100432
49.204 10 0.100409 0.100391 0.100427
49.6592 10 0.100405 0.100387 0.100422
50.1187 10 0.100399 0.100381 0.100417
50.5825 10 0.100385 0.100368 0.100402
51.0505 10 0.100388 0.10037 0.100405
51.5229 10 0.100369 0.100352 0.100386
51.9996 10 0.100368 0.100351 0.100384
52.4807 10 0.100374 0.100358 0.100391
52.9663 10 0.100353 0.100338 0.100368
53.4564 10 0.100341 0.100326 0.100355
53.9511 10 0.100335 0.10032 0.100349
54.4503 10 0.100344 0.100328 0.100359
54.9541 10 0.100313 0.100299 0.100327
55.4626 10 0.100328 0.100313 0.100343
55.9758 10 0.10032 0.100305 0.100335
56.4937 10 0.100317 0.100303 0.100332
57.0164 10 0.100309 0.100295 0.100323
57.544 10 0.100304 0.10029 0.100317
58.0764 10 0.100294 0.100281 0.100308
58.6138 10 0.100283 0.10027 0.100296
59.1562 10 0.100284 0.100271 0.100296
59.7035 10 0.100279 0.100266 0.100291
60.256 10 0.100262 0.100251 0.100274
60.8135 10 0.100256 0.100244 0.100267
61.3762 10 0.10025 0.10024 0.100261
61.9441 10 0.100252 0.10024 0.100264
62.5173 10 0.100252 0.100241 0.100262
63.0957 10 0.100245 0.100235 0.100255
63.6796 10 0.100239 0.100228 0.10025
64.2688 10 0.100241 0.10023 0.100251
64.8634 10 0.10024 0.10023 0.10025
65.4636 10 0.100222 0.100212 0.100233
66.0693 10 0.100219 0.10021 0.100229
66.6807 10 0.100219 0.100209 0.100229
67.2977 10 0.100212 0.100202 0.100222
67.9204 10 0.100218 0.100208 0.100228
68.5488 10 0.100211 0.100202 0.10022
69.1831 10 0.10021 0.1002 0.100219
69.8232 10 0.100199 0.100191 0.100208
70.4693 10 0.100199 0.10019 0.100208
71.1214 10 0.100204 0.100195 0.100213
71.7794 10 0.100186 0.100178 0.100195
72.4436 10 0.100191 0.100182 0.100199
73.1139 10 0.10018 0.100172 0.100188
73.7904 10 0.100183 0.100175 0.100191
74.4732 10 0.100179 0.100171 0.100188
75.1623 10 0.100172 0.100165 0.10018
75.8578 10 0.100162 0.100155 0.100169
76.5597 10 0.100169 0.100161 0.100176
77.2681 10 0.100169 0.100161 0.100176
77.983 10 0.100165 0.100157 0.100172
78.7046 10 0.100164 0.100157 0.100172
79.4328 10 0.100155 0.100149 0.100162
80.1678 10 0.100155 0.100148 0.100162
80.9096 10 0.100149 0.100143 0.100156
81.6582 10 0.100148 0.100141 0.100154
82.4138 10 0.100148 0.100142 0.100155
83.1764 10 0.100145 0.100138 0.100151
83.946 10 0.100143 0.100137 0.10015
84.7227 10 0.10014 0.100134 0.100146
85.5067 10 0.100142 0.100135 0.100148
86.2979 10 0.100131 0.100126 0.100137
87.0964 10 0.10013 0.100124 0.100136
87.9023 10 0.100137 0.10013 0.100143
88.7156 10 0.100121 0.100116 0.100126
89.5365 10 0.100125 0.100119 0.100131
90.3649 10 0.100119 0.100114 0.100125
91.2011 10 0.100126 0.10012 0.100131
92.045 10 0.100119 0.100114 0.100125
92.8966 10 0.100123 0.100118 0.100129
93.7562 10 0.100111 0.100106 0.100116
94.6237 10 0.100111 0.100106 0.100115
95.4993 10 0.100111 0.100106 0.100117
96.3829 10 0.100105 0.100101 0.10011
97.2747 10 0.100101 0.100097 0.100106
98.1748 10 0.100103 0.100098 0.100108
99.0832 10 0.100101 0.100096 0.100106
