//tau lambda mean lower_bound upper_bound
0.01 1.158 0.992507 0.989471 0.995543
0.0100925 1.169 0.99052 0.987031 0.99401
0.0101859 1.167 0.989238 0.985435 0.993041
0.0102802 1.16 0.988887 0.985142 0.992631
0.0103753 1.171 0.986726 0.982538 0.990914
0.0104713 1.165 0.98642 0.982204 0.990637
0.0105682 1.164 0.986358 0.982157 0.990558
0.010666 1.17 0.990387 0.986891 0.993883
0.0107647 1.185 0.988368 0.984545 0.992191
0.0108643 1.176 0.988342 0.984479 0.992205
0.0109648 1.17 0.98801 0.983991 0.99203
0.0110662 1.165 0.98832 0.984295 0.992344
0.0111686 1.167 0.989963 0.986461 0.993466
0.011272 1.176 0.989084 0.985349 0.992819
0.0113763 1.169 0.99004 0.986303 0.993776
0.0114815 1.185 0.989694 0.986006 0.993382
0.0115878 1.174 0.989788 0.986263 0.993312
0.011695 1.177 0.99024 0.986778 0.993702
0.0118032 1.191 0.98616 0.982077 0.990244
0.0119124 1.182 0.992822 0.99004 0.995604
0.0120226 1.185 0.988217 0.984394 0.99204
0.0121339 1.172 0.986498 0.982339 0.990658
0.0122462 1.198 0.987721 0.983779 0.991663
0.0123595 1.224 0.985876 0.981615 0.990137
0.0124738 1.213 0.984167 0.97958 0.988754
0.0125893 1.213 0.988054 0.984274 0.991834
0.0127057 1.208 0.988895 0.98529 0.992501
0.0128233 1.177 0.990287 0.986897 0.993677
0.012942 1.212 0.987171 0.983253 0.99109
0.0130617 1.193 0.99096 0.987575 0.994344
0.0131826 1.226 0.989438 0.985913 0.992964
0.0133045 1.21 0.987915 0.983922 0.991908
0.0134276 1.207 0.988063 0.984303 0.991824
0.0135519 1.218 0.988934 0.985357 0.99251
0.0136773 1.219 0.985775 0.981489 0.990062
0.0138038 1.183 0.985776 0.981419 0.990133
0.0139316 1.224 0.984127 0.979422 0.988832
0.0140605 1.247 0.984883 0.980466 0.9893
0.0141906 1.218 0.987 0.982981 0.991018
0.0143219 1.238 0.980839 0.976023 0.985655
0.0144544 1.234 0.984339 0.979982 0.988696
0.0145881 1.258 0.984156 0.979577 0.988735
0.0147231 1.227 0.989884 0.98664 0.993128
0.0148594 1.239 0.986693 0.982675 0.99071
0.0149968 1.236 0.986167 0.982027 0.990308
0.0151356 1.24 0.984288 0.979921 0.988654
0.0152757 1.237 0.988433 0.984717 0.992149
0.015417 1.251 0.985436 0.981286 0.989586
0.0155597 1.265 0.982558 0.977682 0.987435
0.0157036 1.244 0.984582 0.980225 0.988939
0.0158489 1.258 0.984344 0.979709 0.98898
0.0159956 1.249 0.982746 0.977964 0.987528
0.0161436 1.269 0.982758 0.978204 0.987313
0.016293 1.252 0.982071 0.977264 0.986878
0.0164437 1.265 0.983091 0.978501 0.987681
0.0165959 1.265 0.986306 0.982355 0.990257
0.0167494 1.282 0.980948 0.976288 0.985607
0.0169044 1.274 0.984339 0.979905 0.988773
0.0170608 1.265 0.981852 0.97693 0.986774
0.0172187 1.289 0.983242 0.978726 0.987757
0.017378 1.276 0.98016 0.974873 0.985447
0.0175388 1.273 0.983026 0.978495 0.987557
0.0177011 1.287 0.984461 0.980103 0.988818
0.0178649 1.282 0.983002 0.978538 0.987466
0.0180302 1.297 0.982454 0.977932 0.986976
0.018197 1.3 0.98011 0.975053 0.985167
0.0183654 1.296 0.980328 0.975373 0.985283
0.0185353 1.304 0.977195 0.97186 0.982531
0.0187068 1.339 0.977184 0.971829 0.982539
0.0188799 1.31 0.980752 0.975721 0.985783
0.0190546 1.28 0.985838 0.981827 0.989848
0.0192309 1.353 0.977269 0.971828 0.98271
0.0194089 1.299 0.977696 0.972282 0.983109
0.0195884 1.329 0.984208 0.980012 0.988405
0.0197697 1.314 0.978924 0.973915 0.983934
0.0199526 1.349 0.977623 0.972235 0.98301
0.0201372 1.327 0.983561 0.979015 0.988107
0.0203236 1.317 0.985446 0.98139 0.989502
0.0205116 1.326 0.978921 0.973601 0.984241
0.0207014 1.342 0.98406 0.979815 0.988305
0.020893 1.326 0.974938 0.969381 0.980495
0.0210863 1.351 0.978988 0.973681 0.984294
0.0212814 1.346 0.976086 0.970655 0.981517
0.0214783 1.336 0.979174 0.973914 0.984433
0.021677 1.387 0.974812 0.969194 0.98043
0.0218776 1.357 0.978533 0.973301 0.983765
0.02208 1.326 0.980559 0.975545 0.985573
0.0222844 1.321 0.976173 0.970674 0.981672
0.0224905 1.353 0.977447 0.972235 0.982659
0.0226986 1.31 0.979667 0.974545 0.984788
0.0229087 1.378 0.980713 0.975872 0.985554
0.0231206 1.339 0.984036 0.979958 0.988115
0.0233346 1.397 0.979486 0.974526 0.984445
0.0235505 1.393 0.973233 0.967283 0.979183
0.0237684 1.402 0.973868 0.968111 0.979625
0.0239883 1.374 0.978924 0.973727 0.984122
0.0242103 1.388 0.976227 0.970837 0.981617
0.0244343 1.399 0.975697 0.97011 0.981284
0.0246604 1.377 0.97507 0.969444 0.980697
0.0248886 1.414 0.974929 0.969281 0.980578
0.0251189 1.398 0.976716 0.971369 0.982063
0.0253513 1.391 0.976785 0.971512 0.982057
0.0255859 1.394 0.979855 0.975 0.984709
0.0258226 1.394 0.97639 0.971101 0.981679
0.0260615 1.43 0.973968 0.968413 0.979523
0.0263027 1.404 0.974759 0.969137 0.98038
0.0265461 1.412 0.976836 0.971536 0.982136
0.0267917 1.46 0.965698 0.959135 0.97226
0.0270396 1.418 0.971332 0.96531 0.977353
0.0272898 1.448 0.974972 0.969362 0.980582
0.0275423 1.422 0.972713 0.966924 0.978502
0.0277971 1.449 0.971805 0.965996 0.977615
0.0280543 1.449 0.975632 0.970215 0.981049
0.0283139 1.449 0.975107 0.969609 0.980604
0.0285759 1.475 0.967787 0.96129 0.974283
0.0288403 1.468 0.975677 0.970327 0.981028
0.0291072 1.458 0.973163 0.967253 0.979073
0.0293765 1.47 0.967799 0.961813 0.973786
0.0296483 1.47 0.971701 0.965682 0.97772
0.0299226 1.521 0.97147 0.965676 0.977264
0.0301995 1.484 0.97067 0.964716 0.976623
0.0304789 1.476 0.976358 0.970953 0.981763
0.030761 1.507 0.973616 0.96793 0.979302
0.0310456 1.489 0.970201 0.964183 0.976219
0.0313329 1.477 0.964218 0.957532 0.970903
0.0316228 1.527 0.969012 0.963067 0.974956
0.0319154 1.52 0.967026 0.960895 0.973157
0.0322107 1.524 0.972389 0.96663 0.978147
0.0325087 1.533 0.965598 0.959035 0.972161
0.0328095 1.529 0.971522 0.965779 0.977265
0.0331131 1.51 0.967197 0.960821 0.973572
0.0334195 1.495 0.96861 0.962535 0.974685
0.0337287 1.536 0.969856 0.963955 0.975757
0.0340408 1.59 0.968145 0.962194 0.974096
0.0343558 1.521 0.972219 0.966642 0.977796
0.0346737 1.551 0.964865 0.958375 0.971355
0.0349945 1.537 0.970675 0.964758 0.976591
0.0353183 1.593 0.963925 0.957206 0.970645
0.0356451 1.588 0.965124 0.958644 0.971604
0.0359749 1.599 0.966676 0.960057 0.973296
0.0363078 1.554 0.965465 0.959044 0.971886
0.0366438 1.621 0.964648 0.958309 0.970988
0.0369828 1.578 0.959177 0.95198 0.966374
0.037325 1.612 0.958991 0.951949 0.966034
0.0376704 1.604 0.956759 0.949447 0.964072
0.0380189 1.618 0.962394 0.955559 0.96923
0.0383707 1.613 0.963617 0.95711 0.970125
0.0387258 1.597 0.964852 0.958494 0.97121
0.0390841 1.679 0.962733 0.955785 0.969681
0.0394457 1.633 0.964364 0.957905 0.970823
0.0398107 1.64 0.957914 0.950846 0.964982
0.0401791 1.664 0.959094 0.952054 0.966134
0.0405509 1.656 0.957997 0.950797 0.965198
0.0409261 1.679 0.960749 0.954151 0.967348
0.0413048 1.65 0.959799 0.952963 0.966636
0.0416869 1.649 0.961917 0.955117 0.968717
0.0420727 1.676 0.961867 0.955226 0.968508
0.042462 1.706 0.959705 0.953108 0.966301
0.0428549 1.696 0.957516 0.950398 0.964634
0.0432514 1.677 0.956662 0.949573 0.963751
0.0436516 1.671 0.96245 0.955893 0.969007
0.0440555 1.738 0.950554 0.942772 0.958335
0.0444631 1.782 0.956061 0.949041 0.963082
0.0448745 1.705 0.955454 0.948146 0.962761
0.0452898 1.724 0.961354 0.954671 0.968036
0.0457088 1.754 0.955389 0.948176 0.962601
0.0461318 1.788 0.947971 0.940174 0.955767
0.0465586 1.806 0.949412 0.941759 0.957066
0.0469894 1.776 0.949616 0.941958 0.957274
0.0474242 1.706 0.951319 0.943808 0.95883
0.047863 1.801 0.956086 0.948952 0.963219
0.0483059 1.783 0.955541 0.948428 0.962654
0.0487528 1.707 0.953373 0.945676 0.96107
0.049204 1.813 0.957336 0.950401 0.964272
0.0496592 1.792 0.956028 0.948915 0.963141
0.0501187 1.813 0.952868 0.945681 0.960054
0.0505825 1.826 0.95129 0.943677 0.958902
0.0510505 1.825 0.951261 0.943775 0.958748
0.0515229 1.819 0.953572 0.946257 0.960886
0.0519996 1.81 0.949601 0.942047 0.957155
0.0524807 1.799 0.951924 0.944169 0.959679
0.0529663 1.895 0.952623 0.944962 0.960283
0.0534564 1.878 0.953128 0.945642 0.960614
0.0539511 1.884 0.947329 0.939377 0.955281
0.0544503 1.861 0.949531 0.941875 0.957186
0.0549541 1.868 0.949058 0.941373 0.956744
0.0554626 1.912 0.945512 0.937608 0.953415
0.0559758 1.869 0.94001 0.931455 0.948565
0.0564937 1.919 0.945931 0.938067 0.953796
0.0570164 1.958 0.9438 0.935777 0.951822
0.057544 1.967 0.948878 0.941458 0.956298
0.0580764 1.977 0.944147 0.936025 0.952268
0.0586138 1.95 0.945992 0.93785 0.954133
0.0591562 1.948 0.947758 0.940013 0.955503
0.0597035 1.962 0.947457 0.939799 0.955115
0.060256 2.003 0.937333 0.928987 0.945679
0.0608135 1.987 0.943766 0.935753 0.951779
0.0613762 1.963 0.939969 0.93168 0.948258
0.0619441 2.03 0.93951 0.931221 0.947799
0.0625173 1.994 0.93469 0.926121 0.94326
0.0630957 2.026 0.939436 0.931099 0.947773
0.0636796 2.016 0.939681 0.931595 0.947766
0.0642688 2.021 0.939428 0.930959 0.947897
0.0648634 2.022 0.937996 0.929707 0.946284
0.0654636 2.127 0.931902 0.923047 0.940757
0.0660693 2.051 0.941405 0.933367 0.949443
0.0666807 2.028 0.93769 0.929414 0.945966
0.0672977 2.156 0.926758 0.917569 0.935946
0.0679204 2.059 0.928962 0.919911 0.938012
0.0685488 2.121 0.93499 0.926323 0.943656
0.0691831 2.077 0.937587 0.929091 0.946083
0.0698232 2.161 0.930062 0.921079 0.939045
0.0704693 2.201 0.92032 0.910961 0.929679
0.0711214 2.132 0.935475 0.926917 0.944033
0.0717794 2.096 0.937559 0.929368 0.94575
0.0724436 2.14 0.931199 0.922373 0.940024
0.0731139 2.17 0.929345 0.92034 0.938349
0.0737904 2.19 0.934479 0.926092 0.942866
0.0744732 2.16 0.935725 0.927374 0.944077
0.0751623 2.173 0.927472 0.918409 0.936534
0.0758578 2.258 0.916667 0.90703 0.926303
0.0765597 2.209 0.931623 0.923056 0.94019
0.0772681 2.32 0.928266 0.919433 0.937099
0.077983 2.241 0.916847 0.907075 0.926619
0.0787046 2.32 0.920614 0.911105 0.930122
0.0794328 2.255 0.931917 0.923079 0.940755
0.0801678 2.262 0.91996 0.910541 0.92938
0.0809096 2.301 0.925005 0.915823 0.934186
0.0816582 2.319 0.920756 0.9114 0.930112
0.0824138 2.326 0.918873 0.909442 0.928305
0.0831764 2.323 0.918044 0.908715 0.927374
0.083946 2.362 0.923411 0.914362 0.93246
0.0847227 2.392 0.916126 0.906424 0.925829
0.0855067 2.377 0.914465 0.904705 0.924224
0.0862979 2.363 0.926549 0.917549 0.935549
0.0870964 2.355 0.920294 0.910889 0.929698
0.0879023 2.413 0.91877 0.909188 0.928352
0.0887156 2.377 0.91724 0.907791 0.926688
0.0895365 2.51 0.907063 0.897157 0.91697
0.0903649 2.444 0.909049 0.899149 0.918949
0.0912011 2.478 0.909889 0.900092 0.919686
0.092045 2.442 0.915693 0.906257 0.925129
0.0928966 2.495 0.909038 0.89914 0.918937
0.0937562 2.495 0.913545 0.903926 0.923163
0.0946237 2.504 0.90968 0.899503 0.919856
0.0954993 2.553 0.91547 0.906135 0.924806
0.0963829 2.568 0.912985 0.903234 0.922736
0.0972747 2.492 0.920363 0.911488 0.929238
0.0981748 2.602 0.907115 0.896916 0.917314
0.0990832 2.66 0.903306 0.893097 0.913515
0.1 2.641 0.911302 0.901659 0.920944
0.100925 2.742 0.901713 0.891448 0.911978
0.101859 2.638 0.901935 0.891598 0.912272
0.102802 2.643 0.909446 0.899684 0.919207
0.103753 2.745 0.901472 0.891223 0.911722
0.104713 2.645 0.912637 0.902909 0.922365
0.105682 2.695 0.903031 0.893029 0.913034
0.10666 2.632 0.895668 0.88497 0.906366
0.107647 2.726 0.904176 0.894024 0.914328
0.108643 2.776 0.899134 0.888914 0.909353
0.109648 2.817 0.899463 0.889119 0.909807
0.110662 2.823 0.890859 0.880058 0.901659
0.111686 2.734 0.899168 0.889011 0.909325
0.11272 2.756 0.89751 0.887031 0.90799
0.113763 2.824 0.891439 0.880832 0.902046
0.114815 2.845 0.886983 0.876124 0.897842
0.115878 2.807 0.895356 0.884832 0.90588
0.11695 2.906 0.888115 0.87738 0.89885
0.118032 2.942 0.895275 0.884991 0.905559
0.119124 2.892 0.882584 0.871526 0.893643
0.120226 2.889 0.885189 0.874256 0.896122
0.121339 2.917 0.891264 0.880236 0.902291
0.122462 3.002 0.887804 0.87677 0.898839
0.123595 3.047 0.874921 0.863533 0.88631
0.124738 2.918 0.88894 0.87797 0.899909
0.125893 3.016 0.883857 0.872656 0.895058
0.127057 2.96 0.884245 0.873313 0.895177
0.128233 3.093 0.878291 0.867089 0.889494
0.12942 3.08 0.875692 0.864401 0.886984
0.130617 3.163 0.870821 0.859394 0.882248
0.131826 3.112 0.880273 0.868969 0.891576
0.133045 3.177 0.883894 0.872919 0.894869
0.134276 3.156 0.872245 0.860631 0.883859
0.135519 3.125 0.877285 0.865977 0.888593
0.136773 3.157 0.883055 0.872406 0.893705
0.138038 3.231 0.881684 0.870868 0.892501
0.139316 3.212 0.877406 0.866169 0.888643
0.140605 3.274 0.873727 0.862541 0.884913
0.141906 3.258 0.863792 0.852344 0.87524
0.143219 3.311 0.876216 0.864736 0.887696
0.144544 3.223 0.867403 0.855892 0.878915
0.145881 3.296 0.862809 0.851062 0.874556
0.147231 3.341 0.869886 0.858296 0.881475
0.148594 3.389 0.866217 0.854845 0.877589
0.149968 3.478 0.85814 0.846443 0.869836
0.151356 3.306 0.869848 0.858505 0.881191
0.152757 3.36 0.867336 0.855771 0.878901
0.15417 3.459 0.858856 0.847244 0.870467
0.155597 3.438 0.864454 0.852773 0.876135
0.157036 3.604 0.845869 0.833823 0.857914
0.158489 3.551 0.849886 0.837668 0.862104
0.159956 3.521 0.857883 0.846178 0.869588
0.161436 3.462 0.866457 0.854688 0.878226
0.16293 3.594 0.850258 0.838187 0.862329
0.164437 3.577 0.838164 0.825687 0.850642
0.165959 3.713 0.850071 0.838298 0.861845
0.167494 3.659 0.852894 0.841096 0.864692
0.169044 3.657 0.846172 0.83426 0.858083
0.170608 3.768 0.844755 0.832772 0.856739
0.172187 3.825 0.849856 0.837996 0.861715
0.17378 3.768 0.85844 0.846987 0.869894
0.175388 3.81 0.836606 0.824525 0.848687
0.177011 3.682 0.857834 0.846269 0.8694
0.178649 3.864 0.841366 0.829264 0.853469
0.180302 3.783 0.845126 0.833016 0.857236
0.18197 3.928 0.839732 0.82755 0.851913
0.183654 3.997 0.835302 0.823018 0.847586
0.185353 4.089 0.822694 0.809934 0.835454
0.187068 4.101 0.837528 0.82526 0.849796
0.188799 3.995 0.827882 0.815455 0.840308
0.190546 3.997 0.835286 0.822866 0.847706
0.192309 4.034 0.832885 0.820521 0.845249
0.194089 4.128 0.826917 0.814407 0.839426
0.195884 4.194 0.821326 0.8087 0.833953
0.197697 4.115 0.836202 0.8238 0.848603
0.199526 4.202 0.827175 0.81471 0.83964
0.201372 4.169 0.825741 0.812988 0.838495
0.203236 4.217 0.825623 0.813392 0.837854
0.205116 4.217 0.813736 0.800926 0.826546
0.207014 4.249 0.830006 0.817502 0.84251
0.20893 4.335 0.806179 0.79306 0.819298
0.210863 4.377 0.814773 0.801923 0.827622
0.212814 4.408 0.810706 0.797766 0.823646
0.214783 4.328 0.820108 0.807636 0.83258
0.21677 4.39 0.815362 0.802255 0.828468
0.218776 4.377 0.829905 0.817561 0.842248
0.2208 4.546 0.81928 0.806686 0.831874
0.222844 4.657 0.810994 0.798218 0.82377
0.224905 4.449 0.813527 0.800598 0.826456
0.226986 4.679 0.798564 0.78558 0.811548
0.229087 4.592 0.799883 0.786497 0.813269
0.231206 4.791 0.790325 0.7769 0.80375
0.233346 4.753 0.795955 0.782681 0.809229
0.235505 4.745 0.796863 0.783656 0.81007
0.237684 4.768 0.79396 0.780758 0.807162
0.239883 4.794 0.8031 0.790038 0.816161
0.242103 4.863 0.787044 0.774022 0.800065
0.244343 4.833 0.797573 0.784465 0.810681
0.246604 4.962 0.786581 0.77347 0.799692
0.248886 4.891 0.794414 0.78142 0.807408
0.251189 4.957 0.77673 0.763155 0.790304
0.253513 5.074 0.782538 0.769345 0.79573
0.255859 5.143 0.790813 0.77739 0.804237
0.258226 5.098 0.776309 0.762732 0.789886
0.260615 5.009 0.789824 0.7765 0.803148
0.263027 5.194 0.773989 0.760423 0.787556
0.265461 5.192 0.772104 0.758302 0.785906
0.267917 5.172 0.781333 0.767687 0.794979
0.270396 5.212 0.782837 0.769605 0.796068
0.272898 5.274 0.76791 0.754256 0.781565
0.275423 5.288 0.772913 0.759419 0.786408
0.277971 5.373 0.762206 0.748597 0.775816
0.280543 5.515 0.7674 0.753792 0.781008
0.283139 5.498 0.762826 0.749113 0.776538
0.285759 5.485 0.759988 0.746233 0.773742
0.288403 5.472 0.76951 0.755932 0.783088
0.291072 5.637 0.763286 0.749864 0.776708
0.293765 5.648 0.76036 0.746899 0.773821
0.296483 5.811 0.751286 0.737766 0.764806
0.299226 5.684 0.756433 0.742809 0.770057
0.301995 5.695 0.750181 0.736395 0.763968
0.304789 5.739 0.76529 0.75188 0.7787
0.30761 5.814 0.752744 0.738763 0.766725
0.310456 5.873 0.749106 0.735349 0.762862
0.313329 5.872 0.752112 0.738386 0.765838
0.316228 6.014 0.73394 0.720281 0.747599
0.319154 5.947 0.755592 0.742266 0.768917
0.322107 5.909 0.753051 0.739391 0.766711
0.325087 6.106 0.746499 0.732837 0.76016
0.328095 6.134 0.73758 0.724146 0.751014
0.331131 6.26 0.732783 0.718592 0.746974
0.334195 6.133 0.733499 0.719673 0.747326
0.337287 6.233 0.733435 0.719389 0.747481
0.340408 6.317 0.722929 0.708803 0.737055
0.343558 6.382 0.736029 0.722046 0.750012
0.346737 6.394 0.725098 0.711093 0.739103
0.349945 6.388 0.728654 0.714915 0.742394
0.353183 6.552 0.723411 0.70954 0.737283
0.356451 6.555 0.703924 0.689905 0.717943
0.359749 6.621 0.713143 0.699392 0.726894
0.363078 6.632 0.72048 0.70627 0.73469
0.366438 6.672 0.70964 0.695393 0.723886
0.369828 6.782 0.695496 0.681747 0.709244
0.37325 6.773 0.717 0.702953 0.731047
0.376704 6.895 0.707739 0.693981 0.721497
0.380189 7.057 0.694061 0.679908 0.708214
0.383707 6.974 0.695089 0.680906 0.709271
0.387258 7.127 0.693004 0.678633 0.707375
0.390841 7.046 0.685961 0.671626 0.700296
0.394457 7.031 0.692649 0.678699 0.706598
0.398107 7.113 0.691436 0.677172 0.705699
0.401791 7.19 0.679648 0.665436 0.693861
0.405509 7.183 0.674387 0.660017 0.688757
0.409261 7.208 0.676365 0.662322 0.690407
0.413048 7.457 0.67458 0.660243 0.688918
0.416869 7.295 0.677733 0.663468 0.691998
0.420727 7.374 0.66271 0.648851 0.676569
0.42462 7.542 0.671902 0.657898 0.685905
0.428549 7.432 0.68477 0.670397 0.699142
0.432514 7.405 0.680164 0.666249 0.694079
0.436516 7.561 0.670739 0.656393 0.685084
0.440555 7.522 0.676815 0.662852 0.690778
0.444631 7.626 0.662912 0.648634 0.67719
0.448745 7.688 0.66694 0.65278 0.681101
0.452898 7.718 0.677555 0.663128 0.691982
0.457088 7.709 0.663016 0.648748 0.677283
0.461318 7.819 0.663862 0.649929 0.677796
0.465586 7.937 0.660208 0.646005 0.674411
0.469894 8.005 0.650512 0.636485 0.664539
0.474242 7.957 0.657454 0.643034 0.671873
0.47863 8.009 0.642207 0.628105 0.656309
0.483059 8.042 0.642624 0.628953 0.656295
0.487528 8.164 0.647556 0.633235 0.661877
0.49204 8.111 0.649779 0.635657 0.663901
0.496592 8.27 0.627223 0.613472 0.640974
0.501187 8.261 0.638399 0.624571 0.652227
0.505825 8.236 0.623676 0.609528 0.637825
0.510505 8.342 0.618285 0.604286 0.632284
0.515229 8.33 0.625942 0.611721 0.640162
0.519996 8.436 0.630836 0.616825 0.644846
0.524807 8.442 0.616065 0.602145 0.629985
0.529663 8.515 0.624471 0.610324 0.638617
0.534564 8.526 0.616606 0.602115 0.631097
0.539511 8.588 0.618386 0.604603 0.632168
0.544503 8.69 0.610532 0.596669 0.624395
0.549541 8.744 0.609528 0.596036 0.62302
0.554626 8.699 0.612737 0.598324 0.62715
0.559758 8.716 0.61171 0.597818 0.625602
0.564937 8.766 0.598562 0.584531 0.612594
0.570164 8.847 0.597321 0.583464 0.611178
0.57544 8.896 0.598548 0.584181 0.612915
0.580764 8.914 0.596835 0.582947 0.610722
0.586138 8.907 0.589849 0.575862 0.603835
0.591562 8.975 0.585549 0.571896 0.599202
0.597035 8.936 0.579301 0.565402 0.593201
0.60256 9.099 0.585656 0.57204 0.599272
0.608135 8.978 0.604134 0.59024 0.618027
0.613762 9.051 0.57118 0.557435 0.584925
0.619441 9.188 0.573376 0.559317 0.587436
0.625173 9.229 0.569101 0.555637 0.582565
0.630957 9.225 0.565336 0.551516 0.579155
0.636796 9.326 0.56437 0.550692 0.578048
0.642688 9.252 0.563417 0.549231 0.577602
0.648634 9.229 0.564257 0.55066 0.577854
0.654636 9.282 0.56114 0.547555 0.574725
0.660693 9.365 0.551866 0.537813 0.565918
0.666807 9.391 0.566411 0.55273 0.580092
0.672977 9.406 0.561853 0.548318 0.575387
0.679204 9.41 0.555006 0.541653 0.568359
0.685488 9.412 0.545365 0.531507 0.559223
0.691831 9.467 0.538479 0.525382 0.551577
0.698232 9.534 0.545375 0.531969 0.558782
0.704693 9.511 0.539269 0.52582 0.552718
0.711214 9.583 0.539886 0.526281 0.553491
0.717794 9.54 0.540099 0.526742 0.553457
0.724436 9.598 0.530745 0.517463 0.544028
0.731139 9.652 0.537324 0.523937 0.55071
0.737904 9.578 0.5411 0.52768 0.554521
0.744732 9.606 0.529513 0.516327 0.542698
0.751623 9.599 0.522953 0.509917 0.535988
0.758578 9.668 0.525339 0.511812 0.538866
0.765597 9.659 0.518528 0.505519 0.531537
0.772681 9.677 0.519885 0.50673 0.53304
0.77983 9.709 0.512259 0.499134 0.525384
0.787046 9.757 0.517645 0.504583 0.530706
0.794328 9.736 0.512498 0.499371 0.525625
0.801678 9.748 0.507226 0.494288 0.520163
0.809096 9.8 0.494995 0.482165 0.507825
0.816582 9.829 0.491916 0.479101 0.504731
0.824138 9.786 0.505011 0.49212 0.517903
0.831764 9.827 0.487201 0.474384 0.500018
0.83946 9.81 0.49557 0.483018 0.508122
0.847227 9.857 0.488879 0.4762 0.501557
0.855067 9.815 0.488799 0.476274 0.501324
0.862979 9.867 0.481697 0.469402 0.493991
0.870964 9.878 0.477754 0.465249 0.490259
0.879023 9.889 0.473104 0.460803 0.485405
0.887156 9.863 0.474831 0.462159 0.487504
0.895365 9.897 0.470426 0.458496 0.482357
0.903649 9.892 0.471332 0.458906 0.483758
0.912011 9.908 0.473747 0.461141 0.486353
0.92045 9.936 0.464551 0.452476 0.476626
0.928966 9.927 0.456535 0.44439 0.468679
0.937562 9.908 0.457077 0.44504 0.469113
0.946237 9.913 0.461589 0.449489 0.47369
0.954993 9.942 0.457615 0.445638 0.469593
0.963829 9.906 0.451421 0.439226 0.463616
0.972747 9.94 0.451583 0.439837 0.46333
0.981748 9.938 0.450238 0.438065 0.46241
0.990832 9.95 0.448555 0.436528 0.460581
1 9.945 0.4466 0.434724 0.458477
1.00925 9.956 0.441652 0.42998 0.453325
1.01859 9.97 0.430545 0.419373 0.441717
1.02802 9.978 0.434656 0.42266 0.446652
1.03753 9.967 0.433099 0.421313 0.444885
1.04713 9.98 0.426548 0.415415 0.437681
1.05682 9.972 0.418878 0.407511 0.430245
1.0666 9.979 0.417596 0.40641 0.428781
1.07647 9.982 0.407073 0.396472 0.417674
1.08643 9.993 0.417761 0.406087 0.429436
1.09648 9.99 0.416249 0.404742 0.427757
1.10662 9.989 0.411069 0.400047 0.42209
1.11686 9.978 0.406088 0.394864 0.417312
1.1272 9.987 0.409988 0.398528 0.421448
1.13763 9.99 0.407932 0.396457 0.419407
1.14815 9.994 0.40663 0.395361 0.417899
1.15878 9.993 0.399217 0.38836 0.410073
1.1695 9.994 0.395044 0.38451 0.405578
1.18032 9.994 0.401428 0.390536 0.412321
1.19124 9.995 0.386997 0.376763 0.397231
1.20226 9.997 0.384381 0.373776 0.394986
1.21339 9.987 0.381155 0.371106 0.391204
1.22462 9.993 0.386865 0.376323 0.397407
1.23595 9.991 0.385045 0.374444 0.395646
1.24738 9.999 0.3769 0.36672 0.387081
1.25893 9.998 0.371052 0.361297 0.380807
1.27057 9.999 0.364839 0.354879 0.374799
1.28233 9.995 0.369773 0.359559 0.379986
1.2942 9.996 0.367686 0.357502 0.377869
1.30617 10 0.360431 0.350758 0.370104
1.31826 10 0.36027 0.350303 0.370237
1.33045 10 0.350955 0.341296 0.360614
1.34276 9.997 0.355505 0.345959 0.365051
1.35519 10 0.35383 0.344306 0.363354
1.36773 9.999 0.351717 0.342106 0.361327
1.38038 10 0.347053 0.337607 0.356499
1.39316 10 0.342399 0.333345 0.351453
1.40605 9.998 0.34346 0.334308 0.352613
1.41906 10 0.339308 0.330246 0.34837
1.43219 10 0.327244 0.318476 0.336012
1.44544 10 0.337832 0.328455 0.347209
1.45881 9.999 0.341985 0.332477 0.351493
1.47231 9.999 0.32754 0.318596 0.336483
1.48594 9.999 0.327575 0.318669 0.336482
1.49968 10 0.32946 0.320598 0.338323
1.51356 10 0.330438 0.321758 0.339118
1.52757 10 0.328234 0.319305 0.337162
1.5417 10 0.320568 0.311754 0.329383
1.55597 10 0.318363 0.310057 0.326669
1.57036 10 0.305407 0.297519 0.313296
1.58489 10 0.30812 0.299917 0.316323
1.59956 10 0.304141 0.296224 0.312058
1.61436 10 0.306456 0.297961 0.314951
1.6293 10 0.309533 0.301187 0.317879
1.64437 10 0.303487 0.295411 0.311563
1.65959 10 0.305988 0.297506 0.31447
1.67494 10 0.294295 0.28649 0.302101
1.69044 10 0.298221 0.290388 0.306055
1.70608 10 0.297259 0.289372 0.305146
1.72187 10 0.295264 0.28743 0.303097
1.7378 10 0.288471 0.280997 0.295945
1.75388 10 0.291993 0.284082 0.299904
1.77011 10 0.282855 0.275547 0.290163
1.78649 10 0.281776 0.274239 0.289312
1.80302 10 0.283868 0.276512 0.291225
1.8197 10 0.273473 0.266458 0.280488
1.83654 10 0.26434 0.257935 0.270744
1.85353 10 0.280939 0.273226 0.288653
1.87068 10 0.269191 0.262258 0.276123
1.88799 10 0.270982 0.264205 0.277759
1.90546 10 0.270962 0.263889 0.278035
1.92309 10 0.274247 0.266983 0.281511
1.94089 10 0.26443 0.257741 0.27112
1.95884 10 0.268531 0.261387 0.275676
1.97697 10 0.253103 0.246755 0.259451
1.99526 10 0.260276 0.253448 0.267103
2.01372 10 0.25148 0.245308 0.257653
2.03236 10 0.249467 0.242839 0.256094
2.05116 10 0.256328 0.249817 0.262839
2.07014 10 0.252725 0.246269 0.259181
2.0893 10 0.248494 0.24235 0.254637
2.10863 10 0.254577 0.247946 0.261208
2.12814 10 0.246632 0.240661 0.252604
2.14783 10 0.246787 0.240604 0.25297
2.1677 10 0.245419 0.23938 0.251457
2.18776 10 0.236435 0.230866 0.242004
2.208 10 0.242008 0.236193 0.247824
2.22844 10 0.237202 0.231549 0.242856
2.24905 10 0.233971 0.228414 0.239527
2.26986 10 0.236587 0.230727 0.242448
2.29087 10 0.234317 0.22831 0.240324
2.31206 10 0.238068 0.231954 0.244182
2.33346 10 0.233535 0.227973 0.239097
2.35505 10 0.225688 0.220383 0.230992
2.37684 10 0.220279 0.215413 0.225145
2.39883 10 0.226121 0.220517 0.231725
2.42103 10 0.222073 0.216846 0.2273
2.44343 10 0.22054 0.215149 0.225931
2.46604 10 0.215488 0.210815 0.220161
2.48886 10 0.21638 0.211575 0.221185
2.51189 10 0.220031 0.214799 0.225264
2.53513 10 0.214338 0.209223 0.219453
2.55859 10 0.21028 0.205811 0.214748
2.58226 10 0.206594 0.201986 0.211203
2.60615 10 0.206447 0.20204 0.210854
2.63027 10 0.207745 0.203139 0.212352
2.65461 10 0.207701 0.202933 0.212469
2.67917 10 0.20557 0.201146 0.209994
2.70396 10 0.201732 0.19748 0.205983
2.72898 10 0.199995 0.195817 0.204173
2.75423 10 0.199453 0.195072 0.203833
2.77971 10 0.199865 0.195546 0.204183
2.80543 10 0.196788 0.192586 0.200991
2.83139 10 0.20137 0.196645 0.206095
2.85759 10 0.19546 0.191339 0.199581
2.88403 10 0.193106 0.188823 0.197389
2.91072 10 0.195743 0.191618 0.199869
2.93765 10 0.1922 0.187959 0.196441
2.96483 10 0.18891 0.184768 0.193051
2.99226 10 0.187412 0.183636 0.191189
3.01995 10 0.188375 0.18444 0.19231
3.04789 10 0.185163 0.181526 0.1888
3.0761 10 0.187068 0.183331 0.190805
3.10456 10 0.180346 0.176801 0.183892
3.13329 10 0.176835 0.173806 0.179864
3.16228 10 0.180696 0.177263 0.18413
3.19154 10 0.181859 0.178281 0.185437
3.22107 10 0.180039 0.176356 0.183721
3.25087 10 0.178007 0.174625 0.181389
3.28095 10 0.174042 0.170951 0.177133
3.31131 10 0.175889 0.172362 0.179416
3.34195 10 0.175568 0.172315 0.17882
3.37287 10 0.176399 0.172904 0.179893
3.40408 10 0.170176 0.167178 0.173173
3.43558 10 0.170101 0.167144 0.173058
3.46737 10 0.170409 0.167404 0.173415
3.49945 10 0.169277 0.166408 0.172145
3.53183 10 0.1655 0.162743 0.168257
3.56451 10 0.167112 0.164143 0.170081
3.59749 10 0.16544 0.162465 0.168415
3.63078 10 0.165024 0.162069 0.167979
3.66438 10 0.166519 0.16344 0.169599
3.69828 10 0.162682 0.159993 0.165371
3.7325 10 0.162487 0.159513 0.165461
3.76704 10 0.162105 0.159382 0.164828
3.80189 10 0.159552 0.156866 0.162239
3.83707 10 0.159678 0.15692 0.162437
3.87258 10 0.157731 0.155326 0.160136
3.90841 10 0.158489 0.155964 0.161013
3.94457 10 0.156109 0.153843 0.158375
3.98107 10 0.157276 0.154521 0.16003
4.01791 10 0.153562 0.151291 0.155833
4.05509 10 0.153102 0.150771 0.155432
4.09261 10 0.149948 0.147899 0.151997
4.13048 10 0.152944 0.15063 0.155257
4.16869 10 0.15194 0.14966 0.15422
4.20727 10 0.149239 0.147036 0.151441
4.2462 10 0.147733 0.145676 0.14979
4.28549 10 0.148589 0.146401 0.150777
4.32514 10 0.146776 0.144797 0.148754
4.36516 10 0.146171 0.144022 0.148319
4.40555 10 0.145955 0.144059 0.147851
4.44631 10 0.143357 0.141522 0.145192
4.48745 10 0.146164 0.14416 0.148168
4.52898 10 0.144271 0.142457 0.146086
4.57088 10 0.14427 0.142131 0.146408
4.61318 10 0.141549 0.139699 0.143399
4.65586 10 0.141712 0.139875 0.143548
4.69894 10 0.14233 0.14032 0.144339
4.74242 10 0.139636 0.137853 0.141418
4.7863 10 0.139696 0.137999 0.141392
4.83059 10 0.139009 0.13726 0.140759
4.87528 10 0.138624 0.136825 0.140423
4.9204 10 0.139797 0.137933 0.141662
4.96592 10 0.138255 0.136585 0.139926
5.01187 10 0.136923 0.135281 0.138565
5.05825 10 0.136399 0.134771 0.138027
5.10505 10 0.136233 0.13456 0.137907
5.15229 10 0.133124 0.131632 0.134616
5.19996 10 0.136122 0.134527 0.137716
5.24807 10 0.133653 0.132279 0.135028
5.29663 10 0.133261 0.131798 0.134724
5.34564 10 0.13255 0.131225 0.133875
5.39511 10 0.132536 0.131088 0.133983
5.44503 10 0.131065 0.129749 0.132381
5.49541 10 0.131742 0.130349 0.133136
5.54626 10 0.131131 0.129826 0.132436
5.59758 10 0.131192 0.12987 0.132513
5.64937 10 0.128576 0.127365 0.129788
5.70164 10 0.129471 0.128186 0.130755
5.7544 10 0.129618 0.128323 0.130913
5.80764 10 0.128356 0.127108 0.129604
5.86138 10 0.127411 0.126175 0.128648
5.91562 10 0.126366 0.125205 0.127528
5.97035 10 0.127164 0.125961 0.128367
6.0256 10 0.125758 0.124636 0.126879
6.08135 10 0.124943 0.123834 0.126052
6.13762 10 0.126106 0.124999 0.127214
6.19441 10 0.125531 0.124402 0.12666
6.25173 10 0.125902 0.124732 0.127073
6.30957 10 0.123619 0.122645 0.124594
6.36796 10 0.123424 0.122408 0.12444
6.42688 10 0.123233 0.122239 0.124227
6.48634 10 0.123145 0.122045 0.124244
6.54636 10 0.122865 0.121877 0.123853
6.60693 10 0.122451 0.121469 0.123432
6.66807 10 0.121214 0.120316 0.122113
6.72977 10 0.121307 0.120387 0.122227
6.79204 10 0.121433 0.120521 0.122345
6.85488 10 0.120633 0.119722 0.121543
6.91831 10 0.120112 0.119099 0.121125
6.98232 10 0.120728 0.1198 0.121656
7.04693 10 0.120496 0.119576 0.121415
7.11214 10 0.119998 0.119169 0.120827
7.17794 10 0.119252 0.118377 0.120126
7.24436 10 0.119236 0.118377 0.120094
7.31139 10 0.118406 0.11757 0.119242
7.37904 10 0.118141 0.11735 0.118932
7.44732 10 0.118497 0.117639 0.119355
7.51623 10 0.116727 0.116024 0.117431
7.58578 10 0.116825 0.116092 0.117558
7.65597 10 0.117246 0.116509 0.117983
7.72681 10 0.117089 0.116342 0.117836
7.7983 10 0.116328 0.115619 0.117036
7.87046 10 0.116004 0.115322 0.116686
7.94328 10 0.116214 0.115478 0.11695
8.01678 10 0.11599 0.115251 0.11673
8.09096 10 0.11588 0.115158 0.116602
8.16582 10 0.115318 0.114653 0.115983
8.24138 10 0.115271 0.114596 0.115946
8.31764 10 0.114835 0.114198 0.115473
8.3946 10 0.114366 0.11372 0.115012
8.47227 10 0.114591 0.113973 0.115209
8.55067 10 0.113869 0.113277 0.11446
8.62979 10 0.113841 0.113217 0.114466
8.70964 10 0.113915 0.113311 0.114519
8.79023 10 0.113364 0.112791 0.113937
8.87156 10 0.113676 0.113097 0.114254
8.95365 10 0.112865 0.112328 0.113403
9.03649 10 0.112567 0.11203 0.113103
9.12011 10 0.112229 0.111716 0.112742
9.2045 10 0.112144 0.111615 0.112674
9.28966 10 0.11194 0.11141 0.11247
9.37562 10 0.111844 0.11135 0.112338
9.46237 10 0.111472 0.110993 0.11195
9.54993 10 0.111514 0.11104 0.111988
9.63829 10 0.111446 0.11096 0.111933
9.72747 10 0.111416 0.1109 0.111932
9.81748 10 0.110709 0.110257 0.111161
9.90832 10 0.11113 0.110636 0.111623
10 10 0.110333 0.109917 0.11075
10.0925 10 0.110527 0.110079 0.110976
10.1859 10 0.110266 0.109802 0.11073
10.2802 10 0.110204 0.109747 0.110661
10.3753 10 0.109895 0.109461 0.110329
10.4713 10 0.109565 0.109116 0.110013
10.5682 10 0.109343 0.108935 0.10975
10.666 10 0.109602 0.109179 0.110024
10.7647 10 0.10926 0.108865 0.109655
10.8643 10 0.109204 0.108822 0.109586
10.9648 10 0.109149 0.108768 0.109531
11.0662 10 0.108877 0.108491 0.109263
11.1686 10 0.108877 0.108485 0.10927
11.272 10 0.108291 0.107933 0.108649
11.3763 10 0.108361 0.107993 0.108728
11.4815 10 0.108004 0.107672 0.108337
11.5878 10 0.108207 0.107853 0.10856
11.695 10 0.10846 0.10806 0.10886
11.8032 10 0.108002 0.10768 0.108325
11.9124 10 0.107964 0.107626 0.108302
12.0226 10 0.107684 0.107358 0.10801
12.1339 10 0.107594 0.107286 0.107903
12.2462 10 0.107693 0.10738 0.108006
12.3595 10 0.107484 0.107172 0.107795
12.4738 10 0.107257 0.106943 0.107571
12.5893 10 0.107106 0.106799 0.107414
12.7057 10 0.106886 0.106579 0.107193
12.8233 10 0.106967 0.106669 0.107265
12.942 10 0.106751 0.10646 0.107041
13.0617 10 0.106762 0.106479 0.107045
13.1826 10 0.106246 0.105987 0.106506
13.3045 10 0.106366 0.106108 0.106624
13.4276 10 0.106192 0.105914 0.106469
13.5519 10 0.106375 0.106109 0.106641
13.6773 10 0.106077 0.105825 0.106329
13.8038 10 0.106051 0.105806 0.106297
13.9316 10 0.105975 0.105716 0.106234
14.0605 10 0.105913 0.105676 0.106149
14.1906 10 0.105627 0.105397 0.105856
14.3219 10 0.105555 0.105323 0.105786
14.4544 10 0.105364 0.105157 0.105571
14.5881 10 0.105664 0.105443 0.105885
14.7231 10 0.105438 0.10523 0.105646
14.8594 10 0.105388 0.105161 0.105616
14.9968 10 0.105284 0.105075 0.105494
15.1356 10 0.105085 0.104877 0.105293
15.2757 10 0.105141 0.104931 0.105352
15.417 10 0.105169 0.104951 0.105387
15.5597 10 0.105063 0.104849 0.105277
15.7036 10 0.105052 0.104849 0.105255
15.8489 10 0.105012 0.104803 0.10522
15.9956 10 0.104799 0.104603 0.104995
16.1436 10 0.10457 0.104381 0.10476
16.293 10 0.104688 0.104501 0.104876
16.4437 10 0.104506 0.104336 0.104676
16.5959 10 0.104494 0.104318 0.10467
16.7494 10 0.104481 0.104312 0.10465
16.9044 10 0.104379 0.104198 0.104559
17.0608 10 0.104338 0.104161 0.104515
17.2187 10 0.104134 0.103966 0.104303
17.378 10 0.104094 0.103925 0.104263
17.5388 10 0.104111 0.103955 0.104267
17.7011 10 0.103886 0.10373 0.104042
17.8649 10 0.103914 0.103769 0.10406
18.0302 10 0.103874 0.103711 0.104037
18.197 10 0.103903 0.103753 0.104052
18.3654 10 0.103748 0.103597 0.103899
18.5353 10 0.103705 0.103562 0.103848
18.7068 10 0.103763 0.10362 0.103907
18.8799 10 0.103704 0.103557 0.10385
19.0546 10 0.103657 0.103516 0.103797
19.2309 10 0.103512 0.103374 0.10365
19.4089 10 0.103474 0.103342 0.103606
19.5884 10 0.103455 0.103314 0.103597
19.7697 10 0.103438 0.103305 0.103571
19.9526 10 0.103358 0.103228 0.103487
20.1372 10 0.103357 0.103231 0.103483
20.3236 10 0.103236 0.10311 0.103362
20.5116 10 0.103275 0.103149 0.103401
20.7014 10 0.103167 0.103046 0.103288
20.893 10 0.103094 0.10297 0.103217
21.0863 10 0.103218 0.103103 0.103333
21.2814 10 0.103065 0.102953 0.103178
21.4783 10 0.10313 0.103012 0.103247
21.677 10 0.102992 0.102882 0.103102
21.8776 10 0.102983 0.102874 0.103092
22.08 10 0.10292 0.10281 0.103031
22.2844 10 0.102783 0.102685 0.102881
22.4905 10 0.10285 0.102741 0.102958
22.6986 10 0.102836 0.102731 0.102942
22.9087 10 0.102781 0.102674 0.102888
23.1206 10 0.102698 0.102596 0.102801
23.3346 10 0.102687 0.102592 0.102782
23.5505 10 0.102701 0.102593 0.102809
23.7684 10 0.102596 0.102501 0.102691
23.9883 10 0.102498 0.102409 0.102587
24.2103 10 0.102583 0.102484 0.102682
24.4343 10 0.102557 0.102459 0.102656
24.6604 10 0.102583 0.102488 0.102679
24.8886 10 0.102444 0.102354 0.102535
25.1189 10 0.10238 0.102292 0.102468
25.3513 10 0.102381 0.102293 0.10247
25.5859 10 0.102381 0.102294 0.102467
25.8226 10 0.102317 0.102237 0.102398
26.0615 10 0.102211 0.102132 0.10229
26.3027 10 0.102355 0.102272 0.102438
26.5461 10 0.102281 0.102199 0.102363
26.7917 10 0.10227 0.102191 0.10235
27.0396 10 0.102283 0.102204 0.102362
27.2898 10 0.102243 0.102163 0.102323
27.5423 10 0.10224 0.102156 0.102324
27.7971 10 0.102177 0.1021 0.102254
28.0543 10 0.102153 0.102074 0.102232
28.3139 10 0.102116 0.102041 0.102191
28.5759 10 0.102153 0.102075 0.10223
28.8403 10 0.102078 0.102006 0.10215
29.1072 10 0.102077 0.102001 0.102153
29.3765 10 0.102056 0.101984 0.102128
29.6483 10 0.102008 0.101937 0.102078
29.9226 10 0.101993 0.101922 0.102063
30.1995 10 0.101931 0.101863 0.101999
30.4789 10 0.101959 0.101891 0.102027
30.761 10 0.10194 0.101871 0.102008
31.0456 10 0.101952 0.101889 0.102016
31.3329 10 0.101886 0.101822 0.10195
31.6228 10 0.101894 0.101832 0.101956
31.9154 10 0.101876 0.101811 0.10194
32.2107 10 0.101809 0.10175 0.101868
32.5087 10 0.101831 0.101768 0.101895
32.8095 10 0.101794 0.10173 0.101857
33.1131 10 0.101813 0.101751 0.101874
33.4195 10 0.101852 0.101789 0.101915
33.7287 10 0.101754 0.101696 0.101811
34.0408 10 0.101736 0.101676 0.101796
34.3558 10 0.101769 0.101707 0.10183
34.6737 10 0.101673 0.101618 0.101728
34.9945 10 0.101734 0.101675 0.101793
35.3183 10 0.101683 0.101623 0.101742
35.6451 10 0.101667 0.101614 0.10172
35.9749 10 0.101679 0.101625 0.101733
36.3078 10 0.101643 0.10159 0.101695
36.6438 10 0.101655 0.101599 0.10171
36.9828 10 0.101599 0.101546 0.101653
37.325 10 0.101592 0.10154 0.101645
37.6704 10 0.101622 0.10157 0.101674
38.0189 10 0.101619 0.101567 0.101671
38.3707 10 0.101542 0.101491 0.101592
38.7258 10 0.101543 0.101492 0.101594
39.0841 10 0.101595 0.101544 0.101646
39.4457 10 0.101549 0.101497 0.1016
39.8107 10 0.10156 0.101507 0.101613
40.1791 10 0.101488 0.10144 0.101535
40.5509 10 0.101516 0.101465 0.101567
40.9261 10 0.101507 0.10146 0.101554
41.3048 10 0.101497 0.101449 0.101545
41.6869 10 0.101469 0.101421 0.101517
42.0727 10 0.101478 0.10143 0.101525
42.462 10 0.101453 0.101407 0.1015
42.8549 10 0.101425 0.10138 0.10147
43.2514 10 0.10141 0.101368 0.101453
43.6516 10 0.101471 0.101425 0.101517
44.0555 10 0.101406 0.10136 0.101452
44.4631 10 0.101388 0.101341 0.101435
44.8745 10 0.101388 0.101342 0.101433
45.2898 10 0.101394 0.101349 0.101439
45.7088 10 0.101379 0.101336 0.101422
46.1318 10 0.101389 0.101345 0.101432
46.5586 10 0.10137 0.101327 0.101413
46.9894 10 0.101372 0.10133 0.101414
47.4242 10 0.10137 0.101327 0.101413
47.863 10 0.101308 0.101266 0.101351
48.3059 10 0.101311 0.101271 0.10135
48.7528 10 0.101312 0.10127 0.101354
49.204 10 0.101291 0.10125 0.101332
49.6592 10 0.101295 0.101254 0.101336
50.1187 10 0.10129 0.10125 0.10133
50.5825 10 0.101285 0.101245 0.101325
51.0505 10 0.101299 0.101258 0.10134
51.5229 10 0.101259 0.10122 0.101298
51.9996 10 0.101273 0.101236 0.101311
52.4807 10 0.101279 0.10124 0.101318
52.9663 10 0.10126 0.101222 0.101299
53.4564 10 0.101225 0.101188 0.101262
53.9511 10 0.101237 0.1012 0.101275
54.4503 10 0.101273 0.101234 0.101312
54.9541 10 0.101253 0.101215 0.101292
55.4626 10 0.101221 0.101184 0.101257
55.9758 10 0.101213 0.101175 0.101251
56.4937 10 0.101173 0.101138 0.101208
57.0164 10 0.101179 0.101143 0.101215
57.544 10 0.101187 0.101151 0.101224
58.0764 10 0.101191 0.101153 0.101229
58.6138 10 0.101173 0.101137 0.101208
59.1562 10 0.101194 0.101156 0.101231
59.7035 10 0.101179 0.101144 0.101213
60.256 10 0.101172 0.101137 0.101207
60.8135 10 0.101185 0.101149 0.10122
61.3762 10 0.101178 0.101143 0.101213
61.9441 10 0.101169 0.101135 0.101203
62.5173 10 0.101138 0.101104 0.101171
63.0957 10 0.101159 0.101124 0.101194
63.6796 10 0.101129 0.101095 0.101162
64.2688 10 0.101144 0.10111 0.101177
64.8634 10 0.101147 0.101112 0.101182
65.4636 10 0.101121 0.101087 0.101156
66.0693 10 0.101141 0.101108 0.101174
66.6807 10 0.101087 0.101052 0.101122
67.2977 10 0.101118 0.101084 0.101152
67.9204 10 0.101092 0.101058 0.101126
68.5488 10 0.101114 0.10108 0.101147
69.1831 10 0.101091 0.101057 0.101125
69.8232 10 0.101122 0.101087 0.101157
70.4693 10 0.10112 0.101088 0.101153
71.1214 10 0.101091 0.101059 0.101123
71.7794 10 0.101064 0.101033 0.101096
72.4436 10 0.101068 0.101036 0.101101
73.1139 10 0.101082 0.101049 0.101116
73.7904 10 0.101083 0.101051 0.101116
74.4732 10 0.10108 0.101048 0.101112
75.1623 10 0.101064 0.101033 0.101096
75.8578 10 0.101063 0.101032 0.101095
76.5597 10 0.101062 0.10103 0.101094
77.2681 10 0.101052 0.10102 0.101083
77.983 10 0.101054 0.101023 0.101085
78.7046 10 0.101075 0.101043 0.101108
79.4328 10 0.101054 0.101022 0.101085
80.1678 10 0.10104 0.10101 0.10107
80.9096 10 0.101052 0.101019 0.101084
81.6582 10 0.101032 0.101001 0.101062
82.4138 10 0.101051 0.101021 0.101081
83.1764 10 0.101063 0.101031 0.101095
83.946 10 0.101041 0.101011 0.101071
84.7227 10 0.10105 0.101018 0.101081
85.5067 10 0.101051 0.101019 0.101083
86.2979 10 0.101046 0.101015 0.101077
87.0964 10 0.101017 0.100988 0.101046
87.9023 10 0.101008 0.100979 0.101038
88.7156 10 0.101019 0.100989 0.101048
89.5365 10 0.101013 0.100982 0.101043
90.3649 10 0.101013 0.100983 0.101044
91.2011 10 0.100994 0.100964 0.101024
92.045 10 0.101019 0.100988 0.101049
92.8966 10 0.101004 0.100974 0.101034
93.7562 10 0.101031 0.101002 0.101061
94.6237 10 0.101018 0.100989 0.101048
95.4993 10 0.10101 0.10098 0.10104
96.3829 10 0.100996 0.100966 0.101025
97.2747 10 0.101006 0.100976 0.101037
98.1748 10 0.101027 0.100997 0.101057
99.0832 10 0.100988 0.100959 0.101017
