//tau lambda mean lower_bound upper_bound
0.01 1.158 0.992507 0.989471 0.995543
0.0100925 1.169 0.99052 0.987031 0.99401
0.0101859 1.167 0.989238 0.985435 0.993041
0.0102802 1.16 0.988887 0.985142 0.992631
0.0103753 1.171 0.986726 0.982538 0.990914
0.0104713 1.165 0.98642 0.982204 0.990637
0.0105682 1.164 0.986358 0.982157 0.990558
0.010666 1.17 0.990387 0.986891 0.993883
0.0107647 1.185 0.988368 0.984545 0.992191
0.0108643 1.176 0.988342 0.984479 0.992205
0.0109648 1.17 0.98801 0.983991 0.99203
0.0110662 1.165 0.98832 0.984295 0.992344
0.0111686 1.167 0.989963 0.986461 0.993466
0.011272 1.176 0.989084 0.985349 0.992819
0.0113763 1.169 0.99004 0.986303 0.993776
0.0114815 1.185 0.989694 0.986006 0.993382
0.0115878 1.174 0.989788 0.986263 0.993312
0.011695 1.177 0.99024 0.986778 0.993702
0.0118032 1.191 0.98616 0.982077 0.990244
0.0119124 1.182 0.992822 0.99004 0.995604
0.0120226 1.185 0.988217 0.984394 0.99204
0.0121339 1.172 0.986498 0.982339 0.990658
0.0122462 1.198 0.987721 0.983779 0.991663
0.0123595 1.224 0.985876 0.981615 0.990137
0.0124738 1.213 0.984167 0.97958 0.988754
0.0125893 1.213 0.988054 0.984274 0.991834
0.0127057 1.208 0.988895 0.98529 0.992501
0.0128233 1.177 0.990287 0.986897 0.993677
0.012942 1.212 0.987171 0.983253 0.99109
0.0130617 1.193 0.99096 0.987575 0.994344
0.0131826 1.226 0.989438 0.985913 0.992964
0.0133045 1.21 0.987915 0.983922 0.991908
0.0134276 1.207 0.988063 0.984303 0.991824
0.0135519 1.218 0.988934 0.985357 0.99251
0.0136773 1.219 0.985775 0.981489 0.990062
0.0138038 1.183 0.985776 0.981419 0.990133
0.0139316 1.224 0.984127 0.979422 0.988832
0.0140605 1.247 0.984883 0.980466 0.9893
0.0141906 1.218 0.987 0.982981 0.991018
0.0143219 1.238 0.980839 0.976023 0.985655
0.0144544 1.234 0.984339 0.979982 0.988696
0.0145881 1.258 0.984156 0.979577 0.988735
0.0147231 1.227 0.989884 0.98664 0.993128
0.0148594 1.239 0.986693 0.982675 0.99071
0.0149968 1.236 0.986167 0.982027 0.990308
0.0151356 1.24 0.984288 0.979921 0.988654
0.0152757 1.237 0.988433 0.984717 0.992149
0.015417 1.251 0.985436 0.981286 0.989586
0.0155597 1.265 0.982558 0.977682 0.987435
0.0157036 1.244 0.984582 0.980225 0.988939
0.0158489 1.258 0.984344 0.979709 0.98898
0.0159956 1.249 0.982746 0.977964 0.987528
0.0161436 1.269 0.982758 0.978204 0.987313
0.016293 1.252 0.982071 0.977264 0.986878
0.0164437 1.265 0.983091 0.978501 0.987681
0.0165959 1.265 0.986306 0.982355 0.990257
0.0167494 1.282 0.980948 0.976288 0.985607
0.0169044 1.274 0.984339 0.979905 0.988773
0.0170608 1.265 0.981852 0.97693 0.986774
0.0172187 1.289 0.983242 0.978726 0.987757
0.017378 1.276 0.98016 0.974873 0.985447
0.0175388 1.273 0.983026 0.978495 0.987557
0.0177011 1.287 0.984461 0.980103 0.988818
0.0178649 1.282 0.983002 0.978538 0.987466
0.0180302 1.297 0.982454 0.977932 0.986976
0.018197 1.3 0.98011 0.975053 0.985167
0.0183654 1.296 0.980328 0.975373 0.985283
0.0185353 1.304 0.977195 0.97186 0.982531
0.0187068 1.339 0.977184 0.971829 0.982539
0.0188799 1.31 0.980752 0.975721 0.985783
0.0190546 1.28 0.985838 0.981827 0.989848
0.0192309 1.353 0.977269 0.971828 0.98271
0.0194089 1.299 0.977696 0.972282 0.983109
0.0195884 1.329 0.984208 0.980012 0.988405
0.0197697 1.314 0.978924 0.973915 0.983934
0.0199526 1.349 0.977623 0.972235 0.98301
0.0201372 1.327 0.983561 0.979015 0.988107
0.0203236 1.317 0.985446 0.98139 0.989502
0.0205116 1.326 0.978921 0.973601 0.984241
0.0207014 1.342 0.98406 0.979815 0.988305
0.020893 1.326 0.974938 0.969381 0.980495
0.0210863 1.351 0.978988 0.973681 0.984294
0.0212814 1.346 0.976086 0.970655 0.981517
0.0214783 1.336 0.979174 0.973914 0.984433
0.021677 1.387 0.974812 0.969194 0.98043
0.0218776 1.357 0.978533 0.973301 0.983765
0.02208 1.326 0.980559 0.975545 0.985573
0.0222844 1.321 0.976173 0.970674 0.981672
0.0224905 1.353 0.977447 0.972235 0.982659
0.0226986 1.31 0.979667 0.974545 0.984788
0.0229087 1.378 0.980713 0.975872 0.985554
0.0231206 1.339 0.984036 0.979958 0.988115
0.0233346 1.397 0.979486 0.974526 0.984445
0.0235505 1.393 0.973233 0.967283 0.979183
0.0237684 1.402 0.973868 0.968111 0.979625
0.0239883 1.374 0.978924 0.973727 0.984122
0.0242103 1.388 0.976227 0.970837 0.981617
0.0244343 1.399 0.975697 0.97011 0.981284
0.0246604 1.377 0.97507 0.969444 0.980697
0.0248886 1.414 0.974929 0.969281 0.980578
0.0251189 1.398 0.976716 0.971369 0.982063
0.0253513 1.391 0.976785 0.971512 0.982057
0.0255859 1.394 0.979855 0.975 0.984709
0.0258226 1.394 0.97639 0.971101 0.981679
0.0260615 1.43 0.973968 0.968413 0.979523
0.0263027 1.404 0.974759 0.969137 0.98038
0.0265461 1.412 0.976836 0.971536 0.982136
0.0267917 1.46 0.965698 0.959135 0.97226
0.0270396 1.418 0.971332 0.96531 0.977353
0.0272898 1.448 0.974972 0.969362 0.980582
0.0275423 1.422 0.972713 0.966924 0.978502
0.0277971 1.449 0.971805 0.965996 0.977615
0.0280543 1.449 0.975632 0.970215 0.981049
0.0283139 1.449 0.975107 0.969609 0.980604
0.0285759 1.475 0.967787 0.96129 0.974283
0.0288403 1.468 0.975677 0.970327 0.981028
0.0291072 1.458 0.973163 0.967253 0.979073
0.0293765 1.47 0.967799 0.961813 0.973786
0.0296483 1.47 0.971701 0.965682 0.97772
0.0299226 1.521 0.97147 0.965676 0.977264
0.0301995 1.484 0.97067 0.964716 0.976623
0.0304789 1.476 0.976358 0.970953 0.981763
0.030761 1.507 0.973616 0.96793 0.979302
0.0310456 1.489 0.970201 0.964183 0.976219
0.0313329 1.477 0.964218 0.957532 0.970903
0.0316228 1.527 0.969012 0.963067 0.974956
0.0319154 1.52 0.967026 0.960895 0.973157
0.0322107 1.524 0.972389 0.96663 0.978147
0.0325087 1.533 0.965598 0.959035 0.972161
0.0328095 1.529 0.971522 0.965779 0.977265
0.0331131 1.51 0.967197 0.960821 0.973572
0.0334195 1.495 0.96861 0.962535 0.974685
0.0337287 1.536 0.969856 0.963955 0.975757
0.0340408 1.59 0.968145 0.962194 0.974096
0.0343558 1.521 0.972219 0.966642 0.977796
0.0346737 1.551 0.964865 0.958375 0.971355
0.0349945 1.537 0.970675 0.964758 0.976591
0.0353183 1.593 0.963925 0.957206 0.970645
0.0356451 1.588 0.965124 0.958644 0.971604
0.0359749 1.599 0.966676 0.960057 0.973296
0.0363078 1.554 0.965465 0.959044 0.971886
0.0366438 1.621 0.964648 0.958309 0.970988
0.0369828 1.578 0.959177 0.95198 0.966374
0.037325 1.612 0.958991 0.951949 0.966034
0.0376704 1.604 0.956759 0.949447 0.964072
0.0380189 1.618 0.962394 0.955559 0.96923
0.0383707 1.613 0.963617 0.95711 0.970125
0.0387258 1.597 0.964852 0.958494 0.97121
0.0390841 1.679 0.962733 0.955785 0.969681
0.0394457 1.633 0.964364 0.957905 0.970823
0.0398107 1.64 0.957914 0.950846 0.964982
0.0401791 1.664 0.959094 0.952054 0.966134
0.0405509 1.656 0.957997 0.950797 0.965198
0.0409261 1.679 0.960749 0.954151 0.967348
0.0413048 1.65 0.959799 0.952963 0.966636
0.0416869 1.649 0.961917 0.955117 0.968717
0.0420727 1.676 0.961867 0.955226 0.968508
0.042462 1.706 0.959705 0.953108 0.966301
0.0428549 1.696 0.957516 0.950398 0.964634
0.0432514 1.677 0.956662 0.949573 0.963751
0.0436516 1.671 0.96245 0.955893 0.969007
0.0440555 1.738 0.950554 0.942772 0.958335
0.0444631 1.782 0.956061 0.949041 0.963082
0.0448745 1.705 0.955454 0.948146 0.962761
0.0452898 1.724 0.961354 0.954671 0.968036
0.0457088 1.754 0.955389 0.948176 0.962601
0.0461318 1.788 0.947971 0.940174 0.955767
0.0465586 1.806 0.949412 0.941759 0.957066
0.0469894 1.776 0.949616 0.941958 0.957274
0.0474242 1.706 0.951319 0.943808 0.95883
0.047863 1.801 0.956086 0.948952 0.963219
0.0483059 1.783 0.955541 0.948428 0.962654
0.0487528 1.707 0.953373 0.945676 0.96107
0.049204 1.813 0.957336 0.950401 0.964272
0.0496592 1.792 0.956028 0.948915 0.963141
0.0501187 1.813 0.952868 0.945681 0.960054
0.0505825 1.826 0.95129 0.943677 0.958902
0.0510505 1.825 0.951261 0.943775 0.958748
0.0515229 1.819 0.953572 0.946257 0.960886
0.0519996 1.81 0.949601 0.942047 0.957155
0.0524807 1.799 0.951924 0.944169 0.959679
0.0529663 1.895 0.952623 0.944962 0.960283
0.0534564 1.878 0.953128 0.945642 0.960614
0.0539511 1.884 0.947329 0.939377 0.955281
0.0544503 1.861 0.949531 0.941875 0.957186
0.0549541 1.868 0.949058 0.941373 0.956744
0.0554626 1.912 0.945512 0.937608 0.953415
0.0559758 1.869 0.94001 0.931455 0.948565
0.0564937 1.919 0.945931 0.938067 0.953796
0.0570164 1.958 0.9438 0.935777 0.951822
0.057544 1.967 0.948878 0.941458 0.956298
0.0580764 1.977 0.944147 0.936025 0.952268
0.0586138 1.95 0.945992 0.93785 0.954133
0.0591562 1.948 0.947758 0.940013 0.955503
0.0597035 1.962 0.947457 0.939799 0.955115
0.060256 2.003 0.937333 0.928987 0.945679
0.0608135 1.987 0.943766 0.935753 0.951779
0.0613762 1.963 0.939969 0.93168 0.948258
0.0619441 2.03 0.93951 0.931221 0.947799
0.0625173 1.994 0.93469 0.926121 0.94326
0.0630957 2.026 0.939436 0.931099 0.947773
0.0636796 2.016 0.939681 0.931595 0.947766
0.0642688 2.021 0.939428 0.930959 0.947897
0.0648634 2.022 0.937996 0.929707 0.946284
0.0654636 2.127 0.931902 0.923047 0.940757
0.0660693 2.051 0.941405 0.933367 0.949443
0.0666807 2.028 0.93769 0.929414 0.945966
0.0672977 2.156 0.926758 0.917569 0.935946
0.0679204 2.059 0.928962 0.919911 0.938012
0.0685488 2.121 0.93499 0.926323 0.943656
0.0691831 2.077 0.937587 0.929091 0.946083
0.0698232 2.161 0.930062 0.921079 0.939045
0.0704693 2.201 0.92032 0.910961 0.929679
0.0711214 2.132 0.935475 0.926917 0.944033
0.0717794 2.096 0.937559 0.929368 0.94575
0.0724436 2.14 0.931199 0.922373 0.940024
0.0731139 2.17 0.929345 0.92034 0.938349
0.0737904 2.19 0.934479 0.926092 0.942866
0.0744732 2.16 0.935725 0.927374 0.944077
0.0751623 2.173 0.927472 0.918409 0.936534
0.0758578 2.258 0.916667 0.90703 0.926303
0.0765597 2.209 0.931623 0.923056 0.94019
0.0772681 2.32 0.928266 0.919433 0.937099
0.077983 2.241 0.916847 0.907075 0.926619
0.0787046 2.32 0.920614 0.911105 0.930122
0.0794328 2.255 0.931917 0.923079 0.940755
0.0801678 2.262 0.91996 0.910541 0.92938
0.0809096 2.301 0.925005 0.915823 0.934186
0.0816582 2.319 0.920756 0.9114 0.930112
0.0824138 2.326 0.918873 0.909442 0.928305
0.0831764 2.323 0.918044 0.908715 0.927374
0.083946 2.362 0.923411 0.914362 0.93246
0.0847227 2.392 0.916126 0.906424 0.925829
0.0855067 2.377 0.914465 0.904705 0.924224
0.0862979 2.363 0.926549 0.917549 0.935549
0.0870964 2.355 0.920294 0.910889 0.929698
0.0879023 2.413 0.91877 0.909188 0.928352
0.0887156 2.377 0.91724 0.907791 0.926688
0.0895365 2.51 0.907063 0.897157 0.91697
0.0903649 2.444 0.909049 0.899149 0.918949
0.0912011 2.478 0.909889 0.900092 0.919686
0.092045 2.442 0.915693 0.906257 0.925129
0.0928966 2.495 0.909038 0.89914 0.918937
0.0937562 2.495 0.913545 0.903926 0.923163
0.0946237 2.504 0.90968 0.899503 0.919856
0.0954993 2.546 0.91732 0.908073 0.926568
0.0963829 2.556 0.912201 0.902372 0.922029
0.0972747 2.494 0.920457 0.911601 0.929312
0.0981748 2.598 0.907251 0.897053 0.91745
0.0990832 2.657 0.903248 0.893037 0.91346
0.1 2.652 0.910467 0.900793 0.920142
0.100925 2.728 0.903186 0.892977 0.913394
0.101859 2.641 0.902536 0.892247 0.912826
0.102802 2.645 0.907517 0.897649 0.917385
0.103753 2.749 0.90218 0.891983 0.912377
0.104713 2.692 0.906597 0.896554 0.916639
0.105682 2.717 0.898987 0.888756 0.909218
0.10666 2.637 0.896362 0.885708 0.907016
0.107647 2.716 0.901819 0.891594 0.912044
0.108643 2.786 0.899691 0.889468 0.909913
0.109648 2.821 0.898142 0.887724 0.90856
0.110662 2.81 0.892341 0.881622 0.90306
0.111686 2.739 0.89819 0.887958 0.908422
0.11272 2.779 0.898414 0.887973 0.908854
0.113763 2.839 0.889794 0.879149 0.900439
0.114815 2.833 0.888614 0.877795 0.899433
0.115878 2.823 0.895461 0.884891 0.906032
0.11695 2.904 0.889431 0.878774 0.900088
0.118032 2.938 0.892558 0.882147 0.902968
0.119124 2.91 0.882472 0.871406 0.893538
0.120226 2.886 0.885817 0.874799 0.896836
0.121339 2.927 0.892185 0.88119 0.903181
0.122462 2.991 0.88532 0.874155 0.896485
0.123595 3.042 0.874487 0.863052 0.885923
0.124738 2.906 0.889727 0.878839 0.900616
0.125893 3.021 0.883146 0.87191 0.894382
0.127057 2.96 0.882785 0.871801 0.893769
0.128233 3.09 0.879409 0.868263 0.890554
0.12942 3.057 0.876597 0.865328 0.887865
0.130617 3.13 0.87477 0.863538 0.886002
0.131826 3.133 0.879019 0.867645 0.890392
0.133045 3.18 0.88244 0.871367 0.893512
0.134276 3.15 0.873534 0.861984 0.885084
0.135519 3.153 0.88069 0.869529 0.891852
0.136773 3.148 0.884473 0.873893 0.895052
0.138038 3.235 0.882728 0.871959 0.893498
0.139316 3.231 0.876345 0.86506 0.887629
0.140605 3.273 0.873517 0.862398 0.884635
0.141906 3.245 0.864593 0.853178 0.876008
0.143219 3.297 0.87733 0.865942 0.888718
0.144544 3.218 0.866806 0.855175 0.878437
0.145881 3.289 0.86269 0.850933 0.874447
0.147231 3.362 0.869016 0.85727 0.880761
0.148594 3.369 0.868857 0.857524 0.88019
0.149968 3.481 0.857313 0.84562 0.869005
0.151356 3.306 0.869719 0.858327 0.881111
0.152757 3.376 0.867287 0.855739 0.878834
0.15417 3.456 0.858632 0.847038 0.870226
0.155597 3.41 0.863694 0.851762 0.875627
0.157036 3.605 0.845858 0.833765 0.85795
0.158489 3.55 0.850301 0.838116 0.862487
0.159956 3.524 0.857352 0.84562 0.869083
0.161436 3.488 0.863789 0.851895 0.875683
0.16293 3.586 0.854713 0.842691 0.866735
0.164437 3.576 0.838412 0.825972 0.850853
0.165959 3.718 0.851267 0.839509 0.863025
0.167494 3.677 0.850424 0.838541 0.862306
0.169044 3.682 0.848816 0.83695 0.860682
0.170608 3.762 0.848162 0.836275 0.860049
0.172187 3.804 0.850362 0.838571 0.862154
0.17378 3.76 0.857167 0.845714 0.868619
0.175388 3.769 0.843656 0.831714 0.855598
0.177011 3.711 0.854598 0.842899 0.866296
0.178649 3.86 0.835187 0.822968 0.847406
0.180302 3.811 0.83676 0.824433 0.849087
0.18197 3.954 0.841967 0.829836 0.854098
0.183654 3.977 0.839705 0.827617 0.851793
0.185353 4.062 0.825942 0.813284 0.8386
0.187068 4.052 0.839171 0.826912 0.85143
0.188799 4.003 0.828974 0.816519 0.841429
0.190546 4.035 0.830726 0.81822 0.843232
0.192309 4.032 0.831594 0.819251 0.843938
0.194089 4.113 0.829918 0.817414 0.842422
0.195884 4.18 0.821433 0.808664 0.834202
0.197697 4.113 0.840632 0.82843 0.852834
0.199526 4.204 0.828938 0.816481 0.841395
0.201372 4.192 0.825275 0.812478 0.838071
0.203236 4.267 0.813564 0.800904 0.826223
0.205116 4.208 0.815293 0.80254 0.828045
0.207014 4.252 0.826353 0.813808 0.838897
0.20893 4.288 0.816126 0.803245 0.829008
0.210863 4.411 0.809427 0.796463 0.822391
0.212814 4.417 0.810425 0.79746 0.82339
0.214783 4.323 0.822114 0.809559 0.83467
0.21677 4.392 0.812952 0.799821 0.826083
0.218776 4.411 0.825913 0.81338 0.838446
0.2208 4.632 0.807593 0.794741 0.820445
0.222844 4.602 0.80397 0.791018 0.816922
0.224905 4.446 0.814799 0.801845 0.827754
0.226986 4.651 0.808263 0.795524 0.821002
0.229087 4.569 0.798207 0.784808 0.811606
0.231206 4.792 0.795411 0.78219 0.808631
0.233346 4.697 0.803619 0.790551 0.816687
0.235505 4.742 0.794748 0.78144 0.808056
0.237684 4.807 0.789725 0.776404 0.803046
0.239883 4.777 0.805285 0.792506 0.818064
0.242103 4.838 0.791953 0.779028 0.804878
0.244343 4.904 0.788394 0.775078 0.80171
0.246604 4.927 0.789029 0.775726 0.802333
0.248886 4.936 0.793096 0.780054 0.806139
0.251189 4.989 0.775267 0.76194 0.788595
0.253513 5.119 0.779089 0.765696 0.792482
0.255859 5.149 0.783481 0.77011 0.796853
0.258226 5.088 0.780383 0.766835 0.793931
0.260615 5.001 0.791427 0.778277 0.804576
0.263027 5.298 0.773281 0.759696 0.786865
0.265461 5.159 0.77157 0.757886 0.785254
0.267917 5.209 0.779207 0.765678 0.792736
0.270396 5.301 0.779511 0.766368 0.792653
0.272898 5.356 0.765817 0.752199 0.779435
0.275423 5.342 0.766081 0.752589 0.779573
0.277971 5.463 0.770801 0.757419 0.784182
0.280543 5.573 0.761088 0.747625 0.774551
0.283139 5.494 0.757279 0.743455 0.771104
0.285759 5.521 0.756948 0.743212 0.770683
0.288403 5.527 0.761971 0.748292 0.775649
0.291072 5.679 0.755772 0.742016 0.769529
0.293765 5.612 0.762265 0.748596 0.775934
0.296483 5.848 0.754893 0.741252 0.768533
0.299226 5.771 0.749335 0.735547 0.763123
0.301995 5.8 0.743124 0.729465 0.756783
0.304789 5.772 0.754973 0.741235 0.768712
0.30761 5.861 0.739717 0.725496 0.753937
0.310456 5.952 0.736342 0.722428 0.750255
0.313329 5.875 0.751689 0.738074 0.765304
0.316228 5.958 0.748211 0.734372 0.76205
0.319154 5.943 0.745293 0.731777 0.75881
0.322107 6.115 0.748444 0.734946 0.761941
0.325087 6.127 0.742075 0.728295 0.755855
0.328095 6.258 0.735208 0.721296 0.74912
0.331131 6.138 0.732275 0.718433 0.746116
0.334195 6.251 0.733695 0.719663 0.747728
0.337287 6.346 0.724516 0.7103 0.738732
0.340408 6.27 0.730846 0.716995 0.744698
0.343558 6.38 0.728174 0.713987 0.742361
0.346737 6.433 0.730071 0.716323 0.743819
0.349945 6.495 0.731346 0.717562 0.745129
0.353183 6.519 0.72402 0.710011 0.738029
0.356451 6.637 0.710539 0.696391 0.724687
0.359749 6.702 0.707107 0.693248 0.720966
0.363078 6.709 0.710983 0.697039 0.724928
0.366438 6.782 0.710083 0.695629 0.724537
0.369828 6.967 0.712915 0.698855 0.726974
0.37325 6.839 0.714002 0.7 0.728004
0.376704 6.962 0.693167 0.678814 0.70752
0.380189 6.928 0.702831 0.688987 0.716675
0.383707 7.107 0.705946 0.691952 0.71994
0.387258 7.068 0.702133 0.688123 0.716143
0.390841 7.145 0.710551 0.696416 0.724687
0.394457 7.183 0.701036 0.686622 0.71545
0.398107 7.185 0.691453 0.677236 0.705669
0.401791 7.151 0.70233 0.688319 0.716341
0.405509 7.306 0.686369 0.672205 0.700532
0.409261 7.428 0.682973 0.669008 0.696938
0.413048 7.352 0.68873 0.674887 0.702572
0.416869 7.445 0.686201 0.67188 0.700522
0.420727 7.635 0.664283 0.650191 0.678374
0.42462 7.652 0.6803 0.666045 0.694556
0.428549 7.572 0.689712 0.67528 0.704144
0.432514 7.658 0.666547 0.652337 0.680757
0.436516 7.744 0.66733 0.653014 0.681647
0.440555 7.686 0.673606 0.659663 0.687549
0.444631 7.742 0.678993 0.664766 0.69322
0.448745 7.889 0.659917 0.645732 0.674103
0.452898 8.057 0.659815 0.645612 0.674018
0.457088 7.894 0.657683 0.643658 0.671707
0.461318 8.104 0.652794 0.638718 0.66687
0.465586 8.159 0.645617 0.631384 0.659851
0.469894 8.232 0.647386 0.63336 0.661411
0.474242 8.191 0.650835 0.636819 0.664852
0.47863 8.169 0.657586 0.643393 0.67178
0.483059 8.292 0.645712 0.631659 0.659766
0.487528 8.414 0.640891 0.626785 0.654997
0.49204 8.463 0.638265 0.624204 0.652327
0.496592 8.373 0.637551 0.6233 0.651802
0.501187 8.511 0.638115 0.624005 0.652226
0.505825 8.592 0.625225 0.611288 0.639161
0.510505 8.584 0.634332 0.620414 0.648251
0.515229 8.682 0.618719 0.60468 0.632758
0.519996 8.763 0.618663 0.604531 0.632794
0.524807 8.707 0.632869 0.618475 0.647262
0.529663 8.746 0.623772 0.609582 0.637963
0.534564 8.882 0.6261 0.612049 0.640152
0.539511 8.892 0.60642 0.59247 0.620369
0.544503 9.116 0.595613 0.581928 0.609298
0.549541 9.033 0.61103 0.597251 0.624809
0.554626 9.02 0.615217 0.601225 0.629209
0.559758 9.124 0.605435 0.59148 0.619391
0.564937 9.157 0.598849 0.585181 0.612517
0.570164 9.159 0.599123 0.58478 0.613466
0.57544 9.262 0.597916 0.584085 0.611747
0.580764 9.289 0.599075 0.584905 0.613244
0.586138 9.333 0.598909 0.584683 0.613135
0.591562 9.428 0.589214 0.575198 0.603231
0.597035 9.433 0.595224 0.581325 0.609123
0.60256 9.394 0.596068 0.582173 0.609963
0.608135 9.537 0.578202 0.564645 0.591759
0.613762 9.58 0.578825 0.564757 0.592893
0.619441 9.558 0.580844 0.566906 0.594783
0.625173 9.756 0.57295 0.559544 0.586356
0.630957 9.736 0.572874 0.559282 0.586466
0.636796 9.742 0.584267 0.57065 0.597884
0.642688 9.85 0.567144 0.553101 0.581188
0.648634 9.892 0.550111 0.536491 0.56373
0.654636 9.912 0.56835 0.554783 0.581918
0.660693 9.884 0.568816 0.555069 0.582564
0.666807 9.952 0.558574 0.54484 0.572308
0.672977 9.98 0.56711 0.553449 0.58077
0.679204 10.032 0.55632 0.542606 0.570034
0.685488 10.102 0.53981 0.526403 0.553217
0.691831 10.083 0.533914 0.520888 0.54694
0.698232 10.151 0.55272 0.539459 0.565981
0.704693 10.14 0.545004 0.531674 0.558334
0.711214 10.192 0.554622 0.541118 0.568127
0.717794 10.255 0.529417 0.516336 0.542498
0.724436 10.301 0.520045 0.506834 0.533255
0.731139 10.266 0.528022 0.514649 0.541394
0.737904 10.278 0.543755 0.530308 0.557202
0.744732 10.418 0.523739 0.510722 0.536755
0.751623 10.364 0.523953 0.510706 0.5372
0.758578 10.378 0.52319 0.510293 0.536086
0.765597 10.443 0.521634 0.508124 0.535145
0.772681 10.497 0.508898 0.496033 0.521764
0.77983 10.479 0.514288 0.501447 0.527128
0.787046 10.481 0.519379 0.506412 0.532346
0.794328 10.511 0.519088 0.50582 0.532356
0.801678 10.597 0.499094 0.486252 0.511935
0.809096 10.585 0.490281 0.477597 0.502966
0.816582 10.584 0.505705 0.492849 0.51856
0.824138 10.613 0.502024 0.488945 0.515103
0.831764 10.625 0.49072 0.478279 0.50316
0.83946 10.689 0.501515 0.488539 0.51449
0.847227 10.656 0.491397 0.47868 0.504114
0.855067 10.703 0.49991 0.487105 0.512714
0.862979 10.731 0.4858 0.473241 0.498358
0.870964 10.741 0.479688 0.467573 0.491804
0.879023 10.734 0.483003 0.47044 0.495566
0.887156 10.802 0.476732 0.464094 0.48937
0.895365 10.801 0.480119 0.467481 0.492758
0.903649 10.779 0.460058 0.448234 0.471882
0.912011 10.815 0.459647 0.44745 0.471843
0.92045 10.834 0.460672 0.448399 0.472945
0.928966 10.861 0.462359 0.450037 0.47468
0.937562 10.855 0.455376 0.4431 0.467651
0.946237 10.811 0.452204 0.44041 0.463998
0.954993 10.855 0.45482 0.442708 0.466932
0.963829 10.858 0.457651 0.445753 0.46955
0.972747 10.871 0.442779 0.431241 0.454317
0.981748 10.842 0.452597 0.440283 0.46491
0.990832 10.925 0.434562 0.423224 0.4459
1 10.902 0.437291 0.42587 0.448711
1.00925 10.905 0.432268 0.4203 0.444236
1.01859 10.921 0.433065 0.421694 0.444437
1.02802 10.943 0.419766 0.408276 0.431257
1.03753 10.923 0.42611 0.41463 0.437591
1.04713 10.943 0.420739 0.409762 0.431715
1.05682 10.944 0.418931 0.407947 0.429916
1.0666 10.952 0.421147 0.409852 0.432442
1.07647 10.962 0.415816 0.404627 0.427004
1.08643 10.946 0.417589 0.40624 0.428938
1.09648 10.972 0.407596 0.396735 0.418457
1.10662 10.942 0.402134 0.391243 0.413025
1.11686 10.963 0.401918 0.391367 0.41247
1.1272 10.965 0.404294 0.392787 0.415801
1.13763 10.98 0.403379 0.39237 0.414387
1.14815 10.971 0.397042 0.385874 0.40821
1.15878 10.978 0.394299 0.383545 0.405052
1.1695 10.973 0.398088 0.387213 0.408963
1.18032 10.988 0.391394 0.38099 0.401798
1.19124 10.992 0.393837 0.383131 0.404543
1.20226 10.988 0.389251 0.378631 0.399871
1.21339 10.992 0.373446 0.363667 0.383225
1.22462 10.993 0.376118 0.365788 0.386447
1.23595 10.99 0.37004 0.360037 0.380044
1.24738 10.986 0.377071 0.366879 0.387263
1.25893 10.995 0.377438 0.367223 0.387652
1.27057 10.996 0.363196 0.353322 0.373071
1.28233 10.993 0.372757 0.362643 0.382871
1.2942 10.991 0.369977 0.36003 0.379924
1.30617 10.994 0.355066 0.345549 0.364583
1.31826 10.998 0.367643 0.357197 0.378089
1.33045 10.998 0.357195 0.347224 0.367166
1.34276 10.98 0.364191 0.354224 0.374158
1.35519 10.998 0.351911 0.342226 0.361596
1.36773 10.995 0.350084 0.34038 0.359789
1.38038 10.998 0.347125 0.337754 0.356497
1.39316 10.998 0.342771 0.333101 0.352442
1.40605 10.998 0.344751 0.335493 0.354009
1.41906 10.999 0.343463 0.334037 0.352888
1.43219 11 0.341069 0.331434 0.350704
1.44544 11 0.334953 0.325651 0.344256
1.45881 10.995 0.333566 0.324814 0.342317
1.47231 10.999 0.32846 0.319797 0.337122
1.48594 10.998 0.331628 0.322408 0.340848
1.49968 11 0.327887 0.318881 0.336893
1.51356 10.998 0.322297 0.314066 0.330529
1.52757 11 0.32123 0.31272 0.32974
1.5417 11 0.314308 0.30581 0.322807
1.55597 10.997 0.318937 0.310025 0.327849
1.57036 11 0.310574 0.302195 0.318953
1.58489 11 0.311027 0.302579 0.319475
1.59956 11 0.309642 0.301153 0.318131
1.61436 11 0.310882 0.302172 0.319592
1.6293 11 0.29948 0.291498 0.307462
1.64437 11 0.29495 0.287357 0.302543
1.65959 11 0.299259 0.29117 0.307349
1.67494 11 0.29458 0.286869 0.302291
1.69044 11 0.300096 0.291817 0.308375
1.70608 11 0.294984 0.287321 0.302646
1.72187 11 0.296445 0.28856 0.30433
1.7378 11 0.284206 0.277064 0.291349
1.75388 11 0.288301 0.28096 0.295643
1.77011 11 0.284689 0.276868 0.292511
1.78649 11 0.279763 0.272433 0.287093
1.80302 11 0.278223 0.271121 0.285324
1.8197 11 0.278938 0.271333 0.286544
1.83654 11 0.281786 0.27431 0.289262
1.85353 11 0.273857 0.266666 0.281048
1.87068 10.999 0.272805 0.265685 0.279925
1.88799 11 0.270668 0.263404 0.277932
1.90546 11 0.267734 0.260609 0.274859
1.92309 11 0.262754 0.256128 0.26938
1.94089 11 0.260567 0.253906 0.267228
1.95884 11 0.267123 0.26006 0.274186
1.97697 11 0.263838 0.257018 0.270658
1.99526 11 0.25889 0.252208 0.265572
2.01372 11 0.257256 0.2509 0.263613
2.03236 11 0.253356 0.246613 0.260098
2.05116 11 0.256734 0.250151 0.263318
2.07014 11 0.247484 0.241159 0.253809
2.0893 11 0.244784 0.238596 0.250972
2.10863 11 0.247102 0.24069 0.253513
2.12814 11 0.24462 0.238303 0.250937
2.14783 11 0.242432 0.236386 0.248477
2.1677 11 0.241897 0.236241 0.247553
2.18776 11 0.236846 0.230803 0.242889
2.208 11 0.239899 0.233705 0.246094
2.22844 11 0.230703 0.224849 0.236557
2.24905 11 0.232131 0.226185 0.238077
2.26986 11 0.228781 0.223273 0.234289
2.29087 11 0.222839 0.217513 0.228165
2.31206 11 0.225807 0.220162 0.231452
2.33346 11 0.225554 0.220276 0.230832
2.35505 11 0.216488 0.211489 0.221488
2.37684 11 0.221967 0.216415 0.227519
2.39883 11 0.223309 0.217857 0.228761
2.42103 11 0.220293 0.215051 0.225535
2.44343 11 0.220342 0.215255 0.22543
2.46604 11 0.217155 0.211825 0.222485
2.48886 11 0.21161 0.207153 0.216066
2.51189 11 0.213392 0.208307 0.218477
2.53513 11 0.215802 0.210486 0.221118
2.55859 11 0.208249 0.20356 0.212938
2.58226 11 0.206661 0.201924 0.211397
2.60615 11 0.204891 0.200135 0.209647
2.63027 11 0.202203 0.197874 0.206532
2.65461 11 0.20443 0.199564 0.209297
2.67917 11 0.200088 0.195606 0.204571
2.70396 11 0.200002 0.19555 0.204453
2.72898 11 0.197824 0.193267 0.202381
2.75423 11 0.19556 0.191269 0.199851
2.77971 11 0.194233 0.190276 0.19819
2.80543 11 0.194053 0.189703 0.198403
2.83139 11 0.191785 0.18765 0.19592
2.85759 11 0.187307 0.183662 0.190953
2.88403 11 0.190449 0.186468 0.19443
2.91072 11 0.19102 0.186579 0.195462
2.93765 11 0.183346 0.179759 0.186933
2.96483 11 0.189293 0.18507 0.193516
2.99226 11 0.184946 0.180806 0.189086
3.01995 11 0.184722 0.180955 0.18849
3.04789 11 0.181522 0.177746 0.185299
3.0761 11 0.179941 0.17598 0.183902
3.10456 11 0.177894 0.174358 0.181431
3.13329 11 0.179074 0.175426 0.182722
3.16228 11 0.175791 0.172313 0.179268
3.19154 11 0.17522 0.171756 0.178684
3.22107 11 0.170955 0.167606 0.174304
3.25087 11 0.172651 0.16919 0.176112
3.28095 11 0.172306 0.168804 0.175807
3.31131 11 0.16772 0.164567 0.170873
3.34195 11 0.169999 0.166605 0.173394
3.37287 11 0.170043 0.166548 0.173539
3.40408 11 0.165483 0.162206 0.168759
3.43558 11 0.16522 0.162231 0.168209
3.46737 11 0.165335 0.162142 0.168528
3.49945 11 0.163 0.160156 0.165844
3.53183 11 0.16074 0.158021 0.163459
3.56451 11 0.162378 0.159392 0.165363
3.59749 11 0.160143 0.157399 0.162887
3.63078 11 0.15806 0.15538 0.16074
3.66438 11 0.155525 0.152996 0.158053
3.69828 11 0.156791 0.154133 0.159449
3.7325 11 0.157689 0.155022 0.160357
3.76704 11 0.15438 0.151709 0.157051
3.80189 11 0.153958 0.151165 0.156752
3.83707 11 0.151854 0.1494 0.154307
3.87258 11 0.151055 0.148498 0.153612
3.90841 11 0.151973 0.149338 0.154609
3.94457 11 0.150928 0.148626 0.153229
3.98107 11 0.149007 0.14648 0.151533
4.01791 11 0.15005 0.147446 0.152655
4.05509 11 0.146741 0.144387 0.149096
4.09261 11 0.148946 0.146402 0.15149
4.13048 11 0.147405 0.145099 0.149711
4.16869 11 0.145668 0.143507 0.14783
4.20727 11 0.142765 0.140676 0.144854
4.2462 11 0.143818 0.1414 0.146236
4.28549 11 0.142399 0.140219 0.144579
4.32514 11 0.141681 0.139511 0.143851
4.36516 11 0.138918 0.137099 0.140738
4.40555 11 0.140531 0.138494 0.142567
4.44631 11 0.138545 0.136602 0.140488
4.48745 11 0.139917 0.137905 0.14193
4.52898 11 0.138096 0.136144 0.140048
4.57088 11 0.136919 0.135058 0.13878
4.61318 11 0.134804 0.133034 0.136575
4.65586 11 0.135687 0.13387 0.137504
4.69894 11 0.136281 0.134101 0.138461
4.74242 11 0.135132 0.133324 0.13694
4.7863 11 0.13372 0.131979 0.13546
4.83059 11 0.133259 0.131508 0.13501
4.87528 11 0.131814 0.130115 0.133514
4.9204 11 0.130274 0.128724 0.131823
4.96592 11 0.131411 0.12965 0.133173
5.01187 11 0.131989 0.130266 0.133712
5.05825 11 0.130386 0.128648 0.132123
5.10505 11 0.128093 0.12648 0.129706
5.15229 11 0.129529 0.127927 0.131131
5.19996 11 0.126295 0.124929 0.12766
5.24807 11 0.127608 0.12604 0.129175
5.29663 11 0.127424 0.125958 0.12889
5.34564 11 0.126801 0.125226 0.128376
5.39511 11 0.124524 0.123099 0.125949
5.44503 11 0.124488 0.123007 0.125969
5.49541 11 0.124465 0.122929 0.126
5.54626 11 0.123122 0.121817 0.124428
5.59758 11 0.122825 0.121491 0.124158
5.64937 11 0.123931 0.122614 0.125248
5.70164 11 0.121665 0.120388 0.122943
5.7544 11 0.121576 0.120343 0.122808
5.80764 11 0.121476 0.120205 0.122746
5.86138 11 0.121195 0.119908 0.122483
5.91562 11 0.12075 0.119515 0.121984
5.97035 11 0.119831 0.118565 0.121097
6.0256 11 0.119288 0.118145 0.120432
6.08135 11 0.118967 0.117745 0.120188
6.13762 11 0.118476 0.117377 0.119576
6.19441 11 0.117917 0.116803 0.119031
6.25173 11 0.118082 0.117006 0.119159
6.30957 11 0.11642 0.115438 0.117403
6.36796 11 0.118201 0.117086 0.119317
6.42688 11 0.116372 0.115296 0.117448
6.48634 11 0.116288 0.115228 0.117348
6.54636 11 0.114958 0.113955 0.11596
6.60693 11 0.114324 0.113326 0.115322
6.66807 11 0.114003 0.11303 0.114976
6.72977 11 0.113318 0.112392 0.114244
6.79204 11 0.114073 0.113148 0.114997
6.85488 11 0.113081 0.112188 0.113975
6.91831 11 0.113115 0.112213 0.114017
6.98232 11 0.112961 0.112082 0.11384
7.04693 11 0.112084 0.111192 0.112976
7.11214 11 0.111645 0.110741 0.112549
7.17794 11 0.111469 0.110566 0.112373
7.24436 11 0.110999 0.110155 0.111842
7.31139 11 0.110041 0.109232 0.110851
7.37904 11 0.11038 0.10962 0.111141
7.44732 11 0.110198 0.109407 0.110988
7.51623 11 0.109508 0.108762 0.110255
7.58578 11 0.10914 0.108408 0.109872
7.65597 11 0.110179 0.10938 0.110977
7.72681 11 0.109377 0.108643 0.11011
7.7983 11 0.108482 0.10774 0.109225
7.87046 11 0.108243 0.107541 0.108946
7.94328 11 0.108136 0.10745 0.108823
8.01678 11 0.107766 0.107042 0.10849
8.09096 11 0.107605 0.106901 0.108308
8.16582 11 0.107567 0.106826 0.108308
8.24138 11 0.106449 0.105814 0.107083
8.31764 11 0.106836 0.106139 0.107533
8.3946 11 0.106331 0.105661 0.107001
8.47227 11 0.106088 0.105482 0.106693
8.55067 11 0.106089 0.105459 0.106719
8.62979 11 0.105982 0.10537 0.106594
8.70964 11 0.105912 0.105315 0.10651
8.79023 11 0.105225 0.104617 0.105833
8.87156 11 0.104965 0.104364 0.105565
8.95365 11 0.104866 0.104308 0.105424
9.03649 11 0.104695 0.10409 0.105301
9.12011 11 0.103968 0.103403 0.104533
9.2045 11 0.104018 0.103463 0.104572
9.28966 11 0.104144 0.103602 0.104686
9.37562 11 0.103227 0.102679 0.103775
9.46237 11 0.103108 0.102615 0.103601
9.54993 11 0.103505 0.102951 0.104059
9.63829 11 0.102891 0.102397 0.103385
9.72747 11 0.102987 0.10247 0.103505
9.81748 11 0.102637 0.10214 0.103135
9.90832 11 0.10188 0.101439 0.102322
10 11 0.102115 0.101666 0.102564
10.0925 11 0.102117 0.10166 0.102574
10.1859 11 0.101736 0.101315 0.102157
10.2802 11 0.10181 0.101366 0.102253
10.3753 11 0.101159 0.100751 0.101568
10.4713 11 0.101076 0.100674 0.101478
10.5682 11 0.10092 0.100452 0.101388
10.666 11 0.100846 0.100429 0.101262
10.7647 11 0.100911 0.100506 0.101316
10.8643 11 0.100514 0.100131 0.100896
10.9648 11 0.100147 0.0997574 0.100537
11.0662 11 0.100329 0.0999377 0.100721
11.1686 11 0.100032 0.0996652 0.100398
11.272 11 0.0998894 0.0995319 0.100247
11.3763 11 0.099846 0.0994865 0.100205
11.4815 11 0.09994 0.0995599 0.10032
11.5878 11 0.0996868 0.099333 0.100041
11.695 11 0.0993873 0.0990558 0.0997188
11.8032 11 0.0991248 0.0987786 0.0994709
11.9124 11 0.0990895 0.0987476 0.0994314
12.0226 11 0.0988902 0.0985769 0.0992035
12.1339 11 0.0988609 0.0985489 0.0991729
12.2462 11 0.0987584 0.0984316 0.0990851
12.3595 11 0.0982584 0.0979629 0.0985539
12.4738 11 0.0986997 0.0983792 0.0990201
12.5893 11 0.0984575 0.0981435 0.0987715
12.7057 11 0.0984425 0.0981242 0.0987607
12.8233 11 0.0982476 0.0979498 0.0985454
12.942 11 0.0980708 0.0977813 0.0983603
13.0617 11 0.0978958 0.0976131 0.0981786
13.1826 11 0.097832 0.0975442 0.0981198
13.3045 11 0.0975167 0.0972592 0.0977742
13.4276 11 0.097544 0.097267 0.0978209
13.5519 11 0.0974559 0.0971943 0.0977174
13.6773 11 0.0973447 0.0970802 0.0976091
13.8038 11 0.097365 0.0971101 0.0976199
13.9316 11 0.097244 0.0969963 0.0974917
14.0605 11 0.0971665 0.0969338 0.0973993
14.1906 11 0.0970567 0.0968198 0.0972936
14.3219 11 0.0967541 0.0965247 0.0969836
14.4544 11 0.0967779 0.0965438 0.0970119
14.5881 11 0.0967177 0.0964963 0.0969392
14.7231 11 0.0968689 0.0966175 0.0971203
14.8594 11 0.0964248 0.096206 0.0966436
14.9968 11 0.0962987 0.0960963 0.0965011
15.1356 11 0.096263 0.0960588 0.0964672
15.2757 11 0.0962159 0.0960167 0.096415
15.417 11 0.0961287 0.0959241 0.0963332
15.5597 11 0.0959668 0.0957785 0.0961551
15.7036 11 0.0959308 0.0957287 0.0961328
15.8489 11 0.0960365 0.0958453 0.0962278
15.9956 11 0.0958675 0.0956766 0.0960584
16.1436 11 0.0959659 0.095769 0.0961628
16.293 11 0.0957671 0.09558 0.0959543
16.4437 11 0.0956954 0.0955048 0.0958861
16.5959 11 0.0955638 0.0953839 0.0957437
16.7494 11 0.0955578 0.0953853 0.0957303
16.9044 11 0.0955478 0.0953703 0.0957254
17.0608 11 0.0954037 0.0952277 0.0955798
17.2187 11 0.0953163 0.0951417 0.0954909
17.378 11 0.0953091 0.095143 0.0954752
17.5388 11 0.0950672 0.0949205 0.0952139
17.7011 11 0.0950851 0.0949323 0.095238
17.8649 11 0.0952415 0.0950645 0.0954185
18.0302 11 0.0949855 0.0948277 0.0951433
18.197 11 0.0949905 0.0948364 0.0951445
18.3654 11 0.0948676 0.0947303 0.0950048
18.5353 11 0.0947821 0.0946318 0.0949324
18.7068 11 0.0948007 0.0946485 0.094953
18.8799 11 0.0947536 0.0946119 0.0948953
19.0546 11 0.0946474 0.0945096 0.0947852
19.2309 11 0.0945494 0.0944166 0.0946823
19.4089 11 0.094567 0.0944278 0.0947061
19.5884 11 0.0945003 0.0943694 0.0946312
19.7697 11 0.0944571 0.094321 0.0945932
19.9526 11 0.0943746 0.0942413 0.0945078
20.1372 11 0.0943318 0.0942009 0.0944627
20.3236 11 0.0943405 0.0942213 0.0944596
20.5116 11 0.0942886 0.0941613 0.094416
20.7014 11 0.0942346 0.0941096 0.0943596
20.893 11 0.0942719 0.0941457 0.094398
21.0863 11 0.0942389 0.0941151 0.0943628
21.2814 11 0.0941159 0.0939984 0.0942334
21.4783 11 0.0941594 0.0940396 0.0942793
21.677 11 0.0940252 0.0939098 0.0941406
21.8776 11 0.0939863 0.0938729 0.0940997
22.08 11 0.093959 0.0938457 0.0940723
22.2844 11 0.0938652 0.0937614 0.093969
22.4905 11 0.0939067 0.0937926 0.0940207
22.6986 11 0.0938533 0.0937477 0.0939588
22.9087 11 0.093679 0.0935798 0.0937783
23.1206 11 0.0937773 0.093674 0.0938806
23.3346 11 0.0936172 0.0935247 0.0937096
23.5505 11 0.0937127 0.0936059 0.0938195
23.7684 11 0.0936798 0.0935794 0.0937802
23.9883 11 0.09356 0.0934692 0.0936508
24.2103 11 0.0935787 0.093484 0.0936734
24.4343 11 0.0936446 0.0935464 0.0937428
24.6604 11 0.0934783 0.0933848 0.0935719
24.8886 11 0.0932944 0.0932115 0.0933773
25.1189 11 0.0934194 0.0933322 0.0935065
25.3513 11 0.0933837 0.0932972 0.0934703
25.5859 11 0.0933093 0.0932263 0.0933923
25.8226 11 0.0932704 0.0931857 0.0933552
26.0615 11 0.0933385 0.0932523 0.0934246
26.3027 11 0.0932552 0.0931751 0.0933354
26.5461 11 0.0932579 0.0931671 0.0933486
26.7917 11 0.0931976 0.0931181 0.0932771
27.0396 11 0.0932509 0.0931697 0.0933322
27.2898 11 0.0931192 0.0930432 0.0931951
27.5423 11 0.0931508 0.0930745 0.0932272
27.7971 11 0.093175 0.093093 0.0932569
28.0543 11 0.0930016 0.0929335 0.0930697
28.3139 11 0.0930974 0.0930218 0.0931731
28.5759 11 0.0931167 0.0930389 0.0931945
28.8403 11 0.0929481 0.092878 0.0930183
29.1072 11 0.0930106 0.0929382 0.0930829
29.3765 11 0.0929933 0.0929219 0.0930646
29.6483 11 0.0930149 0.0929399 0.0930899
29.9226 11 0.0929198 0.0928522 0.0929873
30.1995 11 0.0928926 0.0928268 0.0929584
30.4789 11 0.0928891 0.0928237 0.0929545
30.761 11 0.0929194 0.0928494 0.0929895
31.0456 11 0.0928712 0.092803 0.0929395
31.3329 11 0.0928121 0.0927503 0.0928738
31.6228 11 0.0927986 0.0927353 0.0928619
31.9154 11 0.0927718 0.092711 0.0928326
32.2107 11 0.0927526 0.0926941 0.092811
32.5087 11 0.0927895 0.09273 0.092849
32.8095 11 0.0927293 0.0926672 0.0927915
33.1131 11 0.0927479 0.0926902 0.0928056
33.4195 11 0.0926381 0.0925836 0.0926926
33.7287 11 0.0926886 0.0926297 0.0927475
34.0408 11 0.0926854 0.0926305 0.0927402
34.3558 11 0.0926328 0.0925764 0.0926892
34.6737 11 0.0926138 0.0925579 0.0926697
34.9945 11 0.0926448 0.0925887 0.092701
35.3183 11 0.0926268 0.0925717 0.092682
35.6451 11 0.0925152 0.092465 0.0925654
35.9749 11 0.0925599 0.092508 0.0926119
36.3078 11 0.0925436 0.092489 0.0925981
36.6438 11 0.0925094 0.0924585 0.0925603
36.9828 11 0.0925511 0.0924988 0.0926034
37.325 11 0.0924742 0.0924238 0.0925246
37.6704 11 0.0925178 0.0924653 0.0925703
38.0189 11 0.0925224 0.0924697 0.0925751
38.3707 11 0.092478 0.0924261 0.0925298
38.7258 11 0.0924114 0.0923632 0.0924595
39.0841 11 0.0924602 0.0924113 0.0925091
39.4457 11 0.092447 0.0923984 0.0924956
39.8107 11 0.0923713 0.0923255 0.0924171
40.1791 11 0.0924082 0.0923611 0.0924554
40.5509 11 0.0923926 0.0923469 0.0924382
40.9261 11 0.0923796 0.0923329 0.0924264
41.3048 11 0.0923237 0.0922791 0.0923683
41.6869 11 0.092361 0.0923165 0.0924056
42.0727 11 0.0923321 0.0922886 0.0923755
42.462 11 0.0923413 0.0922958 0.0923868
42.8549 11 0.0923396 0.0922947 0.0923845
43.2514 11 0.0922821 0.0922418 0.0923224
43.6516 11 0.0922792 0.0922363 0.0923221
44.0555 11 0.0923103 0.0922681 0.0923525
44.4631 11 0.0922764 0.0922358 0.092317
44.8745 11 0.0923067 0.0922645 0.0923489
45.2898 11 0.0922652 0.0922238 0.0923066
45.7088 11 0.0922249 0.0921855 0.0922643
46.1318 11 0.092239 0.092199 0.0922791
46.5586 11 0.0922036 0.0921636 0.0922435
46.9894 11 0.0922282 0.0921878 0.0922685
47.4242 11 0.0922014 0.0921619 0.0922409
47.863 11 0.0922246 0.092184 0.0922653
48.3059 11 0.092184 0.0921447 0.0922233
48.7528 11 0.0921932 0.0921544 0.0922321
49.204 11 0.0921773 0.0921392 0.0922154
49.6592 11 0.0921668 0.0921299 0.0922037
50.1187 11 0.0921189 0.0920849 0.0921529
50.5825 11 0.0921394 0.0921024 0.0921763
51.0505 11 0.0921779 0.0921368 0.092219
51.5229 11 0.0921451 0.0921077 0.0921825
51.9996 11 0.0920745 0.0920407 0.0921082
52.4807 11 0.0921371 0.0921021 0.0921722
52.9663 11 0.0921009 0.0920647 0.0921371
53.4564 11 0.0921073 0.0920727 0.0921419
53.9511 11 0.0921412 0.0921034 0.092179
54.4503 11 0.0920878 0.0920538 0.0921218
54.9541 11 0.0920771 0.0920439 0.0921103
55.4626 11 0.0920834 0.0920491 0.0921176
55.9758 11 0.092103 0.0920676 0.0921385
56.4937 11 0.0920641 0.0920294 0.0920989
57.0164 11 0.092068 0.092034 0.0921021
57.544 11 0.0920002 0.0919667 0.0920337
58.0764 11 0.0920404 0.0920074 0.0920734
58.6138 11 0.0920373 0.0920042 0.0920704
59.1562 11 0.092052 0.0920184 0.0920855
59.7035 11 0.0920313 0.091999 0.0920636
60.256 11 0.0920432 0.092009 0.0920775
60.8135 11 0.092052 0.0920186 0.0920855
61.3762 11 0.0920112 0.0919789 0.0920434
61.9441 11 0.0920254 0.0919933 0.0920576
62.5173 11 0.0919936 0.0919623 0.0920249
63.0957 11 0.0919972 0.0919657 0.0920288
63.6796 11 0.0920103 0.0919788 0.0920419
64.2688 11 0.0919841 0.0919544 0.0920138
64.8634 11 0.0919986 0.0919678 0.0920295
65.4636 11 0.0919455 0.0919154 0.0919757
66.0693 11 0.0919479 0.0919185 0.0919772
66.6807 11 0.0919768 0.0919462 0.0920074
67.2977 11 0.0919582 0.0919288 0.0919876
67.9204 11 0.0919583 0.0919297 0.0919868
68.5488 11 0.0919397 0.0919104 0.0919689
69.1831 11 0.0919567 0.0919265 0.0919869
69.8232 11 0.0919571 0.0919268 0.0919874
70.4693 11 0.0919502 0.0919195 0.0919808
71.1214 11 0.0919656 0.0919349 0.0919964
71.7794 11 0.0919645 0.0919351 0.0919938
72.4436 11 0.0919252 0.0918977 0.0919528
73.1139 11 0.091906 0.0918768 0.0919353
73.7904 11 0.0919129 0.0918853 0.0919405
74.4732 11 0.0919193 0.0918907 0.0919479
75.1623 11 0.0919216 0.0918929 0.0919503
75.8578 11 0.0919368 0.0919081 0.0919654
76.5597 11 0.0919157 0.0918874 0.091944
77.2681 11 0.0919288 0.0918987 0.0919588
77.983 11 0.0919112 0.091883 0.0919393
78.7046 11 0.0918964 0.0918677 0.0919251
79.4328 11 0.0919314 0.0919016 0.0919612
80.1678 11 0.0919034 0.0918752 0.0919315
80.9096 11 0.0918919 0.091864 0.0919199
81.6582 11 0.0918852 0.091857 0.0919134
82.4138 11 0.0918774 0.0918494 0.0919055
83.1764 11 0.0918834 0.0918567 0.0919102
83.946 11 0.0918845 0.0918567 0.0919124
84.7227 11 0.0919048 0.0918767 0.0919329
85.5067 11 0.0918753 0.0918479 0.0919026
86.2979 11 0.0918869 0.0918601 0.0919138
87.0964 11 0.0918715 0.0918439 0.0918991
87.9023 11 0.0918866 0.0918594 0.0919138
88.7156 11 0.0918707 0.0918447 0.0918968
89.5365 11 0.0918753 0.0918475 0.0919031
90.3649 11 0.0918627 0.0918361 0.0918893
91.2011 11 0.0918735 0.0918467 0.0919004
92.045 11 0.0918469 0.0918203 0.0918734
92.8966 11 0.0918755 0.0918488 0.0919021
93.7562 11 0.0918479 0.0918215 0.0918744
94.6237 11 0.0918294 0.0918031 0.0918556
95.4993 11 0.0918524 0.0918256 0.0918791
96.3829 11 0.0918484 0.0918219 0.091875
97.2747 11 0.0918661 0.0918395 0.0918927
98.1748 11 0.0918496 0.0918224 0.0918767
99.0832 11 0.0918369 0.0918112 0.0918626
