//tau lambda mean lower_bound upper_bound
0.01 1.158 0.992507 0.989471 0.995543
0.0100925 1.169 0.99052 0.987031 0.99401
0.0101859 1.167 0.989238 0.985435 0.993041
0.0102802 1.16 0.988887 0.985142 0.992631
0.0103753 1.171 0.986726 0.982538 0.990914
0.0104713 1.165 0.98642 0.982204 0.990637
0.0105682 1.164 0.986358 0.982157 0.990558
0.010666 1.17 0.990387 0.986891 0.993883
0.0107647 1.185 0.988368 0.984545 0.992191
0.0108643 1.176 0.988342 0.984479 0.992205
0.0109648 1.17 0.98801 0.983991 0.99203
0.0110662 1.165 0.98832 0.984295 0.992344
0.0111686 1.167 0.989963 0.986461 0.993466
0.011272 1.176 0.989084 0.985349 0.992819
0.0113763 1.169 0.99004 0.986303 0.993776
0.0114815 1.185 0.989694 0.986006 0.993382
0.0115878 1.174 0.989788 0.986263 0.993312
0.011695 1.177 0.99024 0.986778 0.993702
0.0118032 1.191 0.98616 0.982077 0.990244
0.0119124 1.182 0.992822 0.99004 0.995604
0.0120226 1.185 0.988217 0.984394 0.99204
0.0121339 1.172 0.986498 0.982339 0.990658
0.0122462 1.198 0.987721 0.983779 0.991663
0.0123595 1.224 0.985876 0.981615 0.990137
0.0124738 1.213 0.984167 0.97958 0.988754
0.0125893 1.213 0.988054 0.984274 0.991834
0.0127057 1.208 0.988895 0.98529 0.992501
0.0128233 1.177 0.990287 0.986897 0.993677
0.012942 1.212 0.987171 0.983253 0.99109
0.0130617 1.193 0.99096 0.987575 0.994344
0.0131826 1.226 0.989438 0.985913 0.992964
0.0133045 1.21 0.987915 0.983922 0.991908
0.0134276 1.207 0.988063 0.984303 0.991824
0.0135519 1.218 0.988934 0.985357 0.99251
0.0136773 1.219 0.985775 0.981489 0.990062
0.0138038 1.183 0.985776 0.981419 0.990133
0.0139316 1.224 0.984127 0.979422 0.988832
0.0140605 1.247 0.984883 0.980466 0.9893
0.0141906 1.218 0.987 0.982981 0.991018
0.0143219 1.238 0.980839 0.976023 0.985655
0.0144544 1.234 0.984339 0.979982 0.988696
0.0145881 1.258 0.984156 0.979577 0.988735
0.0147231 1.227 0.989884 0.98664 0.993128
0.0148594 1.239 0.986693 0.982675 0.99071
0.0149968 1.236 0.986167 0.982027 0.990308
0.0151356 1.24 0.984288 0.979921 0.988654
0.0152757 1.237 0.988433 0.984717 0.992149
0.015417 1.251 0.985436 0.981286 0.989586
0.0155597 1.265 0.982558 0.977682 0.987435
0.0157036 1.244 0.984582 0.980225 0.988939
0.0158489 1.258 0.984344 0.979709 0.98898
0.0159956 1.249 0.982746 0.977964 0.987528
0.0161436 1.269 0.982758 0.978204 0.987313
0.016293 1.252 0.982071 0.977264 0.986878
0.0164437 1.265 0.983091 0.978501 0.987681
0.0165959 1.265 0.986306 0.982355 0.990257
0.0167494 1.282 0.980948 0.976288 0.985607
0.0169044 1.274 0.984339 0.979905 0.988773
0.0170608 1.265 0.981852 0.97693 0.986774
0.0172187 1.289 0.983242 0.978726 0.987757
0.017378 1.276 0.98016 0.974873 0.985447
0.0175388 1.273 0.983026 0.978495 0.987557
0.0177011 1.287 0.984461 0.980103 0.988818
0.0178649 1.282 0.983002 0.978538 0.987466
0.0180302 1.297 0.982454 0.977932 0.986976
0.018197 1.3 0.98011 0.975053 0.985167
0.0183654 1.296 0.980328 0.975373 0.985283
0.0185353 1.304 0.977195 0.97186 0.982531
0.0187068 1.339 0.977184 0.971829 0.982539
0.0188799 1.31 0.980752 0.975721 0.985783
0.0190546 1.28 0.985838 0.981827 0.989848
0.0192309 1.353 0.977269 0.971828 0.98271
0.0194089 1.299 0.977696 0.972282 0.983109
0.0195884 1.329 0.984208 0.980012 0.988405
0.0197697 1.314 0.978924 0.973915 0.983934
0.0199526 1.349 0.977623 0.972235 0.98301
0.0201372 1.327 0.983561 0.979015 0.988107
0.0203236 1.317 0.985446 0.98139 0.989502
0.0205116 1.326 0.978921 0.973601 0.984241
0.0207014 1.342 0.98406 0.979815 0.988305
0.020893 1.326 0.974938 0.969381 0.980495
0.0210863 1.351 0.978988 0.973681 0.984294
0.0212814 1.346 0.976086 0.970655 0.981517
0.0214783 1.336 0.979174 0.973914 0.984433
0.021677 1.387 0.974812 0.969194 0.98043
0.0218776 1.357 0.978533 0.973301 0.983765
0.02208 1.326 0.980559 0.975545 0.985573
0.0222844 1.321 0.976173 0.970674 0.981672
0.0224905 1.353 0.977447 0.972235 0.982659
0.0226986 1.31 0.979667 0.974545 0.984788
0.0229087 1.378 0.980713 0.975872 0.985554
0.0231206 1.339 0.984036 0.979958 0.988115
0.0233346 1.397 0.979486 0.974526 0.984445
0.0235505 1.393 0.973233 0.967283 0.979183
0.0237684 1.402 0.973868 0.968111 0.979625
0.0239883 1.374 0.978924 0.973727 0.984122
0.0242103 1.388 0.976227 0.970837 0.981617
0.0244343 1.399 0.975697 0.97011 0.981284
0.0246604 1.377 0.97507 0.969444 0.980697
0.0248886 1.414 0.974929 0.969281 0.980578
0.0251189 1.398 0.976716 0.971369 0.982063
0.0253513 1.391 0.976785 0.971512 0.982057
0.0255859 1.394 0.979855 0.975 0.984709
0.0258226 1.394 0.97639 0.971101 0.981679
0.0260615 1.43 0.973968 0.968413 0.979523
0.0263027 1.404 0.974759 0.969137 0.98038
0.0265461 1.412 0.976836 0.971536 0.982136
0.0267917 1.46 0.965698 0.959135 0.97226
0.0270396 1.418 0.971332 0.96531 0.977353
0.0272898 1.448 0.974972 0.969362 0.980582
0.0275423 1.422 0.972713 0.966924 0.978502
0.0277971 1.449 0.971805 0.965996 0.977615
0.0280543 1.449 0.975632 0.970215 0.981049
0.0283139 1.449 0.975107 0.969609 0.980604
0.0285759 1.475 0.967787 0.96129 0.974283
0.0288403 1.468 0.975677 0.970327 0.981028
0.0291072 1.458 0.973163 0.967253 0.979073
0.0293765 1.47 0.967799 0.961813 0.973786
0.0296483 1.47 0.971701 0.965682 0.97772
0.0299226 1.521 0.97147 0.965676 0.977264
0.0301995 1.484 0.97067 0.964716 0.976623
0.0304789 1.476 0.976358 0.970953 0.981763
0.030761 1.507 0.973616 0.96793 0.979302
0.0310456 1.489 0.970201 0.964183 0.976219
0.0313329 1.477 0.964218 0.957532 0.970903
0.0316228 1.527 0.969012 0.963067 0.974956
0.0319154 1.52 0.967026 0.960895 0.973157
0.0322107 1.524 0.972389 0.96663 0.978147
0.0325087 1.533 0.965598 0.959035 0.972161
0.0328095 1.529 0.971522 0.965779 0.977265
0.0331131 1.51 0.967197 0.960821 0.973572
0.0334195 1.495 0.96861 0.962535 0.974685
0.0337287 1.536 0.969856 0.963955 0.975757
0.0340408 1.59 0.968145 0.962194 0.974096
0.0343558 1.521 0.972219 0.966642 0.977796
0.0346737 1.551 0.964865 0.958375 0.971355
0.0349945 1.537 0.970675 0.964758 0.976591
0.0353183 1.593 0.963925 0.957206 0.970645
0.0356451 1.588 0.965124 0.958644 0.971604
0.0359749 1.599 0.966676 0.960057 0.973296
0.0363078 1.554 0.965465 0.959044 0.971886
0.0366438 1.621 0.964648 0.958309 0.970988
0.0369828 1.578 0.959177 0.95198 0.966374
0.037325 1.612 0.958991 0.951949 0.966034
0.0376704 1.604 0.956759 0.949447 0.964072
0.0380189 1.618 0.962394 0.955559 0.96923
0.0383707 1.613 0.963617 0.95711 0.970125
0.0387258 1.597 0.964852 0.958494 0.97121
0.0390841 1.679 0.962733 0.955785 0.969681
0.0394457 1.633 0.964364 0.957905 0.970823
0.0398107 1.64 0.957914 0.950846 0.964982
0.0401791 1.664 0.959094 0.952054 0.966134
0.0405509 1.656 0.957997 0.950797 0.965198
0.0409261 1.679 0.960749 0.954151 0.967348
0.0413048 1.65 0.959799 0.952963 0.966636
0.0416869 1.649 0.961917 0.955117 0.968717
0.0420727 1.676 0.961867 0.955226 0.968508
0.042462 1.706 0.959705 0.953108 0.966301
0.0428549 1.696 0.957516 0.950398 0.964634
0.0432514 1.677 0.956662 0.949573 0.963751
0.0436516 1.671 0.96245 0.955893 0.969007
0.0440555 1.738 0.950554 0.942772 0.958335
0.0444631 1.782 0.956061 0.949041 0.963082
0.0448745 1.705 0.955454 0.948146 0.962761
0.0452898 1.724 0.961354 0.954671 0.968036
0.0457088 1.754 0.955389 0.948176 0.962601
0.0461318 1.788 0.947971 0.940174 0.955767
0.0465586 1.806 0.949412 0.941759 0.957066
0.0469894 1.776 0.949616 0.941958 0.957274
0.0474242 1.706 0.951319 0.943808 0.95883
0.047863 1.801 0.956086 0.948952 0.963219
0.0483059 1.783 0.955541 0.948428 0.962654
0.0487528 1.707 0.953373 0.945676 0.96107
0.049204 1.813 0.957336 0.950401 0.964272
0.0496592 1.792 0.956028 0.948915 0.963141
0.0501187 1.813 0.952868 0.945681 0.960054
0.0505825 1.826 0.95129 0.943677 0.958902
0.0510505 1.825 0.951261 0.943775 0.958748
0.0515229 1.819 0.953572 0.946257 0.960886
0.0519996 1.81 0.949601 0.942047 0.957155
0.0524807 1.799 0.951924 0.944169 0.959679
0.0529663 1.895 0.952623 0.944962 0.960283
0.0534564 1.878 0.953128 0.945642 0.960614
0.0539511 1.884 0.947329 0.939377 0.955281
0.0544503 1.861 0.949531 0.941875 0.957186
0.0549541 1.868 0.949058 0.941373 0.956744
0.0554626 1.912 0.945512 0.937608 0.953415
0.0559758 1.869 0.94001 0.931455 0.948565
0.0564937 1.919 0.945931 0.938067 0.953796
0.0570164 1.958 0.9438 0.935777 0.951822
0.057544 1.967 0.948878 0.941458 0.956298
0.0580764 1.977 0.944147 0.936025 0.952268
0.0586138 1.95 0.945992 0.93785 0.954133
0.0591562 1.948 0.947758 0.940013 0.955503
0.0597035 1.962 0.947457 0.939799 0.955115
0.060256 2.003 0.937333 0.928987 0.945679
0.0608135 1.987 0.943766 0.935753 0.951779
0.0613762 1.963 0.939969 0.93168 0.948258
0.0619441 2.03 0.93951 0.931221 0.947799
0.0625173 1.994 0.93469 0.926121 0.94326
0.0630957 2.026 0.939436 0.931099 0.947773
0.0636796 2.016 0.939681 0.931595 0.947766
0.0642688 2.021 0.939428 0.930959 0.947897
0.0648634 2.022 0.937996 0.929707 0.946284
0.0654636 2.127 0.931902 0.923047 0.940757
0.0660693 2.051 0.941405 0.933367 0.949443
0.0666807 2.028 0.93769 0.929414 0.945966
0.0672977 2.156 0.926758 0.917569 0.935946
0.0679204 2.059 0.928962 0.919911 0.938012
0.0685488 2.121 0.93499 0.926323 0.943656
0.0691831 2.077 0.937587 0.929091 0.946083
0.0698232 2.161 0.930062 0.921079 0.939045
0.0704693 2.201 0.92032 0.910961 0.929679
0.0711214 2.132 0.935475 0.926917 0.944033
0.0717794 2.096 0.937559 0.929368 0.94575
0.0724436 2.14 0.931199 0.922373 0.940024
0.0731139 2.17 0.929345 0.92034 0.938349
0.0737904 2.19 0.934479 0.926092 0.942866
0.0744732 2.16 0.935725 0.927374 0.944077
0.0751623 2.173 0.927472 0.918409 0.936534
0.0758578 2.258 0.916667 0.90703 0.926303
0.0765597 2.209 0.931623 0.923056 0.94019
0.0772681 2.32 0.928266 0.919433 0.937099
0.077983 2.241 0.916847 0.907075 0.926619
0.0787046 2.32 0.920614 0.911105 0.930122
0.0794328 2.255 0.931917 0.923079 0.940755
0.0801678 2.262 0.91996 0.910541 0.92938
0.0809096 2.301 0.925005 0.915823 0.934186
0.0816582 2.319 0.920756 0.9114 0.930112
0.0824138 2.326 0.918873 0.909442 0.928305
0.0831764 2.323 0.918044 0.908715 0.927374
0.083946 2.362 0.923411 0.914362 0.93246
0.0847227 2.392 0.916126 0.906424 0.925829
0.0855067 2.377 0.914465 0.904705 0.924224
0.0862979 2.363 0.926549 0.917549 0.935549
0.0870964 2.355 0.920294 0.910889 0.929698
0.0879023 2.413 0.91877 0.909188 0.928352
0.0887156 2.377 0.91724 0.907791 0.926688
0.0895365 2.51 0.907063 0.897157 0.91697
0.0903649 2.444 0.909049 0.899149 0.918949
0.0912011 2.478 0.909889 0.900092 0.919686
0.092045 2.442 0.915693 0.906257 0.925129
0.0928966 2.495 0.909038 0.89914 0.918937
0.0937562 2.495 0.913545 0.903926 0.923163
0.0946237 2.504 0.90968 0.899503 0.919856
0.0954993 2.546 0.91732 0.908073 0.926568
0.0963829 2.556 0.912201 0.902372 0.922029
0.0972747 2.494 0.920457 0.911601 0.929312
0.0981748 2.598 0.907251 0.897053 0.91745
0.0990832 2.657 0.903248 0.893037 0.91346
0.1 2.651 0.910196 0.900497 0.919894
0.100925 2.728 0.903186 0.892977 0.913394
0.101859 2.641 0.902536 0.892247 0.912826
0.102802 2.645 0.907517 0.897649 0.917385
0.103753 2.749 0.90218 0.891983 0.912377
0.104713 2.702 0.905229 0.895129 0.915329
0.105682 2.717 0.898436 0.888186 0.908687
0.10666 2.638 0.896612 0.885976 0.907248
0.107647 2.712 0.901894 0.891667 0.91212
0.108643 2.792 0.899052 0.888802 0.909303
0.109648 2.817 0.89835 0.887932 0.908767
0.110662 2.807 0.892854 0.882158 0.903549
0.111686 2.743 0.897918 0.887687 0.908149
0.11272 2.774 0.89869 0.888249 0.909131
0.113763 2.84 0.889579 0.878934 0.900225
0.114815 2.835 0.888467 0.877642 0.899292
0.115878 2.827 0.895134 0.884535 0.905734
0.11695 2.911 0.88819 0.877463 0.898918
0.118032 2.932 0.892987 0.882622 0.903351
0.119124 2.907 0.882349 0.871262 0.893436
0.120226 2.884 0.885488 0.874453 0.896522
0.121339 2.929 0.89265 0.881689 0.903611
0.122462 2.998 0.885004 0.873821 0.896187
0.123595 3.033 0.874216 0.862735 0.885697
0.124738 2.914 0.890203 0.879374 0.901031
0.125893 3.016 0.883044 0.871808 0.89428
0.127057 2.961 0.883226 0.872259 0.894194
0.128233 3.088 0.87895 0.867772 0.890127
0.12942 3.053 0.876936 0.865677 0.888194
0.130617 3.141 0.874505 0.863271 0.88574
0.131826 3.13 0.879507 0.868161 0.890853
0.133045 3.176 0.882378 0.871301 0.893455
0.134276 3.151 0.873461 0.861917 0.885005
0.135519 3.154 0.881009 0.869866 0.892153
0.136773 3.149 0.884195 0.873576 0.894814
0.138038 3.22 0.882699 0.871898 0.893501
0.139316 3.231 0.875891 0.86459 0.887192
0.140605 3.274 0.873946 0.862845 0.885046
0.141906 3.25 0.863792 0.852351 0.875232
0.143219 3.295 0.87756 0.866162 0.888957
0.144544 3.221 0.86651 0.854886 0.878135
0.145881 3.285 0.863545 0.851818 0.875272
0.147231 3.369 0.868844 0.857097 0.88059
0.148594 3.375 0.86813 0.856749 0.87951
0.149968 3.476 0.857839 0.846175 0.869502
0.151356 3.308 0.86969 0.858293 0.881086
0.152757 3.376 0.866601 0.855025 0.878178
0.15417 3.456 0.859628 0.848076 0.87118
0.155597 3.406 0.863983 0.852051 0.875914
0.157036 3.611 0.8449 0.832783 0.857016
0.158489 3.544 0.851249 0.83909 0.863408
0.159956 3.523 0.856937 0.845196 0.868678
0.161436 3.52 0.862492 0.85065 0.874333
0.16293 3.581 0.853883 0.841868 0.865898
0.164437 3.575 0.838397 0.825951 0.850843
0.165959 3.717 0.849273 0.83745 0.861097
0.167494 3.683 0.850478 0.838644 0.862313
0.169044 3.657 0.849608 0.837679 0.861536
0.170608 3.739 0.849948 0.838177 0.861719
0.172187 3.798 0.851104 0.839369 0.862839
0.17378 3.76 0.857295 0.845852 0.868738
0.175388 3.774 0.843565 0.831609 0.855521
0.177011 3.713 0.85451 0.842815 0.866206
0.178649 3.861 0.835253 0.823032 0.847475
0.180302 3.807 0.839144 0.826956 0.851333
0.18197 3.956 0.841714 0.829573 0.853855
0.183654 4.028 0.839239 0.827126 0.851352
0.185353 4.062 0.826351 0.813775 0.838927
0.187068 3.991 0.848804 0.83683 0.860777
0.188799 4.005 0.829166 0.8168 0.841531
0.190546 4.032 0.83255 0.820077 0.845023
0.192309 4.035 0.83309 0.82075 0.845429
0.194089 4.106 0.83109 0.818608 0.843573
0.195884 4.181 0.820818 0.808025 0.833611
0.197697 4.109 0.837873 0.825583 0.850162
0.199526 4.204 0.828938 0.816481 0.841395
0.201372 4.193 0.825243 0.812418 0.838069
0.203236 4.269 0.813263 0.800583 0.825943
0.205116 4.208 0.816499 0.80377 0.829228
0.207014 4.247 0.82396 0.81125 0.836671
0.20893 4.265 0.81736 0.804437 0.830283
0.210863 4.411 0.809848 0.796915 0.822781
0.212814 4.426 0.804734 0.791721 0.817747
0.214783 4.333 0.820447 0.807875 0.833018
0.21677 4.389 0.81005 0.796833 0.823266
0.218776 4.395 0.822002 0.809263 0.834742
0.2208 4.618 0.808233 0.795413 0.821053
0.222844 4.578 0.806814 0.793922 0.819706
0.224905 4.443 0.813272 0.800263 0.826281
0.226986 4.643 0.810949 0.798267 0.823631
0.229087 4.568 0.796215 0.782819 0.809611
0.231206 4.74 0.802159 0.789101 0.815217
0.233346 4.732 0.801844 0.788969 0.814719
0.235505 4.731 0.801578 0.788426 0.814729
0.237684 4.774 0.793724 0.780451 0.806998
0.239883 4.776 0.804686 0.791989 0.817383
0.242103 4.858 0.795468 0.782687 0.808248
0.244343 4.906 0.795692 0.782478 0.808906
0.246604 4.901 0.790849 0.777708 0.803991
0.248886 4.933 0.790873 0.777666 0.804081
0.251189 4.955 0.773523 0.760169 0.786878
0.253513 5.155 0.783528 0.770273 0.796782
0.255859 5.138 0.786013 0.772521 0.799506
0.258226 5.187 0.771136 0.757521 0.784752
0.260615 5.047 0.798366 0.785503 0.81123
0.263027 5.241 0.774461 0.760941 0.78798
0.265461 5.267 0.764689 0.750952 0.778426
0.267917 5.263 0.772273 0.758559 0.785987
0.270396 5.268 0.785603 0.77256 0.798646
0.272898 5.333 0.768394 0.754737 0.78205
0.275423 5.366 0.769901 0.756606 0.783195
0.277971 5.452 0.774082 0.760772 0.787391
0.280543 5.617 0.760918 0.747371 0.774465
0.283139 5.499 0.765098 0.751485 0.778712
0.285759 5.537 0.756719 0.742943 0.770495
0.288403 5.516 0.766081 0.752547 0.779616
0.291072 5.716 0.769842 0.756622 0.783062
0.293765 5.606 0.761405 0.747711 0.775098
0.296483 5.886 0.761034 0.747471 0.774596
0.299226 5.64 0.753546 0.740033 0.767059
0.301995 5.894 0.741137 0.727131 0.755144
0.304789 5.799 0.758902 0.745062 0.772742
0.30761 5.844 0.748747 0.734914 0.762579
0.310456 5.933 0.734645 0.720744 0.748546
0.313329 5.982 0.739755 0.725993 0.753518
0.316228 5.909 0.750654 0.736761 0.764546
0.319154 6.069 0.744173 0.730485 0.757861
0.322107 6.077 0.751609 0.737938 0.76528
0.325087 6.164 0.746505 0.732846 0.760165
0.328095 6.112 0.745587 0.731709 0.759464
0.331131 6.121 0.737358 0.723651 0.751065
0.334195 6.253 0.740364 0.726458 0.75427
0.337287 6.273 0.733016 0.718884 0.747148
0.340408 6.339 0.735098 0.721245 0.748951
0.343558 6.498 0.724041 0.709781 0.7383
0.346737 6.392 0.733053 0.719261 0.746845
0.349945 6.582 0.715906 0.702076 0.729736
0.353183 6.552 0.720127 0.706011 0.734243
0.356451 6.685 0.715535 0.701392 0.729678
0.359749 6.777 0.71406 0.699911 0.728208
0.363078 6.538 0.727061 0.71329 0.740833
0.366438 6.919 0.712342 0.697991 0.726692
0.369828 6.775 0.711441 0.697666 0.725215
0.37325 6.818 0.704113 0.690082 0.718145
0.376704 7.045 0.699725 0.685321 0.714129
0.380189 7.028 0.702598 0.688721 0.716475
0.383707 7.063 0.704572 0.690347 0.718798
0.387258 7.149 0.698124 0.684085 0.712163
0.390841 7.108 0.694407 0.680151 0.708663
0.394457 7.238 0.684308 0.670047 0.698568
0.398107 7.32 0.688138 0.673509 0.702767
0.401791 7.312 0.687906 0.673813 0.701999
0.405509 7.319 0.6786 0.664744 0.692457
0.409261 7.451 0.678525 0.664442 0.692609
0.413048 7.29 0.688533 0.674307 0.702759
0.416869 7.516 0.68322 0.669063 0.697377
0.420727 7.597 0.683269 0.668955 0.697583
0.42462 7.646 0.688597 0.674219 0.702974
0.428549 7.643 0.679123 0.664609 0.693637
0.432514 7.759 0.67365 0.65939 0.68791
0.436516 7.68 0.673119 0.65887 0.687369
0.440555 7.798 0.672025 0.6581 0.68595
0.444631 7.945 0.664385 0.649938 0.678831
0.448745 7.935 0.67253 0.658291 0.686768
0.452898 8.221 0.665861 0.65142 0.680302
0.457088 8.103 0.648716 0.634844 0.662588
0.461318 7.944 0.678534 0.663925 0.693143
0.465586 8.341 0.653556 0.639803 0.66731
0.469894 8.306 0.653515 0.639513 0.667516
0.474242 8.277 0.658371 0.644227 0.672516
0.47863 8.375 0.651496 0.637479 0.665513
0.483059 8.395 0.638613 0.624565 0.652661
0.487528 8.552 0.634101 0.62019 0.648012
0.49204 8.575 0.640897 0.626427 0.655367
0.496592 8.637 0.639137 0.624911 0.653363
0.501187 8.703 0.640129 0.626421 0.653837
0.505825 8.823 0.637766 0.623822 0.651711
0.510505 8.842 0.635946 0.621881 0.65001
0.515229 8.906 0.632427 0.618578 0.646276
0.519996 8.884 0.638775 0.62444 0.653109
0.524807 8.982 0.627286 0.612948 0.641624
0.529663 8.999 0.622303 0.60814 0.636466
0.534564 9.08 0.619795 0.605835 0.633755
0.539511 9.158 0.600274 0.586305 0.614243
0.544503 9.251 0.618806 0.605058 0.632554
0.549541 9.359 0.606883 0.592824 0.620941
0.554626 9.214 0.604321 0.590438 0.618205
0.559758 9.363 0.609741 0.595754 0.623729
0.564937 9.414 0.589019 0.575276 0.602762
0.570164 9.407 0.609873 0.595631 0.624114
0.57544 9.621 0.598441 0.584458 0.612424
0.580764 9.715 0.596573 0.582807 0.61034
0.586138 9.707 0.588163 0.574315 0.602012
0.591562 9.657 0.597526 0.583491 0.611561
0.597035 9.715 0.586443 0.572883 0.600004
0.60256 9.887 0.57957 0.56574 0.593401
0.608135 9.862 0.589576 0.575712 0.60344
0.613762 9.907 0.57697 0.563134 0.590806
0.619441 9.98 0.580156 0.566512 0.5938
0.625173 10.088 0.567655 0.553784 0.581526
0.630957 10.098 0.572421 0.558201 0.58664
0.636796 10.293 0.560255 0.546618 0.573892
0.642688 10.312 0.566185 0.552504 0.579865
0.648634 10.325 0.570489 0.557161 0.583818
0.654636 10.329 0.55969 0.546249 0.573132
0.660693 10.485 0.55858 0.545028 0.572132
0.666807 10.447 0.560244 0.546477 0.574012
0.672977 10.553 0.534363 0.521262 0.547464
0.679204 10.465 0.540763 0.527504 0.554023
0.685488 10.66 0.539497 0.526114 0.552881
0.691831 10.664 0.544822 0.531328 0.558317
0.698232 10.612 0.555633 0.54216 0.569106
0.704693 10.687 0.546574 0.533158 0.55999
0.711214 10.65 0.549525 0.536289 0.56276
0.717794 10.822 0.533805 0.520564 0.547046
0.724436 10.868 0.522127 0.509288 0.534966
0.731139 10.946 0.530913 0.517672 0.544154
0.737904 10.866 0.529326 0.515898 0.542753
0.744732 11.011 0.519105 0.505737 0.532474
0.751623 11.046 0.520648 0.507491 0.533804
0.758578 11.088 0.531952 0.518511 0.545394
0.765597 11.116 0.514866 0.501679 0.528054
0.772681 11.191 0.515444 0.502689 0.528198
0.77983 11.113 0.508064 0.494653 0.521474
0.787046 11.306 0.504617 0.491739 0.517495
0.794328 11.259 0.511161 0.498289 0.524033
0.801678 11.339 0.495319 0.483069 0.507569
0.809096 11.245 0.500032 0.487134 0.512929
0.816582 11.359 0.50594 0.49309 0.51879
0.824138 11.421 0.496276 0.483795 0.508756
0.831764 11.413 0.492378 0.479948 0.504807
0.83946 11.419 0.489961 0.477667 0.502255
0.847227 11.454 0.501994 0.48924 0.514748
0.855067 11.466 0.489143 0.47648 0.501806
0.862979 11.501 0.487696 0.475013 0.500379
0.870964 11.483 0.476266 0.463971 0.488562
0.879023 11.609 0.471387 0.459155 0.483618
0.887156 11.616 0.470803 0.458275 0.48333
0.895365 11.611 0.477238 0.464772 0.489705
0.903649 11.576 0.472568 0.459792 0.485344
0.912011 11.68 0.46077 0.448384 0.473156
0.92045 11.669 0.46514 0.453037 0.477243
0.928966 11.717 0.457651 0.445741 0.46956
0.937562 11.675 0.4578 0.44585 0.46975
0.946237 11.666 0.459869 0.44716 0.472578
0.954993 11.763 0.444781 0.433167 0.456394
0.963829 11.764 0.453158 0.441189 0.465126
0.972747 11.749 0.446349 0.434272 0.458426
0.981748 11.805 0.44098 0.428891 0.45307
0.990832 11.81 0.436785 0.425102 0.448467
1 11.795 0.440539 0.42856 0.452518
1.00925 11.829 0.425911 0.414627 0.437196
1.01859 11.862 0.430688 0.419296 0.44208
1.02802 11.846 0.433671 0.422095 0.445246
1.03753 11.879 0.416811 0.405918 0.427705
1.04713 11.881 0.416642 0.405872 0.427411
1.05682 11.882 0.41804 0.407141 0.428938
1.0666 11.886 0.421603 0.410619 0.432588
1.07647 11.915 0.418891 0.407484 0.430298
1.08643 11.914 0.414906 0.40373 0.426083
1.09648 11.894 0.414579 0.403398 0.42576
1.10662 11.904 0.400306 0.389497 0.411115
1.11686 11.898 0.414737 0.403569 0.425905
1.1272 11.945 0.402404 0.391706 0.413102
1.13763 11.946 0.402029 0.391138 0.41292
1.14815 11.933 0.38994 0.379365 0.400514
1.15878 11.945 0.397267 0.386438 0.408096
1.1695 11.959 0.400494 0.389777 0.411211
1.18032 11.939 0.39429 0.383739 0.404841
1.19124 11.937 0.402404 0.391405 0.413403
1.20226 11.952 0.394351 0.383522 0.40518
1.21339 11.97 0.391017 0.379826 0.402208
1.22462 11.98 0.390951 0.380634 0.401269
1.23595 11.965 0.371545 0.36126 0.381829
1.24738 11.979 0.374882 0.364569 0.385196
1.25893 11.98 0.368979 0.358662 0.379295
1.27057 11.993 0.371278 0.361442 0.381114
1.28233 11.976 0.367025 0.357178 0.376872
1.2942 11.99 0.368139 0.358356 0.377922
1.30617 11.983 0.367824 0.357473 0.378175
1.31826 11.991 0.360703 0.35102 0.370387
1.33045 11.987 0.361146 0.351379 0.370913
1.34276 11.993 0.356725 0.346615 0.366835
1.35519 11.989 0.353728 0.343823 0.363633
1.36773 11.991 0.349349 0.340242 0.358455
1.38038 11.985 0.340152 0.331213 0.349091
1.39316 11.995 0.340149 0.331103 0.349196
1.40605 11.992 0.347202 0.337666 0.356737
1.41906 11.997 0.344739 0.335079 0.3544
1.43219 11.997 0.335919 0.326475 0.345364
1.44544 11.997 0.335042 0.326061 0.344024
1.45881 11.998 0.329382 0.320476 0.338288
1.47231 11.999 0.337443 0.327931 0.346955
1.48594 11.996 0.330829 0.321378 0.34028
1.49968 11.999 0.330364 0.32091 0.339818
1.51356 11.996 0.321183 0.312569 0.329797
1.52757 11.997 0.322123 0.313324 0.330921
1.5417 11.999 0.326268 0.31745 0.335086
1.55597 12 0.320432 0.312115 0.328748
1.57036 12 0.309475 0.301514 0.317436
1.58489 12 0.30887 0.30059 0.317151
1.59956 12 0.303946 0.296376 0.311517
1.61436 12 0.308638 0.299904 0.317372
1.6293 12 0.295899 0.287661 0.304137
1.64437 12 0.307754 0.298802 0.316706
1.65959 11.996 0.302437 0.294411 0.310462
1.67494 12 0.291366 0.28361 0.299122
1.69044 12 0.289545 0.28161 0.297481
1.70608 12 0.295677 0.287833 0.30352
1.72187 12 0.289297 0.28188 0.296714
1.7378 12 0.285557 0.277937 0.293178
1.75388 11.999 0.287945 0.280149 0.295741
1.77011 12 0.283129 0.275679 0.290579
1.78649 12 0.280191 0.272818 0.287564
1.80302 12 0.28697 0.279235 0.294706
1.8197 12 0.289926 0.282021 0.297831
1.83654 12 0.279748 0.272226 0.287269
1.85353 12 0.268847 0.262382 0.275313
1.87068 11.999 0.271534 0.26417 0.278897
1.88799 11.999 0.269396 0.262243 0.27655
1.90546 12 0.265327 0.258136 0.272518
1.92309 12 0.265033 0.257977 0.272089
1.94089 12 0.263351 0.256401 0.270302
1.95884 12 0.263731 0.256498 0.270964
1.97697 12 0.262236 0.255238 0.269234
1.99526 12 0.255651 0.24927 0.262033
2.01372 12 0.257561 0.250902 0.264219
2.03236 12 0.254946 0.248499 0.261392
2.05116 12 0.251676 0.245172 0.258179
2.07014 12 0.246146 0.240052 0.252241
2.0893 12 0.249255 0.242666 0.255844
2.10863 12 0.241591 0.235487 0.247696
2.12814 12 0.238315 0.232281 0.244348
2.14783 12 0.241656 0.235417 0.247895
2.1677 12 0.241596 0.235428 0.247763
2.18776 12 0.237334 0.231175 0.243493
2.208 12 0.240487 0.234202 0.246771
2.22844 12 0.231806 0.226176 0.237436
2.24905 12 0.228427 0.222614 0.23424
2.26986 12 0.2299 0.224166 0.235633
2.29087 12 0.225842 0.220348 0.231336
2.31206 12 0.224172 0.218639 0.229704
2.33346 12 0.223338 0.217576 0.2291
2.35505 12 0.220799 0.215332 0.226267
2.37684 12 0.218996 0.213701 0.22429
2.39883 12 0.222617 0.217095 0.228139
2.42103 12 0.216721 0.211619 0.221823
2.44343 12 0.219539 0.213739 0.225339
2.46604 12 0.210714 0.205858 0.21557
2.48886 12 0.212894 0.207728 0.218061
2.51189 12 0.213671 0.208692 0.218649
2.53513 12 0.208503 0.203404 0.213601
2.55859 12 0.207208 0.202364 0.212051
2.58226 12 0.202805 0.198263 0.207347
2.60615 12 0.199479 0.194924 0.204035
2.63027 12 0.206142 0.201397 0.210887
2.65461 12 0.202919 0.197968 0.207869
2.67917 12 0.200041 0.195357 0.204726
2.70396 12 0.194888 0.190554 0.199221
2.72898 12 0.194912 0.190171 0.199653
2.75423 12 0.196129 0.191515 0.200743
2.77971 12 0.191346 0.186764 0.195928
2.80543 12 0.192088 0.187822 0.196354
2.83139 12 0.189344 0.184863 0.193826
2.85759 12 0.186135 0.182261 0.19001
2.88403 12 0.189539 0.185241 0.193838
2.91072 12 0.185603 0.181307 0.189899
2.93765 12 0.186286 0.182198 0.190374
2.96483 12 0.185278 0.180975 0.18958
2.99226 12 0.181782 0.177722 0.185842
3.01995 12 0.181342 0.177394 0.18529
3.04789 12 0.179876 0.176086 0.183665
3.0761 12 0.175489 0.171894 0.179085
3.10456 12 0.17157 0.16827 0.17487
3.13329 12 0.176242 0.17221 0.180273
3.16228 12 0.174296 0.170939 0.177654
3.19154 12 0.170586 0.167163 0.174008
3.22107 12 0.174347 0.170678 0.178016
3.25087 12 0.170243 0.166541 0.173945
3.28095 12 0.170777 0.167058 0.174496
3.31131 12 0.170688 0.167164 0.174212
3.34195 12 0.163339 0.160182 0.166497
3.37287 12 0.161576 0.158481 0.164671
3.40408 12 0.166673 0.163195 0.170151
3.43558 12 0.1628 0.15949 0.16611
3.46737 12 0.162119 0.158871 0.165367
3.49945 12 0.161309 0.158391 0.164228
3.53183 12 0.159914 0.156971 0.162858
3.56451 12 0.156525 0.15358 0.15947
3.59749 12 0.156492 0.153495 0.15949
3.63078 12 0.158051 0.154925 0.161178
3.66438 12 0.15345 0.150766 0.156133
3.69828 12 0.153059 0.150216 0.155903
3.7325 12 0.153213 0.150426 0.155999
3.76704 12 0.150255 0.14769 0.152819
3.80189 12 0.151428 0.148533 0.154322
3.83707 12 0.152067 0.149165 0.15497
3.87258 12 0.152626 0.149826 0.155426
3.90841 12 0.147555 0.145102 0.150009
3.94457 12 0.147335 0.144734 0.149936
3.98107 12 0.145489 0.143064 0.147913
4.01791 12 0.144698 0.142254 0.147142
4.05509 12 0.142831 0.140596 0.145067
4.09261 12 0.142395 0.140007 0.144783
4.13048 12 0.140937 0.138565 0.143309
4.16869 12 0.140755 0.138486 0.143024
4.20727 12 0.138925 0.136687 0.141162
4.2462 12 0.138597 0.13636 0.140835
4.28549 12 0.13666 0.134625 0.138694
4.32514 12 0.137433 0.135388 0.139478
4.36516 12 0.136638 0.134621 0.138655
4.40555 12 0.13594 0.133828 0.138053
4.44631 12 0.134012 0.13211 0.135914
4.48745 12 0.134103 0.132055 0.136152
4.52898 12 0.131535 0.129682 0.133388
4.57088 12 0.13148 0.129329 0.13363
4.61318 12 0.130329 0.128343 0.132314
4.65586 12 0.131062 0.129068 0.133056
4.69894 12 0.129092 0.127258 0.130927
4.74242 12 0.129949 0.127991 0.131907
4.7863 12 0.129292 0.127394 0.13119
4.83059 12 0.126472 0.124848 0.128097
4.87528 12 0.128046 0.12623 0.129862
4.9204 12 0.127024 0.125179 0.12887
4.96592 12 0.125978 0.124349 0.127608
5.01187 12 0.125867 0.124185 0.127548
5.05825 12 0.124998 0.123212 0.126784
5.10505 12 0.123933 0.122303 0.125564
5.15229 12 0.123052 0.121506 0.124598
5.19996 12 0.122661 0.121091 0.124232
5.24807 12 0.121818 0.120359 0.123276
5.29663 12 0.121013 0.119478 0.122548
5.34564 12 0.121379 0.119866 0.122891
5.39511 12 0.118708 0.117297 0.120119
5.44503 12 0.118127 0.116716 0.119538
5.49541 12 0.11918 0.117802 0.120557
5.54626 12 0.118965 0.117446 0.120484
5.59758 12 0.118207 0.116815 0.119598
5.64937 12 0.116997 0.115757 0.118236
5.70164 12 0.116188 0.114849 0.117527
5.7544 12 0.117383 0.116023 0.118743
5.80764 12 0.116139 0.114809 0.11747
5.86138 12 0.115269 0.113937 0.116601
5.91562 12 0.114796 0.11358 0.116011
5.97035 12 0.113238 0.112086 0.11439
6.0256 12 0.112977 0.111819 0.114135
6.08135 12 0.11373 0.112481 0.114979
6.13762 12 0.112515 0.111277 0.113752
6.19441 12 0.110312 0.109276 0.111347
6.25173 12 0.111477 0.110346 0.112608
6.30957 12 0.111844 0.110759 0.11293
6.36796 12 0.110788 0.109682 0.111895
6.42688 12 0.110725 0.109534 0.111916
6.48634 12 0.108544 0.107493 0.109595
6.54636 12 0.108556 0.107547 0.109566
6.60693 12 0.108674 0.107684 0.109664
6.66807 12 0.108713 0.107673 0.109753
6.72977 12 0.107434 0.106512 0.108356
6.79204 12 0.10737 0.106355 0.108386
6.85488 12 0.106217 0.105361 0.107072
6.91831 12 0.106294 0.105357 0.107232
6.98232 12 0.106869 0.105943 0.107794
7.04693 12 0.105974 0.105059 0.106888
7.11214 12 0.10577 0.104895 0.106644
7.17794 12 0.10538 0.104514 0.106247
7.24436 12 0.10456 0.103752 0.105369
7.31139 12 0.105055 0.104155 0.105956
7.37904 12 0.104333 0.103492 0.105174
7.44732 12 0.103747 0.103019 0.104475
7.51623 12 0.10338 0.102592 0.104168
7.58578 12 0.103903 0.103047 0.104759
7.65597 12 0.102497 0.101748 0.103247
7.72681 12 0.102372 0.101632 0.103111
7.7983 12 0.102464 0.10171 0.103218
7.87046 12 0.101851 0.101143 0.10256
7.94328 12 0.101863 0.101138 0.102589
8.01678 12 0.101543 0.100802 0.102284
8.09096 12 0.100621 0.0999348 0.101308
8.16582 12 0.100704 0.100046 0.101362
8.24138 12 0.0999108 0.0992515 0.10057
8.31764 12 0.0999088 0.0992478 0.10057
8.3946 12 0.099545 0.0989169 0.100173
8.47227 12 0.0993702 0.0987528 0.0999876
8.55067 12 0.099461 0.0988162 0.100106
8.62979 12 0.0988326 0.0982155 0.0994497
8.70964 12 0.098798 0.0981802 0.0994158
8.79023 12 0.0985007 0.097923 0.0990785
8.87156 12 0.0979972 0.0974454 0.0985491
8.95365 12 0.0976454 0.0970714 0.0982193
9.03649 12 0.0978672 0.0972672 0.0984671
9.12011 12 0.0978507 0.0972844 0.0984169
9.2045 12 0.0977592 0.0971604 0.0983579
9.28966 12 0.0972405 0.096735 0.097746
9.37562 12 0.0970821 0.0965701 0.097594
9.46237 12 0.0970881 0.0965706 0.0976056
9.54993 12 0.0962736 0.0957517 0.0967955
9.63829 12 0.0960325 0.0955101 0.0965549
9.72747 12 0.0956382 0.095149 0.0961275
9.81748 12 0.0961452 0.0956429 0.0966474
9.90832 12 0.0955769 0.0950941 0.0960598
10 12 0.0952061 0.0947489 0.0956632
10.0925 12 0.0953328 0.0948594 0.0958062
10.1859 12 0.0948818 0.0944248 0.0953387
10.2802 12 0.0942527 0.0938354 0.09467
10.3753 12 0.0941509 0.0937551 0.0945466
10.4713 12 0.0942131 0.0938054 0.0946208
10.5682 12 0.0940135 0.0936205 0.0944066
10.666 12 0.0941139 0.0936801 0.0945477
10.7647 12 0.0933578 0.0929692 0.0937463
10.8643 12 0.0941072 0.0936797 0.0945347
10.9648 12 0.0933593 0.092984 0.0937345
11.0662 12 0.0932401 0.0928648 0.0936154
11.1686 12 0.0931452 0.0927601 0.0935303
11.272 12 0.0926838 0.0923125 0.093055
11.3763 12 0.0927923 0.0924332 0.0931515
11.4815 12 0.0928689 0.09249 0.0932478
11.5878 12 0.0923804 0.0920361 0.0927246
11.695 12 0.092418 0.0920868 0.0927491
11.8032 12 0.0922858 0.0919381 0.0926335
11.9124 12 0.0923345 0.0919679 0.0927011
12.0226 12 0.0920245 0.0916916 0.0923574
12.1339 12 0.0917141 0.0914003 0.0920278
12.2462 12 0.0917953 0.0914726 0.092118
12.3595 12 0.0915595 0.0912376 0.0918814
12.4738 12 0.0915042 0.0911909 0.0918176
12.5893 12 0.0913317 0.091015 0.0916484
12.7057 12 0.0909598 0.090678 0.0912417
12.8233 12 0.0914137 0.0911006 0.0917268
12.942 12 0.0909983 0.0906944 0.0913022
13.0617 12 0.0906998 0.0904147 0.0909849
13.1826 12 0.0906686 0.090391 0.0909461
13.3045 12 0.0906035 0.0903359 0.0908711
13.4276 12 0.0903061 0.0900387 0.0905734
13.5519 12 0.090395 0.0901282 0.0906617
13.6773 12 0.0899136 0.0896699 0.0901572
13.8038 12 0.0899612 0.0897098 0.0902127
13.9316 12 0.0898758 0.0896381 0.0901135
14.0605 12 0.0899434 0.0896922 0.0901945
14.1906 12 0.0899568 0.0896935 0.0902202
14.3219 12 0.0897057 0.0894614 0.0899499
14.4544 12 0.089608 0.0893794 0.0898367
14.5881 12 0.0895071 0.0892707 0.0897434
14.7231 12 0.0893451 0.0891314 0.0895589
14.8594 12 0.0892044 0.0889724 0.0894364
14.9968 12 0.0891166 0.0889068 0.0893265
15.1356 12 0.0890208 0.0888009 0.0892407
15.2757 12 0.0889451 0.0887403 0.08915
15.417 12 0.0888952 0.0886949 0.0890956
15.5597 12 0.08875 0.0885408 0.0889593
15.7036 12 0.0887767 0.0885734 0.0889799
15.8489 12 0.0885298 0.08834 0.0887196
15.9956 12 0.0887629 0.0885548 0.0889709
16.1436 12 0.0886858 0.0884825 0.088889
16.293 12 0.0883593 0.0881739 0.0885447
16.4437 12 0.0886083 0.0884067 0.0888098
16.5959 12 0.0881643 0.0879884 0.0883402
16.7494 12 0.0881208 0.0879519 0.0882896
16.9044 12 0.0881797 0.0879916 0.0883679
17.0608 12 0.0879767 0.0878027 0.0881507
17.2187 12 0.0880257 0.0878546 0.0881968
17.378 12 0.0878014 0.0876362 0.0879667
17.5388 12 0.0876996 0.0875424 0.0878568
17.7011 12 0.0878097 0.0876532 0.0879662
17.8649 12 0.0876196 0.0874655 0.0877736
18.0302 12 0.0876371 0.0874754 0.0877987
18.197 12 0.0875648 0.0874171 0.0877126
18.3654 12 0.0874525 0.0873037 0.0876013
18.5353 12 0.087527 0.0873759 0.0876781
18.7068 12 0.0872706 0.0871306 0.0874106
18.8799 12 0.0872231 0.0870895 0.0873566
19.0546 12 0.0872362 0.0871037 0.0873687
19.2309 12 0.087267 0.0871196 0.0874143
19.4089 12 0.0871622 0.0870208 0.0873037
19.5884 12 0.0869808 0.0868593 0.0871022
19.7697 12 0.0870016 0.0868688 0.0871344
19.9526 12 0.086971 0.0868306 0.0871115
20.1372 12 0.086875 0.0867472 0.0870027
20.3236 12 0.0867696 0.0866467 0.0868926
20.5116 12 0.0867736 0.0866494 0.0868979
20.7014 12 0.0867382 0.0866123 0.0868642
20.893 12 0.0867683 0.0866427 0.086894
21.0863 12 0.0866357 0.0865187 0.0867527
21.2814 12 0.0867443 0.0866255 0.086863
21.4783 12 0.0866768 0.0865589 0.0867948
21.677 12 0.0865275 0.0864121 0.0866428
21.8776 12 0.0865239 0.0864149 0.0866329
22.08 12 0.0864067 0.0863007 0.0865128
22.2844 12 0.0863895 0.08628 0.086499
22.4905 12 0.0864723 0.0863661 0.0865785
22.6986 12 0.0863425 0.0862382 0.0864467
22.9087 12 0.0861934 0.0860925 0.0862943
23.1206 12 0.0861853 0.0860871 0.0862834
23.3346 12 0.0862228 0.0861194 0.0863262
23.5505 12 0.0862097 0.0861033 0.086316
23.7684 12 0.086201 0.0861023 0.0862997
23.9883 12 0.0860483 0.0859575 0.0861391
24.2103 12 0.0861205 0.0860258 0.0862152
24.4343 12 0.0860493 0.0859585 0.0861401
24.6604 12 0.0859895 0.0858976 0.0860814
24.8886 12 0.0859079 0.0858214 0.0859943
25.1189 12 0.0859691 0.0858757 0.0860624
25.3513 12 0.0858664 0.0857824 0.0859504
25.5859 12 0.0859006 0.0858138 0.0859875
25.8226 12 0.08578 0.0856971 0.0858628
26.0615 12 0.0857702 0.0856911 0.0858492
26.3027 12 0.0857509 0.0856708 0.0858311
26.5461 12 0.0857611 0.0856779 0.0858444
26.7917 12 0.0856999 0.0856216 0.0857783
27.0396 12 0.0856436 0.0855629 0.0857244
27.2898 12 0.0856581 0.0855828 0.0857334
27.5423 12 0.0856565 0.0855783 0.0857347
27.7971 12 0.0856099 0.0855334 0.0856864
28.0543 12 0.0854947 0.0854255 0.0855639
28.3139 12 0.085506 0.0854347 0.0855773
28.5759 12 0.0855191 0.0854499 0.0855883
28.8403 12 0.0854929 0.0854231 0.0855627
29.1072 12 0.0854829 0.0854092 0.0855566
29.3765 12 0.0854186 0.085349 0.0854882
29.6483 12 0.0854378 0.0853689 0.0855066
29.9226 12 0.0853576 0.0852905 0.0854246
30.1995 12 0.085345 0.0852756 0.0854144
30.4789 12 0.0853882 0.0853206 0.0854558
30.761 12 0.085292 0.0852292 0.0853549
31.0456 12 0.0853557 0.0852869 0.0854245
31.3329 12 0.0852115 0.0851546 0.0852685
31.6228 12 0.085226 0.0851642 0.0852877
31.9154 12 0.0852314 0.0851693 0.0852935
32.2107 12 0.0851729 0.0851121 0.0852337
32.5087 12 0.0851751 0.0851146 0.0852356
32.8095 12 0.0851584 0.0851011 0.0852157
33.1131 12 0.0851401 0.085081 0.0851992
33.4195 12 0.0851404 0.0850837 0.0851972
33.7287 12 0.0851393 0.0850797 0.0851989
34.0408 12 0.0850789 0.0850237 0.0851341
34.3558 12 0.0850913 0.0850358 0.0851469
34.6737 12 0.0850765 0.0850202 0.0851329
34.9945 12 0.0850095 0.084959 0.08506
35.3183 12 0.0850509 0.0849981 0.0851037
35.6451 12 0.0850374 0.0849854 0.0850894
35.9749 12 0.0850228 0.0849689 0.0850768
36.3078 12 0.0849904 0.0849372 0.0850437
36.6438 12 0.0849485 0.0848964 0.0850006
36.9828 12 0.0849012 0.0848533 0.084949
37.325 12 0.0849287 0.0848798 0.0849776
37.6704 12 0.0849392 0.0848901 0.0849883
38.0189 12 0.0848627 0.084815 0.0849103
38.3707 12 0.0848833 0.0848348 0.0849319
38.7258 12 0.0848851 0.0848347 0.0849355
39.0841 12 0.0848677 0.0848219 0.0849136
39.4457 12 0.0847993 0.0847542 0.0848444
39.8107 12 0.0848212 0.0847762 0.0848662
40.1791 12 0.0848342 0.0847863 0.0848821
40.5509 12 0.0848133 0.0847679 0.0848587
40.9261 12 0.0847625 0.0847187 0.0848063
41.3048 12 0.0847671 0.0847237 0.0848105
41.6869 12 0.0847961 0.084752 0.0848402
42.0727 12 0.0847608 0.0847175 0.084804
42.462 12 0.0846834 0.0846411 0.0847258
42.8549 12 0.0846938 0.0846528 0.0847348
43.2514 12 0.084742 0.0846998 0.0847843
43.6516 12 0.0846659 0.0846252 0.0847065
44.0555 12 0.0846665 0.0846283 0.0847047
44.4631 12 0.0846985 0.0846565 0.0847405
44.8745 12 0.0846454 0.0846066 0.0846841
45.2898 12 0.0846637 0.0846227 0.0847047
45.7088 12 0.0846714 0.084632 0.0847109
46.1318 12 0.0846453 0.0846079 0.0846828
46.5586 12 0.084632 0.084595 0.0846691
46.9894 12 0.0846081 0.0845716 0.0846446
47.4242 12 0.0846158 0.084577 0.0846545
47.863 12 0.0845777 0.0845414 0.084614
48.3059 12 0.0846038 0.0845672 0.0846405
48.7528 12 0.0845682 0.0845318 0.0846047
49.204 12 0.0845649 0.0845306 0.0845992
49.6592 12 0.0845451 0.0845109 0.0845794
50.1187 12 0.0845568 0.0845198 0.0845938
50.5825 12 0.0845577 0.0845216 0.0845939
51.0505 12 0.0845534 0.0845178 0.0845889
51.5229 12 0.0845302 0.0844961 0.0845642
51.9996 12 0.0845225 0.0844878 0.0845573
52.4807 12 0.0845338 0.0844986 0.0845691
52.9663 12 0.0844957 0.0844612 0.0845303
53.4564 12 0.08449 0.084457 0.0845231
53.9511 12 0.0845149 0.084481 0.0845488
54.4503 12 0.0844874 0.0844549 0.0845199
54.9541 12 0.0844563 0.0844252 0.0844874
55.4626 12 0.0844801 0.0844474 0.0845128
55.9758 12 0.084453 0.0844216 0.0844844
56.4937 12 0.0844919 0.0844591 0.0845248
57.0164 12 0.0844602 0.0844296 0.0844907
57.544 12 0.0844508 0.0844181 0.0844835
58.0764 12 0.0844299 0.0843987 0.0844611
58.6138 12 0.0844017 0.0843723 0.0844311
59.1562 12 0.0844357 0.0844051 0.0844664
59.7035 12 0.0843883 0.084359 0.0844175
60.256 12 0.0844119 0.0843813 0.0844425
60.8135 12 0.0843938 0.0843641 0.0844236
61.3762 12 0.0843987 0.0843696 0.0844277
61.9441 12 0.0844159 0.0843864 0.0844454
62.5173 12 0.0844186 0.0843861 0.0844511
63.0957 12 0.0843558 0.0843265 0.084385
63.6796 12 0.0843785 0.0843495 0.0844075
64.2688 12 0.0843675 0.08434 0.084395
64.8634 12 0.0843887 0.0843586 0.0844187
65.4636 12 0.0843599 0.0843308 0.0843889
66.0693 12 0.0843824 0.0843546 0.0844102
66.6807 12 0.0843416 0.0843127 0.0843704
67.2977 12 0.0843679 0.0843404 0.0843955
67.9204 12 0.084376 0.0843478 0.0844042
68.5488 12 0.0843535 0.0843259 0.0843811
69.1831 12 0.0843448 0.0843169 0.0843726
69.8232 12 0.0843379 0.0843107 0.0843651
70.4693 12 0.0843302 0.0843032 0.0843572
71.1214 12 0.0843232 0.0842961 0.0843502
71.7794 12 0.0843214 0.0842939 0.0843489
72.4436 12 0.0843209 0.0842944 0.0843474
73.1139 12 0.0843081 0.0842805 0.0843357
73.7904 12 0.0843021 0.0842755 0.0843288
74.4732 12 0.0843147 0.0842868 0.0843425
75.1623 12 0.0842673 0.0842421 0.0842926
75.8578 12 0.08429 0.084264 0.084316
76.5597 12 0.0842886 0.0842623 0.0843149
77.2681 12 0.0842985 0.0842724 0.0843247
77.983 12 0.0842935 0.0842676 0.0843195
78.7046 12 0.0842578 0.0842317 0.0842839
79.4328 12 0.0842821 0.0842575 0.0843067
80.1678 12 0.0843028 0.0842764 0.0843292
80.9096 12 0.0842887 0.0842623 0.0843152
81.6582 12 0.0842628 0.0842383 0.0842873
82.4138 12 0.0842766 0.0842515 0.0843017
83.1764 12 0.0842576 0.0842314 0.0842839
83.946 12 0.084257 0.0842324 0.0842816
84.7227 12 0.0842429 0.084219 0.0842668
85.5067 12 0.0842641 0.0842383 0.08429
86.2979 12 0.0842586 0.0842331 0.084284
87.0964 12 0.0842848 0.0842574 0.0843123
87.9023 12 0.0842487 0.0842242 0.0842733
88.7156 12 0.084253 0.0842266 0.0842793
89.5365 12 0.0842353 0.0842115 0.0842591
90.3649 12 0.0842261 0.0842008 0.0842513
91.2011 12 0.0842509 0.0842257 0.0842761
92.045 12 0.0842508 0.0842267 0.0842748
92.8966 12 0.0842449 0.0842206 0.0842691
93.7562 12 0.0842374 0.0842135 0.0842613
94.6237 12 0.0842179 0.0841943 0.0842416
95.4993 12 0.0842025 0.0841785 0.0842265
96.3829 12 0.084209 0.084186 0.0842321
97.2747 12 0.0842356 0.0842107 0.0842606
98.1748 12 0.0842221 0.0841978 0.0842463
99.0832 12 0.0842133 0.0841894 0.0842373
