//tau lambda mean lower_bound upper_bound
0.01 1.158 0.992507 0.989471 0.995543
0.0100925 1.169 0.99052 0.987031 0.99401
0.0101859 1.167 0.989238 0.985435 0.993041
0.0102802 1.16 0.988887 0.985142 0.992631
0.0103753 1.171 0.986726 0.982538 0.990914
0.0104713 1.165 0.98642 0.982204 0.990637
0.0105682 1.164 0.986358 0.982157 0.990558
0.010666 1.17 0.990387 0.986891 0.993883
0.0107647 1.185 0.988368 0.984545 0.992191
0.0108643 1.176 0.988342 0.984479 0.992205
0.0109648 1.17 0.98801 0.983991 0.99203
0.0110662 1.165 0.98832 0.984295 0.992344
0.0111686 1.167 0.989963 0.986461 0.993466
0.011272 1.176 0.989084 0.985349 0.992819
0.0113763 1.169 0.99004 0.986303 0.993776
0.0114815 1.185 0.989694 0.986006 0.993382
0.0115878 1.174 0.989788 0.986263 0.993312
0.011695 1.177 0.99024 0.986778 0.993702
0.0118032 1.191 0.98616 0.982077 0.990244
0.0119124 1.182 0.992822 0.99004 0.995604
0.0120226 1.185 0.988217 0.984394 0.99204
0.0121339 1.172 0.986498 0.982339 0.990658
0.0122462 1.198 0.987721 0.983779 0.991663
0.0123595 1.224 0.985876 0.981615 0.990137
0.0124738 1.213 0.984167 0.97958 0.988754
0.0125893 1.213 0.988054 0.984274 0.991834
0.0127057 1.208 0.988895 0.98529 0.992501
0.0128233 1.177 0.990287 0.986897 0.993677
0.012942 1.212 0.987171 0.983253 0.99109
0.0130617 1.193 0.99096 0.987575 0.994344
0.0131826 1.226 0.989438 0.985913 0.992964
0.0133045 1.21 0.987915 0.983922 0.991908
0.0134276 1.207 0.988063 0.984303 0.991824
0.0135519 1.218 0.988934 0.985357 0.99251
0.0136773 1.219 0.985775 0.981489 0.990062
0.0138038 1.183 0.985776 0.981419 0.990133
0.0139316 1.224 0.984127 0.979422 0.988832
0.0140605 1.247 0.984883 0.980466 0.9893
0.0141906 1.218 0.987 0.982981 0.991018
0.0143219 1.238 0.980839 0.976023 0.985655
0.0144544 1.234 0.984339 0.979982 0.988696
0.0145881 1.258 0.984156 0.979577 0.988735
0.0147231 1.227 0.989884 0.98664 0.993128
0.0148594 1.239 0.986693 0.982675 0.99071
0.0149968 1.236 0.986167 0.982027 0.990308
0.0151356 1.24 0.984288 0.979921 0.988654
0.0152757 1.237 0.988433 0.984717 0.992149
0.015417 1.251 0.985436 0.981286 0.989586
0.0155597 1.265 0.982558 0.977682 0.987435
0.0157036 1.244 0.984582 0.980225 0.988939
0.0158489 1.258 0.984344 0.979709 0.98898
0.0159956 1.249 0.982746 0.977964 0.987528
0.0161436 1.269 0.982758 0.978204 0.987313
0.016293 1.252 0.982071 0.977264 0.986878
0.0164437 1.265 0.983091 0.978501 0.987681
0.0165959 1.265 0.986306 0.982355 0.990257
0.0167494 1.282 0.980948 0.976288 0.985607
0.0169044 1.274 0.984339 0.979905 0.988773
0.0170608 1.265 0.981852 0.97693 0.986774
0.0172187 1.289 0.983242 0.978726 0.987757
0.017378 1.276 0.98016 0.974873 0.985447
0.0175388 1.273 0.983026 0.978495 0.987557
0.0177011 1.287 0.984461 0.980103 0.988818
0.0178649 1.282 0.983002 0.978538 0.987466
0.0180302 1.297 0.982454 0.977932 0.986976
0.018197 1.3 0.98011 0.975053 0.985167
0.0183654 1.296 0.980328 0.975373 0.985283
0.0185353 1.304 0.977195 0.97186 0.982531
0.0187068 1.339 0.977184 0.971829 0.982539
0.0188799 1.31 0.980752 0.975721 0.985783
0.0190546 1.28 0.985838 0.981827 0.989848
0.0192309 1.353 0.977269 0.971828 0.98271
0.0194089 1.299 0.977696 0.972282 0.983109
0.0195884 1.329 0.984208 0.980012 0.988405
0.0197697 1.314 0.978924 0.973915 0.983934
0.0199526 1.349 0.977623 0.972235 0.98301
0.0201372 1.327 0.983561 0.979015 0.988107
0.0203236 1.317 0.985446 0.98139 0.989502
0.0205116 1.326 0.978921 0.973601 0.984241
0.0207014 1.342 0.98406 0.979815 0.988305
0.020893 1.326 0.974938 0.969381 0.980495
0.0210863 1.351 0.978988 0.973681 0.984294
0.0212814 1.346 0.976086 0.970655 0.981517
0.0214783 1.336 0.979174 0.973914 0.984433
0.021677 1.387 0.974812 0.969194 0.98043
0.0218776 1.357 0.978533 0.973301 0.983765
0.02208 1.326 0.980559 0.975545 0.985573
0.0222844 1.321 0.976173 0.970674 0.981672
0.0224905 1.353 0.977447 0.972235 0.982659
0.0226986 1.31 0.979667 0.974545 0.984788
0.0229087 1.378 0.980713 0.975872 0.985554
0.0231206 1.339 0.984036 0.979958 0.988115
0.0233346 1.397 0.979486 0.974526 0.984445
0.0235505 1.393 0.973233 0.967283 0.979183
0.0237684 1.402 0.973868 0.968111 0.979625
0.0239883 1.374 0.978924 0.973727 0.984122
0.0242103 1.388 0.976227 0.970837 0.981617
0.0244343 1.399 0.975697 0.97011 0.981284
0.0246604 1.377 0.97507 0.969444 0.980697
0.0248886 1.414 0.974929 0.969281 0.980578
0.0251189 1.398 0.976716 0.971369 0.982063
0.0253513 1.391 0.976785 0.971512 0.982057
0.0255859 1.394 0.979855 0.975 0.984709
0.0258226 1.394 0.97639 0.971101 0.981679
0.0260615 1.43 0.973968 0.968413 0.979523
0.0263027 1.404 0.974759 0.969137 0.98038
0.0265461 1.412 0.976836 0.971536 0.982136
0.0267917 1.46 0.965698 0.959135 0.97226
0.0270396 1.418 0.971332 0.96531 0.977353
0.0272898 1.448 0.974972 0.969362 0.980582
0.0275423 1.422 0.972713 0.966924 0.978502
0.0277971 1.449 0.971805 0.965996 0.977615
0.0280543 1.449 0.975632 0.970215 0.981049
0.0283139 1.449 0.975107 0.969609 0.980604
0.0285759 1.475 0.967787 0.96129 0.974283
0.0288403 1.468 0.975677 0.970327 0.981028
0.0291072 1.458 0.973163 0.967253 0.979073
0.0293765 1.47 0.967799 0.961813 0.973786
0.0296483 1.47 0.971701 0.965682 0.97772
0.0299226 1.521 0.97147 0.965676 0.977264
0.0301995 1.484 0.97067 0.964716 0.976623
0.0304789 1.476 0.976358 0.970953 0.981763
0.030761 1.507 0.973616 0.96793 0.979302
0.0310456 1.489 0.970201 0.964183 0.976219
0.0313329 1.477 0.964218 0.957532 0.970903
0.0316228 1.527 0.969012 0.963067 0.974956
0.0319154 1.52 0.967026 0.960895 0.973157
0.0322107 1.524 0.972389 0.96663 0.978147
0.0325087 1.533 0.965598 0.959035 0.972161
0.0328095 1.529 0.971522 0.965779 0.977265
0.0331131 1.51 0.967197 0.960821 0.973572
0.0334195 1.495 0.96861 0.962535 0.974685
0.0337287 1.536 0.969856 0.963955 0.975757
0.0340408 1.59 0.968145 0.962194 0.974096
0.0343558 1.521 0.972219 0.966642 0.977796
0.0346737 1.551 0.964865 0.958375 0.971355
0.0349945 1.537 0.970675 0.964758 0.976591
0.0353183 1.593 0.963925 0.957206 0.970645
0.0356451 1.588 0.965124 0.958644 0.971604
0.0359749 1.599 0.966676 0.960057 0.973296
0.0363078 1.554 0.965465 0.959044 0.971886
0.0366438 1.621 0.964648 0.958309 0.970988
0.0369828 1.578 0.959177 0.95198 0.966374
0.037325 1.612 0.958991 0.951949 0.966034
0.0376704 1.604 0.956759 0.949447 0.964072
0.0380189 1.618 0.962394 0.955559 0.96923
0.0383707 1.613 0.963617 0.95711 0.970125
0.0387258 1.597 0.964852 0.958494 0.97121
0.0390841 1.679 0.962733 0.955785 0.969681
0.0394457 1.633 0.964364 0.957905 0.970823
0.0398107 1.64 0.957914 0.950846 0.964982
0.0401791 1.664 0.959094 0.952054 0.966134
0.0405509 1.656 0.957997 0.950797 0.965198
0.0409261 1.679 0.960749 0.954151 0.967348
0.0413048 1.65 0.959799 0.952963 0.966636
0.0416869 1.649 0.961917 0.955117 0.968717
0.0420727 1.676 0.961867 0.955226 0.968508
0.042462 1.706 0.959705 0.953108 0.966301
0.0428549 1.696 0.957516 0.950398 0.964634
0.0432514 1.677 0.956662 0.949573 0.963751
0.0436516 1.671 0.96245 0.955893 0.969007
0.0440555 1.738 0.950554 0.942772 0.958335
0.0444631 1.782 0.956061 0.949041 0.963082
0.0448745 1.705 0.955454 0.948146 0.962761
0.0452898 1.724 0.961354 0.954671 0.968036
0.0457088 1.754 0.955389 0.948176 0.962601
0.0461318 1.788 0.947971 0.940174 0.955767
0.0465586 1.806 0.949412 0.941759 0.957066
0.0469894 1.776 0.949616 0.941958 0.957274
0.0474242 1.706 0.951319 0.943808 0.95883
0.047863 1.801 0.956086 0.948952 0.963219
0.0483059 1.783 0.955541 0.948428 0.962654
0.0487528 1.707 0.953373 0.945676 0.96107
0.049204 1.813 0.957336 0.950401 0.964272
0.0496592 1.792 0.956028 0.948915 0.963141
0.0501187 1.813 0.952868 0.945681 0.960054
0.0505825 1.826 0.95129 0.943677 0.958902
0.0510505 1.825 0.951261 0.943775 0.958748
0.0515229 1.819 0.953572 0.946257 0.960886
0.0519996 1.81 0.949601 0.942047 0.957155
0.0524807 1.799 0.951924 0.944169 0.959679
0.0529663 1.895 0.952623 0.944962 0.960283
0.0534564 1.878 0.953128 0.945642 0.960614
0.0539511 1.884 0.947329 0.939377 0.955281
0.0544503 1.861 0.949531 0.941875 0.957186
0.0549541 1.868 0.949058 0.941373 0.956744
0.0554626 1.912 0.945512 0.937608 0.953415
0.0559758 1.869 0.94001 0.931455 0.948565
0.0564937 1.919 0.945931 0.938067 0.953796
0.0570164 1.958 0.9438 0.935777 0.951822
0.057544 1.967 0.948878 0.941458 0.956298
0.0580764 1.977 0.944147 0.936025 0.952268
0.0586138 1.95 0.945992 0.93785 0.954133
0.0591562 1.948 0.947758 0.940013 0.955503
0.0597035 1.962 0.947457 0.939799 0.955115
0.060256 2.003 0.937333 0.928987 0.945679
0.0608135 1.987 0.943766 0.935753 0.951779
0.0613762 1.963 0.939969 0.93168 0.948258
0.0619441 2.03 0.93951 0.931221 0.947799
0.0625173 1.994 0.93469 0.926121 0.94326
0.0630957 2.026 0.939436 0.931099 0.947773
0.0636796 2.016 0.939681 0.931595 0.947766
0.0642688 2.021 0.939428 0.930959 0.947897
0.0648634 2.022 0.937996 0.929707 0.946284
0.0654636 2.127 0.931902 0.923047 0.940757
0.0660693 2.051 0.941405 0.933367 0.949443
0.0666807 2.028 0.93769 0.929414 0.945966
0.0672977 2.156 0.926758 0.917569 0.935946
0.0679204 2.059 0.928962 0.919911 0.938012
0.0685488 2.121 0.93499 0.926323 0.943656
0.0691831 2.077 0.937587 0.929091 0.946083
0.0698232 2.161 0.930062 0.921079 0.939045
0.0704693 2.201 0.92032 0.910961 0.929679
0.0711214 2.132 0.935475 0.926917 0.944033
0.0717794 2.096 0.937559 0.929368 0.94575
0.0724436 2.14 0.931199 0.922373 0.940024
0.0731139 2.17 0.929345 0.92034 0.938349
0.0737904 2.19 0.934479 0.926092 0.942866
0.0744732 2.16 0.935725 0.927374 0.944077
0.0751623 2.173 0.927472 0.918409 0.936534
0.0758578 2.258 0.916667 0.90703 0.926303
0.0765597 2.209 0.931623 0.923056 0.94019
0.0772681 2.32 0.928266 0.919433 0.937099
0.077983 2.241 0.916847 0.907075 0.926619
0.0787046 2.32 0.920614 0.911105 0.930122
0.0794328 2.255 0.931917 0.923079 0.940755
0.0801678 2.262 0.91996 0.910541 0.92938
0.0809096 2.301 0.925005 0.915823 0.934186
0.0816582 2.319 0.920756 0.9114 0.930112
0.0824138 2.326 0.918873 0.909442 0.928305
0.0831764 2.323 0.918044 0.908715 0.927374
0.083946 2.362 0.923411 0.914362 0.93246
0.0847227 2.392 0.916126 0.906424 0.925829
0.0855067 2.377 0.914465 0.904705 0.924224
0.0862979 2.363 0.926549 0.917549 0.935549
0.0870964 2.355 0.920294 0.910889 0.929698
0.0879023 2.413 0.91877 0.909188 0.928352
0.0887156 2.377 0.91724 0.907791 0.926688
0.0895365 2.51 0.907063 0.897157 0.91697
0.0903649 2.444 0.909049 0.899149 0.918949
0.0912011 2.478 0.909889 0.900092 0.919686
0.092045 2.442 0.915693 0.906257 0.925129
0.0928966 2.495 0.909038 0.89914 0.918937
0.0937562 2.495 0.913545 0.903926 0.923163
0.0946237 2.504 0.90968 0.899503 0.919856
0.0954993 2.546 0.91732 0.908073 0.926568
0.0963829 2.556 0.912201 0.902372 0.922029
0.0972747 2.494 0.920457 0.911601 0.929312
0.0981748 2.598 0.907251 0.897053 0.91745
0.0990832 2.657 0.903248 0.893037 0.91346
0.1 2.651 0.910196 0.900497 0.919894
0.100925 2.728 0.903186 0.892977 0.913394
0.101859 2.641 0.902536 0.892247 0.912826
0.102802 2.645 0.907517 0.897649 0.917385
0.103753 2.749 0.90218 0.891983 0.912377
0.104713 2.702 0.905229 0.895129 0.915329
0.105682 2.717 0.898436 0.888186 0.908687
0.10666 2.638 0.896612 0.885976 0.907248
0.107647 2.712 0.901894 0.891667 0.91212
0.108643 2.792 0.899052 0.888802 0.909303
0.109648 2.817 0.89835 0.887932 0.908767
0.110662 2.807 0.892854 0.882158 0.903549
0.111686 2.743 0.897918 0.887687 0.908149
0.11272 2.774 0.89869 0.888249 0.909131
0.113763 2.84 0.889579 0.878934 0.900225
0.114815 2.835 0.888467 0.877642 0.899292
0.115878 2.827 0.895134 0.884535 0.905734
0.11695 2.911 0.88819 0.877463 0.898918
0.118032 2.932 0.892987 0.882622 0.903351
0.119124 2.907 0.882349 0.871262 0.893436
0.120226 2.884 0.885488 0.874453 0.896522
0.121339 2.929 0.89265 0.881689 0.903611
0.122462 2.998 0.885004 0.873821 0.896187
0.123595 3.033 0.874216 0.862735 0.885697
0.124738 2.914 0.890203 0.879374 0.901031
0.125893 3.016 0.883044 0.871808 0.89428
0.127057 2.961 0.883226 0.872259 0.894194
0.128233 3.088 0.87895 0.867772 0.890127
0.12942 3.053 0.876936 0.865677 0.888194
0.130617 3.141 0.874505 0.863271 0.88574
0.131826 3.13 0.879507 0.868161 0.890853
0.133045 3.176 0.882378 0.871301 0.893455
0.134276 3.151 0.873461 0.861917 0.885005
0.135519 3.154 0.881009 0.869866 0.892153
0.136773 3.149 0.884195 0.873576 0.894814
0.138038 3.22 0.882699 0.871898 0.893501
0.139316 3.231 0.875891 0.86459 0.887192
0.140605 3.274 0.873946 0.862845 0.885046
0.141906 3.242 0.865114 0.853725 0.876502
0.143219 3.297 0.87733 0.865942 0.888718
0.144544 3.218 0.866806 0.855175 0.878437
0.145881 3.289 0.86269 0.850933 0.874447
0.147231 3.384 0.866311 0.854568 0.878055
0.148594 3.377 0.868234 0.856849 0.879618
0.149968 3.475 0.858192 0.846533 0.869852
0.151356 3.31 0.869054 0.857644 0.880465
0.152757 3.374 0.867205 0.855644 0.878766
0.15417 3.46 0.859254 0.847692 0.870815
0.155597 3.405 0.863906 0.851966 0.875847
0.157036 3.608 0.844697 0.832552 0.856843
0.158489 3.545 0.851935 0.839821 0.864048
0.159956 3.522 0.856948 0.845206 0.868689
0.161436 3.519 0.862129 0.850268 0.87399
0.16293 3.583 0.854167 0.84217 0.866165
0.164437 3.573 0.838142 0.825698 0.850587
0.165959 3.719 0.849411 0.837582 0.86124
0.167494 3.683 0.850302 0.838451 0.862154
0.169044 3.658 0.849784 0.837871 0.861696
0.170608 3.739 0.850016 0.838255 0.861778
0.172187 3.799 0.850731 0.838985 0.862476
0.17378 3.758 0.857046 0.845582 0.86851
0.175388 3.775 0.844076 0.83216 0.855991
0.177011 3.717 0.85424 0.842511 0.865968
0.178649 3.858 0.835844 0.823652 0.848036
0.180302 3.81 0.838394 0.826196 0.850592
0.18197 3.952 0.842231 0.830104 0.854358
0.183654 4.026 0.839096 0.826978 0.851214
0.185353 4.062 0.826547 0.813976 0.839117
0.187068 3.996 0.848532 0.836545 0.860518
0.188799 4.002 0.829071 0.816718 0.841424
0.190546 4.033 0.832684 0.820202 0.845166
0.192309 4.035 0.833502 0.821168 0.845836
0.194089 4.109 0.83068 0.818194 0.843165
0.195884 4.18 0.82055 0.807757 0.833342
0.197697 4.11 0.837873 0.825589 0.850156
0.199526 4.205 0.828894 0.816429 0.841358
0.201372 4.181 0.827444 0.814704 0.840184
0.203236 4.256 0.810752 0.797973 0.82353
0.205116 4.213 0.815865 0.803115 0.828615
0.207014 4.242 0.824349 0.811656 0.837041
0.20893 4.266 0.816379 0.803421 0.829337
0.210863 4.378 0.811403 0.798573 0.824233
0.212814 4.423 0.804638 0.791594 0.817683
0.214783 4.342 0.819304 0.806699 0.83191
0.21677 4.392 0.810352 0.797115 0.823589
0.218776 4.43 0.820469 0.807901 0.833036
0.2208 4.615 0.808851 0.796081 0.821621
0.222844 4.578 0.806814 0.793922 0.819706
0.224905 4.411 0.818718 0.805922 0.831513
0.226986 4.646 0.812005 0.799398 0.824611
0.229087 4.568 0.794455 0.781006 0.807904
0.231206 4.737 0.803075 0.790021 0.816129
0.233346 4.756 0.800946 0.787895 0.813998
0.235505 4.72 0.802339 0.789208 0.81547
0.237684 4.775 0.793918 0.780637 0.8072
0.239883 4.802 0.802005 0.789251 0.814759
0.242103 4.84 0.796856 0.78405 0.809662
0.244343 4.905 0.79553 0.782312 0.808748
0.246604 4.902 0.790569 0.777343 0.803796
0.248886 4.946 0.791086 0.777928 0.804244
0.251189 4.957 0.772854 0.759459 0.78625
0.253513 5.148 0.782769 0.769505 0.796032
0.255859 5.098 0.788399 0.774908 0.80189
0.258226 5.183 0.774612 0.761029 0.788196
0.260615 5.064 0.795139 0.782285 0.807993
0.263027 5.257 0.771379 0.757856 0.784901
0.265461 5.286 0.764612 0.750873 0.778351
0.267917 5.237 0.775255 0.761596 0.788914
0.270396 5.281 0.784918 0.771861 0.797974
0.272898 5.337 0.765896 0.752144 0.779648
0.275423 5.348 0.764373 0.751118 0.777627
0.277971 5.447 0.775828 0.762549 0.789108
0.280543 5.544 0.771054 0.757359 0.784749
0.283139 5.536 0.759975 0.746304 0.773646
0.285759 5.505 0.764559 0.750855 0.778262
0.288403 5.508 0.765808 0.752266 0.77935
0.291072 5.751 0.768671 0.755373 0.781968
0.293765 5.625 0.761476 0.747847 0.775104
0.296483 5.861 0.757989 0.744381 0.771597
0.299226 5.675 0.761538 0.748041 0.775036
0.301995 5.899 0.744033 0.730076 0.75799
0.304789 5.802 0.756761 0.742834 0.770688
0.30761 5.811 0.746519 0.732561 0.760477
0.310456 5.973 0.733265 0.71954 0.74699
0.313329 5.994 0.739518 0.725939 0.753098
0.316228 5.963 0.745308 0.731345 0.759271
0.319154 6.091 0.743059 0.729409 0.75671
0.322107 6.067 0.744294 0.730579 0.758009
0.325087 6.087 0.735413 0.721604 0.749223
0.328095 6.229 0.739082 0.725366 0.752798
0.331131 6.075 0.748367 0.734687 0.762047
0.334195 6.276 0.744003 0.730309 0.757697
0.337287 6.322 0.727162 0.712809 0.741515
0.340408 6.417 0.728302 0.714345 0.742259
0.343558 6.479 0.742534 0.728693 0.756375
0.346737 6.363 0.733681 0.719789 0.747573
0.349945 6.649 0.719556 0.705632 0.733479
0.353183 6.612 0.731044 0.717041 0.745046
0.356451 6.626 0.712962 0.698807 0.727118
0.359749 6.796 0.710057 0.695932 0.724183
0.363078 6.59 0.715484 0.701507 0.729461
0.366438 6.88 0.713565 0.699228 0.727903
0.369828 6.802 0.717326 0.703454 0.731198
0.37325 6.914 0.701875 0.68824 0.715511
0.376704 7.142 0.705974 0.691664 0.720283
0.380189 7.012 0.703786 0.689661 0.717912
0.383707 7.104 0.695769 0.681766 0.709772
0.387258 7.174 0.702911 0.689031 0.716792
0.390841 7.085 0.699942 0.685647 0.714237
0.394457 7.244 0.69335 0.679061 0.707639
0.398107 7.304 0.690678 0.676214 0.705142
0.401791 7.289 0.693558 0.679235 0.707881
0.405509 7.426 0.684166 0.670343 0.697988
0.409261 7.526 0.679201 0.665032 0.693369
0.413048 7.368 0.683393 0.669027 0.69776
0.416869 7.514 0.681679 0.667389 0.695968
0.420727 7.777 0.68658 0.672386 0.700774
0.42462 7.752 0.676324 0.661974 0.690674
0.428549 7.762 0.679568 0.665607 0.693529
0.432514 7.786 0.675442 0.661271 0.689613
0.436516 7.783 0.667542 0.65321 0.681874
0.440555 7.775 0.667785 0.653768 0.681802
0.444631 7.836 0.670118 0.656002 0.684234
0.448745 8.078 0.664372 0.650098 0.678646
0.452898 8.189 0.663115 0.648848 0.677381
0.457088 8.115 0.656124 0.642298 0.669949
0.461318 8.304 0.658836 0.644396 0.673277
0.465586 8.33 0.662815 0.648456 0.677174
0.469894 8.36 0.665035 0.650949 0.679122
0.474242 8.43 0.654858 0.640646 0.66907
0.47863 8.484 0.652549 0.638301 0.666797
0.483059 8.615 0.645304 0.631077 0.65953
0.487528 8.505 0.637462 0.623386 0.651539
0.49204 8.605 0.645122 0.631043 0.659201
0.496592 8.626 0.645196 0.631443 0.658949
0.501187 8.727 0.634522 0.620573 0.64847
0.505825 8.883 0.635561 0.621414 0.649709
0.510505 8.92 0.626592 0.612471 0.640713
0.515229 8.889 0.63464 0.620503 0.648776
0.519996 8.954 0.637968 0.624079 0.651857
0.524807 9.022 0.624684 0.61069 0.638678
0.529663 9.139 0.622892 0.608891 0.636893
0.534564 9.208 0.611314 0.597818 0.624809
0.539511 9.43 0.611127 0.597343 0.624911
0.544503 9.272 0.602463 0.588777 0.61615
0.549541 9.478 0.605996 0.59203 0.619963
0.554626 9.409 0.614133 0.600405 0.62786
0.559758 9.612 0.600843 0.58688 0.614805
0.564937 9.606 0.597143 0.583144 0.611141
0.570164 9.842 0.593525 0.579456 0.607595
0.57544 9.686 0.598785 0.584948 0.612623
0.580764 9.737 0.607712 0.59382 0.621603
0.586138 9.879 0.594402 0.580835 0.607968
0.591562 9.926 0.589716 0.576128 0.603304
0.597035 9.995 0.593752 0.579583 0.60792
0.60256 10.087 0.588747 0.574982 0.602512
0.608135 10.215 0.572289 0.558632 0.585947
0.613762 10.108 0.596459 0.58261 0.610307
0.619441 10.201 0.589068 0.575151 0.602985
0.625173 10.427 0.569834 0.556442 0.583225
0.630957 10.39 0.55994 0.546318 0.573562
0.636796 10.525 0.567985 0.554569 0.581401
0.642688 10.625 0.5637 0.550306 0.577094
0.648634 10.651 0.561149 0.547702 0.574596
0.654636 10.614 0.573965 0.560453 0.587478
0.660693 10.608 0.549466 0.536187 0.562746
0.666807 10.811 0.54675 0.533325 0.560175
0.672977 10.864 0.555263 0.541559 0.568967
0.679204 10.98 0.541119 0.527781 0.554456
0.685488 11.03 0.543383 0.53023 0.556535
0.691831 11.075 0.543147 0.529595 0.556699
0.698232 11.027 0.539514 0.526314 0.552714
0.704693 11.176 0.537166 0.523763 0.55057
0.711214 11.249 0.53411 0.520637 0.547583
0.717794 11.307 0.535768 0.52265 0.548886
0.724436 11.279 0.519341 0.506155 0.532528
0.731139 11.308 0.532792 0.51948 0.546103
0.737904 11.442 0.525556 0.512295 0.538817
0.744732 11.491 0.518433 0.505429 0.531438
0.751623 11.556 0.521195 0.508005 0.534386
0.758578 11.613 0.5264 0.513021 0.53978
0.765597 11.682 0.516534 0.50356 0.529507
0.772681 11.648 0.524858 0.511475 0.538241
0.77983 11.726 0.514307 0.501 0.527615
0.787046 11.806 0.507948 0.495137 0.520759
0.794328 11.739 0.509117 0.495744 0.522491
0.801678 11.863 0.50382 0.491103 0.516538
0.809096 11.98 0.49576 0.482922 0.508598
0.816582 11.981 0.492707 0.480556 0.504857
0.824138 12.003 0.498766 0.485902 0.511629
0.831764 12.057 0.493816 0.481126 0.506506
0.83946 12.015 0.487018 0.474941 0.499095
0.847227 12.124 0.489919 0.477018 0.502819
0.855067 12.093 0.492915 0.480421 0.50541
0.862979 12.196 0.486231 0.473344 0.499118
0.870964 12.206 0.478267 0.465856 0.490678
0.879023 12.38 0.474125 0.461647 0.486603
0.887156 12.289 0.474599 0.46245 0.486747
0.895365 12.346 0.478529 0.465913 0.491145
0.903649 12.414 0.462212 0.450062 0.474362
0.912011 12.413 0.474583 0.462172 0.486994
0.92045 12.391 0.464704 0.452708 0.4767
0.928966 12.539 0.458943 0.447014 0.470872
0.937562 12.491 0.46542 0.453257 0.477584
0.946237 12.489 0.453302 0.441386 0.465219
0.954993 12.535 0.442416 0.4309 0.453932
0.963829 12.559 0.453853 0.441631 0.466075
0.972747 12.585 0.44007 0.428743 0.451397
0.981748 12.677 0.44322 0.43163 0.45481
0.990832 12.672 0.442779 0.431202 0.454356
1 12.712 0.426929 0.415434 0.438425
1.00925 12.713 0.431822 0.419913 0.443731
1.01859 12.724 0.434966 0.423373 0.446559
1.02802 12.704 0.433055 0.421368 0.444742
1.03753 12.754 0.430774 0.419304 0.442243
1.04713 12.756 0.416557 0.405775 0.427338
1.05682 12.748 0.424272 0.412756 0.435788
1.0666 12.796 0.412718 0.401412 0.424024
1.07647 12.84 0.42112 0.409902 0.432337
1.08643 12.781 0.423068 0.411362 0.434775
1.09648 12.841 0.40994 0.399003 0.420877
1.10662 12.858 0.42174 0.410304 0.433176
1.11686 12.887 0.415583 0.404249 0.426917
1.1272 12.867 0.399224 0.388343 0.410106
1.13763 12.872 0.405043 0.393912 0.416174
1.14815 12.879 0.39065 0.380132 0.401168
1.15878 12.887 0.388291 0.377922 0.39866
1.1695 12.915 0.39246 0.381304 0.403617
1.18032 12.911 0.395357 0.384798 0.405917
1.19124 12.923 0.387619 0.37716 0.398077
1.20226 12.942 0.39047 0.379871 0.401069
1.21339 12.929 0.389633 0.378936 0.40033
1.22462 12.935 0.376005 0.366104 0.385906
1.23595 12.948 0.368471 0.358712 0.378229
1.24738 12.938 0.384194 0.373667 0.394721
1.25893 12.95 0.371385 0.3616 0.381171
1.27057 12.968 0.36232 0.352904 0.371736
1.28233 12.95 0.362782 0.352998 0.372565
1.2942 12.973 0.367002 0.356761 0.377244
1.30617 12.978 0.361337 0.351314 0.371359
1.31826 12.969 0.369998 0.35947 0.380527
1.33045 12.966 0.364404 0.354486 0.374322
1.34276 12.977 0.355833 0.345924 0.365743
1.35519 12.97 0.350656 0.341117 0.360195
1.36773 12.982 0.349487 0.339987 0.358986
1.38038 12.982 0.341076 0.33157 0.350581
1.39316 12.984 0.346392 0.336582 0.356201
1.40605 12.99 0.340513 0.330974 0.350052
1.41906 12.996 0.336159 0.327069 0.345249
1.43219 12.99 0.33575 0.326712 0.344789
1.44544 12.995 0.343871 0.334381 0.353361
1.45881 12.993 0.340281 0.330705 0.349858
1.47231 12.987 0.334013 0.324701 0.343324
1.48594 12.992 0.331364 0.322026 0.340702
1.49968 12.992 0.322839 0.314157 0.331521
1.51356 12.995 0.319209 0.310857 0.32756
1.52757 12.996 0.314529 0.306009 0.323049
1.5417 12.995 0.326612 0.316848 0.336376
1.55597 12.998 0.313853 0.305361 0.322345
1.57036 13 0.317887 0.309328 0.326445
1.58489 12.999 0.312663 0.304126 0.321201
1.59956 12.998 0.3063 0.298071 0.31453
1.61436 12.998 0.308485 0.300247 0.316724
1.6293 13 0.311954 0.303289 0.320619
1.64437 12.999 0.305122 0.296976 0.313267
1.65959 13 0.304555 0.296164 0.312946
1.67494 13 0.295274 0.287279 0.303268
1.69044 13 0.292431 0.284885 0.299977
1.70608 12.999 0.301141 0.292893 0.309389
1.72187 13 0.295858 0.287649 0.304067
1.7378 13 0.286906 0.278992 0.294819
1.75388 12.998 0.282995 0.275315 0.290676
1.77011 13 0.276341 0.26915 0.283531
1.78649 13 0.282128 0.275027 0.289228
1.80302 13 0.282103 0.274145 0.290062
1.8197 13 0.282101 0.274651 0.289552
1.83654 13 0.272904 0.265348 0.28046
1.85353 13 0.264464 0.257632 0.271297
1.87068 13 0.270284 0.263338 0.27723
1.88799 13 0.266978 0.259992 0.273964
1.90546 13 0.268171 0.261139 0.275203
1.92309 13 0.259022 0.252947 0.265096
1.94089 13 0.263068 0.256045 0.270091
1.95884 13 0.256592 0.249823 0.26336
1.97697 13 0.251466 0.244817 0.258115
1.99526 13 0.255028 0.248562 0.261494
2.01372 13 0.251765 0.244985 0.258545
2.03236 13 0.253011 0.246254 0.259768
2.05116 13 0.24796 0.241831 0.254089
2.07014 13 0.250845 0.244474 0.257216
2.0893 13 0.245413 0.238917 0.251908
2.10863 13 0.241339 0.235461 0.247218
2.12814 13 0.24429 0.238145 0.250436
2.14783 13 0.2389 0.232959 0.244841
2.1677 13 0.23773 0.231608 0.243852
2.18776 13 0.236325 0.230716 0.241934
2.208 13 0.226352 0.220619 0.232084
2.22844 13 0.234671 0.228631 0.240712
2.24905 13 0.231132 0.225545 0.236718
2.26986 13 0.227365 0.221602 0.233128
2.29087 13 0.227325 0.221723 0.232926
2.31206 13 0.22312 0.217786 0.228454
2.33346 13 0.225527 0.220046 0.231008
2.35505 13 0.225158 0.219433 0.230883
2.37684 13 0.222437 0.216802 0.228073
2.39883 13 0.2158 0.210913 0.220687
2.42103 13 0.216855 0.211649 0.222061
2.44343 13 0.214523 0.209391 0.219655
2.46604 13 0.212492 0.207196 0.217787
2.48886 13 0.209081 0.204314 0.213848
2.51189 13 0.209827 0.2048 0.214855
2.53513 13 0.208574 0.20349 0.213658
2.55859 13 0.205198 0.200415 0.20998
2.58226 13 0.204408 0.199463 0.209352
2.60615 13 0.203322 0.198536 0.208108
2.63027 13 0.202962 0.19837 0.207553
2.65461 13 0.19754 0.192895 0.202185
2.67917 13 0.200772 0.196205 0.205338
2.70396 13 0.195071 0.1904 0.199742
2.72898 13 0.192447 0.187938 0.196956
2.75423 13 0.187109 0.182635 0.191583
2.77971 13 0.19211 0.187659 0.196561
2.80543 13 0.188217 0.184027 0.192407
2.83139 13 0.184817 0.180771 0.188862
2.85759 13 0.185781 0.181899 0.189663
2.88403 13 0.191118 0.186617 0.195619
2.91072 13 0.185002 0.180736 0.189268
2.93765 13 0.184241 0.180068 0.188414
2.96483 13 0.18032 0.176317 0.184323
2.99226 13 0.178639 0.174911 0.182367
3.01995 13 0.178594 0.174469 0.182718
3.04789 13 0.178037 0.174155 0.181919
3.0761 13 0.175007 0.171184 0.178831
3.10456 13 0.174274 0.170647 0.1779
3.13329 13 0.176829 0.172817 0.180841
3.16228 13 0.173588 0.169885 0.17729
3.19154 13 0.167449 0.163725 0.171173
3.22107 13 0.166851 0.163611 0.170091
3.25087 13 0.171152 0.167384 0.17492
3.28095 13 0.168146 0.164608 0.171683
3.31131 13 0.16474 0.16147 0.16801
3.34195 13 0.164602 0.161204 0.168
3.37287 13 0.161917 0.158726 0.165108
3.40408 13 0.159892 0.15679 0.162993
3.43558 13 0.158888 0.155986 0.16179
3.46737 13 0.157125 0.154144 0.160106
3.49945 13 0.156323 0.153265 0.159381
3.53183 13 0.155429 0.152229 0.158628
3.56451 13 0.154268 0.151154 0.157383
3.59749 13 0.154622 0.151786 0.157457
3.63078 13 0.152247 0.149308 0.155186
3.66438 13 0.151691 0.148918 0.154465
3.69828 13 0.15117 0.148483 0.153858
3.7325 13 0.146856 0.144314 0.149398
3.76704 13 0.146472 0.143892 0.149052
3.80189 13 0.146924 0.144315 0.149534
3.83707 13 0.144244 0.14169 0.146798
3.87258 13 0.145004 0.142633 0.147374
3.90841 13 0.142554 0.140128 0.14498
3.94457 13 0.140802 0.138404 0.1432
3.98107 13 0.138763 0.136584 0.140943
4.01791 13 0.143723 0.14087 0.146577
4.05509 13 0.139712 0.137375 0.14205
4.09261 13 0.138433 0.136192 0.140674
4.13048 13 0.140086 0.137731 0.142441
4.16869 13 0.135655 0.133468 0.137842
4.20727 13 0.136272 0.134079 0.138465
4.2462 13 0.13662 0.134316 0.138924
4.28549 13 0.134457 0.132276 0.136639
4.32514 13 0.134432 0.132224 0.13664
4.36516 13 0.134557 0.132342 0.136771
4.40555 13 0.13263 0.130547 0.134712
4.44631 13 0.130684 0.128569 0.132799
4.48745 13 0.128886 0.127047 0.130725
4.52898 13 0.128532 0.12666 0.130404
4.57088 13 0.129348 0.127331 0.131366
4.61318 13 0.126888 0.125009 0.128767
4.65586 13 0.128984 0.126945 0.131023
4.69894 13 0.12568 0.123728 0.127632
4.74242 13 0.125944 0.124015 0.127873
4.7863 13 0.124386 0.122461 0.126312
4.83059 13 0.125148 0.123283 0.127013
4.87528 13 0.124362 0.122554 0.126169
4.9204 13 0.121738 0.120023 0.123454
4.96592 13 0.1218 0.120066 0.123534
5.01187 13 0.121031 0.119361 0.122701
5.05825 13 0.121847 0.120067 0.123626
5.10505 13 0.120936 0.119329 0.122542
5.15229 13 0.11955 0.117933 0.121168
5.19996 13 0.119036 0.117442 0.12063
5.24807 13 0.116977 0.115426 0.118528
5.29663 13 0.117299 0.115667 0.118931
5.34564 13 0.116232 0.114703 0.117761
5.39511 13 0.115478 0.113997 0.116958
5.44503 13 0.115875 0.114328 0.117422
5.49541 13 0.114197 0.112657 0.115737
5.54626 13 0.112982 0.111701 0.114263
5.59758 13 0.113864 0.112425 0.115304
5.64937 13 0.11164 0.110307 0.112973
5.70164 13 0.111639 0.11024 0.113039
5.7544 13 0.11238 0.111042 0.113718
5.80764 13 0.110198 0.108984 0.111412
5.86138 13 0.110148 0.108924 0.111372
5.91562 13 0.10875 0.107499 0.110002
5.97035 13 0.108947 0.10768 0.110213
6.0256 13 0.10774 0.106541 0.108939
6.08135 13 0.108757 0.107525 0.10999
6.13762 13 0.107421 0.106247 0.108596
6.19441 13 0.106611 0.105487 0.107735
6.25173 13 0.107557 0.106389 0.108724
6.30957 13 0.106659 0.1055 0.107817
6.36796 13 0.106033 0.104912 0.107154
6.42688 13 0.105873 0.104828 0.106919
6.48634 13 0.105843 0.104731 0.106955
6.54636 13 0.104122 0.10313 0.105114
6.60693 13 0.103638 0.102621 0.104655
6.66807 13 0.103405 0.102455 0.104355
6.72977 13 0.103709 0.102667 0.104752
6.79204 13 0.102912 0.101885 0.10394
6.85488 13 0.101534 0.100631 0.102437
6.91831 13 0.102173 0.101178 0.103168
6.98232 13 0.101454 0.100508 0.1024
7.04693 13 0.101461 0.100471 0.10245
7.11214 13 0.100132 0.0992472 0.101016
7.17794 13 0.0997456 0.0988902 0.100601
7.24436 13 0.0995654 0.098674 0.100457
7.31139 13 0.0996538 0.0987785 0.100529
7.37904 13 0.0996378 0.0988095 0.100466
7.44732 13 0.0986967 0.0978867 0.0995067
7.51623 13 0.0986123 0.0977784 0.0994463
7.58578 13 0.0985511 0.0977207 0.0993816
7.65597 13 0.0977688 0.0969776 0.09856
7.72681 13 0.0970969 0.0963439 0.0978499
7.7983 13 0.0966613 0.0959315 0.0973911
7.87046 13 0.0967485 0.0959906 0.0975065
7.94328 13 0.096493 0.0957256 0.0972604
8.01678 13 0.0957292 0.0950083 0.0964501
8.09096 13 0.0956682 0.0949593 0.0963772
8.16582 13 0.0949117 0.0942365 0.095587
8.24138 13 0.0953481 0.0945974 0.0960988
8.31764 13 0.0951471 0.0944622 0.0958319
8.3946 13 0.0942487 0.0935991 0.0948983
8.47227 13 0.0937932 0.0931707 0.0944157
8.55067 13 0.0941784 0.0935267 0.09483
8.62979 13 0.0934689 0.0928567 0.0940811
8.70964 13 0.0931699 0.0925539 0.0937858
8.79023 13 0.0929359 0.0923528 0.093519
8.87156 13 0.0924332 0.0918509 0.0930156
8.95365 13 0.0927684 0.0921572 0.0933797
9.03649 13 0.0920004 0.091454 0.0925469
9.12011 13 0.0920568 0.0914589 0.0926547
9.2045 13 0.0918706 0.0913039 0.0924373
9.28966 13 0.0918477 0.0913226 0.0923727
9.37562 13 0.0907079 0.0902071 0.0912087
9.46237 13 0.0909154 0.0904203 0.0914105
9.54993 13 0.0904607 0.0899472 0.0909742
9.63829 13 0.0904812 0.0900029 0.0909595
9.72747 13 0.0906961 0.0901701 0.0912222
9.81748 13 0.0904323 0.0899236 0.090941
9.90832 13 0.0902114 0.0896808 0.0907421
10 13 0.0897247 0.0892276 0.0902218
10.0925 13 0.0894918 0.0889916 0.089992
10.1859 13 0.0890444 0.0885762 0.0895126
10.2802 13 0.0889227 0.0884864 0.0893589
10.3753 13 0.0887651 0.0883318 0.0891985
10.4713 13 0.0887256 0.0882809 0.0891703
10.5682 13 0.0884342 0.0880255 0.088843
10.666 13 0.0882161 0.0877665 0.0886657
10.7647 13 0.0880844 0.0876539 0.0885149
10.8643 13 0.0876001 0.0872132 0.0879869
10.9648 13 0.0875182 0.0871356 0.0879007
11.0662 13 0.087792 0.0873904 0.0881935
11.1686 13 0.0876746 0.0872496 0.0880996
11.272 13 0.0867251 0.0863603 0.0870899
11.3763 13 0.087464 0.0870667 0.0878614
11.4815 13 0.0870033 0.0866332 0.0873734
11.5878 13 0.0862626 0.0859179 0.0866073
11.695 13 0.0862408 0.0859041 0.0865776
11.8032 13 0.0863717 0.0860106 0.0867328
11.9124 13 0.0860539 0.0857301 0.0863777
12.0226 13 0.0860841 0.0857175 0.0864508
12.1339 13 0.0860676 0.085708 0.0864271
12.2462 13 0.085989 0.0856526 0.0863255
12.3595 13 0.0854637 0.0851472 0.0857802
12.4738 13 0.08518 0.0848892 0.0854708
12.5893 13 0.0854831 0.0851732 0.085793
12.7057 13 0.0855128 0.0851991 0.0858264
12.8233 13 0.0852822 0.0849814 0.085583
12.942 13 0.084828 0.0845184 0.0851375
13.0617 13 0.0847988 0.0845051 0.0850925
13.1826 13 0.0843635 0.0840895 0.0846376
13.3045 13 0.0844908 0.0842198 0.0847618
13.4276 13 0.0843559 0.0840911 0.0846207
13.5519 13 0.0843465 0.0840978 0.0845953
13.6773 13 0.0841645 0.0839055 0.0844236
13.8038 13 0.0840753 0.0838288 0.0843219
13.9316 13 0.0840559 0.0837799 0.084332
14.0605 13 0.0839403 0.083669 0.0842116
14.1906 13 0.0837177 0.0834642 0.0839712
14.3219 13 0.0835693 0.0833069 0.0838317
14.4544 13 0.0836098 0.083368 0.0838516
14.5881 13 0.0834524 0.0831884 0.0837163
14.7231 13 0.0832265 0.0829975 0.0834555
14.8594 13 0.0831203 0.0828965 0.0833442
14.9968 13 0.0828786 0.0826727 0.0830845
15.1356 13 0.0829417 0.0827214 0.0831619
15.2757 13 0.0829863 0.0827661 0.0832064
15.417 13 0.0828383 0.0826253 0.0830513
15.5597 13 0.0826815 0.082474 0.0828889
15.7036 13 0.0826351 0.0824273 0.0828429
15.8489 13 0.0824533 0.0822589 0.0826477
15.9956 13 0.0823135 0.0821214 0.0825056
16.1436 13 0.0824491 0.0822507 0.0826474
16.293 13 0.0823213 0.0821261 0.0825166
16.4437 13 0.0821536 0.0819661 0.0823412
16.5959 13 0.0820546 0.0818638 0.0822455
16.7494 13 0.0819588 0.0817818 0.0821358
16.9044 13 0.081875 0.0816965 0.0820535
17.0608 13 0.0820822 0.0818938 0.0822707
17.2187 13 0.0819528 0.0817644 0.0821412
17.378 13 0.0817319 0.0815585 0.0819052
17.5388 13 0.0816165 0.0814385 0.0817945
17.7011 13 0.0815594 0.08138 0.0817389
17.8649 13 0.0815609 0.0813974 0.0817243
18.0302 13 0.0814599 0.0813028 0.081617
18.197 13 0.0815347 0.0813684 0.081701
18.3654 13 0.0811533 0.0810007 0.081306
18.5353 13 0.0813193 0.0811569 0.0814816
18.7068 13 0.0811623 0.0810112 0.0813134
18.8799 13 0.0809701 0.0808364 0.0811038
19.0546 13 0.0810742 0.0809225 0.0812258
19.2309 13 0.0809707 0.0808286 0.0811128
19.4089 13 0.0809195 0.0807811 0.0810578
19.5884 13 0.0809091 0.0807728 0.0810455
19.7697 13 0.080762 0.0806298 0.0808942
19.9526 13 0.0807036 0.0805686 0.0808387
20.1372 13 0.0807567 0.0806229 0.0808904
20.3236 13 0.0806356 0.0804996 0.0807716
20.5116 13 0.0806009 0.0804758 0.080726
20.7014 13 0.0805648 0.0804432 0.0806864
20.893 13 0.0805104 0.0803865 0.0806342
21.0863 13 0.0805279 0.0803989 0.0806569
21.2814 13 0.0803949 0.080269 0.0805208
21.4783 13 0.080321 0.0802078 0.0804343
21.677 13 0.0802585 0.0801452 0.0803719
21.8776 13 0.0802535 0.0801335 0.0803735
22.08 13 0.0801977 0.0800865 0.0803089
22.2844 13 0.0801288 0.0800216 0.080236
22.4905 13 0.0800826 0.0799797 0.0801855
22.6986 13 0.0800172 0.079915 0.0801194
22.9087 13 0.0800265 0.0799224 0.0801306
23.1206 13 0.0798415 0.0797447 0.0799382
23.3346 13 0.0798862 0.0797808 0.0799915
23.5505 13 0.0799669 0.0798599 0.0800739
23.7684 13 0.0799119 0.0798094 0.0800143
23.9883 13 0.0798193 0.0797203 0.0799182
24.2103 13 0.079779 0.0796801 0.0798779
24.4343 13 0.0797003 0.0796075 0.079793
24.6604 13 0.0796815 0.0795908 0.0797722
24.8886 13 0.0797009 0.0796045 0.0797974
25.1189 13 0.0795935 0.0795055 0.0796816
25.3513 13 0.0796337 0.0795426 0.0797248
25.5859 13 0.079531 0.0794449 0.0796171
25.8226 13 0.0794743 0.0793913 0.0795572
26.0615 13 0.0794641 0.0793819 0.0795463
26.3027 13 0.0793879 0.0793057 0.0794701
26.5461 13 0.0793613 0.0792811 0.0794416
26.7917 13 0.0794022 0.0793212 0.0794832
27.0396 13 0.0793452 0.0792667 0.0794236
27.2898 13 0.0793548 0.0792741 0.0794355
27.5423 13 0.0792866 0.0792082 0.079365
27.7971 13 0.079228 0.0791512 0.0793047
28.0543 13 0.0792221 0.0791485 0.0792956
28.3139 13 0.0792024 0.0791263 0.0792784
28.5759 13 0.0790685 0.0790025 0.0791345
28.8403 13 0.079099 0.079032 0.079166
29.1072 13 0.0791325 0.0790647 0.0792003
29.3765 13 0.0791053 0.0790331 0.0791776
29.6483 13 0.0790713 0.0790031 0.0791395
29.9226 13 0.0790511 0.0789825 0.0791198
30.1995 13 0.0790152 0.0789477 0.0790827
30.4789 13 0.0789912 0.0789217 0.0790608
30.761 13 0.0789633 0.0788963 0.0790303
31.0456 13 0.0789222 0.0788568 0.0789875
31.3329 13 0.0788918 0.0788267 0.0789568
31.6228 13 0.0788721 0.0788103 0.0789339
31.9154 13 0.0788759 0.0788118 0.0789399
32.2107 13 0.0788495 0.0787892 0.0789098
32.5087 13 0.0787595 0.0787036 0.0788154
32.8095 13 0.0787676 0.0787105 0.0788246
33.1131 13 0.0787539 0.0786976 0.0788101
33.4195 13 0.0787332 0.0786759 0.0787905
33.7287 13 0.0787504 0.0786918 0.078809
34.0408 13 0.0786802 0.0786233 0.0787371
34.3558 13 0.07861 0.0785585 0.0786615
34.6737 13 0.0786804 0.0786232 0.0787377
34.9945 13 0.0787028 0.0786475 0.0787581
35.3183 13 0.0785813 0.0785325 0.0786301
35.6451 13 0.0786515 0.0785982 0.0787047
35.9749 13 0.0785556 0.0785066 0.0786045
36.3078 13 0.0785791 0.0785288 0.0786294
36.6438 13 0.0785779 0.0785281 0.0786276
36.9828 13 0.0785221 0.0784731 0.0785712
37.325 13 0.0785702 0.0785215 0.0786188
37.6704 13 0.0784992 0.0784517 0.0785467
38.0189 13 0.0784712 0.0784235 0.0785188
38.3707 13 0.0784465 0.0783974 0.0784956
38.7258 13 0.0785278 0.0784777 0.0785778
39.0841 13 0.0784449 0.0784 0.0784899
39.4457 13 0.0783703 0.0783286 0.078412
39.8107 13 0.0783809 0.078338 0.0784238
40.1791 13 0.0783991 0.0783557 0.0784425
40.5509 13 0.0783906 0.0783458 0.0784354
40.9261 13 0.0784663 0.0784213 0.0785114
41.3048 13 0.0783831 0.0783409 0.0784253
41.6869 13 0.0783027 0.0782628 0.0783427
42.0727 13 0.0783459 0.0783026 0.0783892
42.462 13 0.0783558 0.0783126 0.0783989
42.8549 13 0.0782943 0.0782535 0.0783351
43.2514 13 0.0783093 0.0782693 0.0783493
43.6516 13 0.0782665 0.0782251 0.078308
44.0555 13 0.0782486 0.0782099 0.0782873
44.4631 13 0.0782714 0.0782317 0.0783111
44.8745 13 0.0782678 0.0782292 0.0783064
45.2898 13 0.0782155 0.0781789 0.078252
45.7088 13 0.0782499 0.0782112 0.0782885
46.1318 13 0.0781884 0.0781519 0.0782248
46.5586 13 0.0782062 0.0781686 0.0782438
46.9894 13 0.078205 0.078168 0.078242
47.4242 13 0.0782197 0.0781819 0.0782574
47.863 13 0.0781892 0.0781539 0.0782245
48.3059 13 0.0781925 0.0781569 0.078228
48.7528 13 0.0782036 0.078168 0.0782391
49.204 13 0.0781424 0.0781071 0.0781777
49.6592 13 0.0781544 0.0781167 0.078192
50.1187 13 0.078125 0.0780903 0.0781597
50.5825 13 0.0781268 0.0780944 0.0781592
51.0505 13 0.0780782 0.0780468 0.0781096
51.5229 13 0.078137 0.0781024 0.0781716
51.9996 13 0.0780857 0.0780541 0.0781172
52.4807 13 0.078103 0.0780717 0.0781342
52.9663 13 0.0781055 0.0780713 0.0781397
53.4564 13 0.0780648 0.0780318 0.0780978
53.9511 13 0.0780609 0.0780287 0.0780931
54.4503 13 0.078059 0.0780277 0.0780902
54.9541 13 0.0780157 0.0779855 0.078046
55.4626 13 0.0780408 0.0780104 0.0780711
55.9758 13 0.078023 0.077993 0.078053
56.4937 13 0.0780179 0.0779861 0.0780498
57.0164 13 0.0780142 0.0779839 0.0780445
57.544 13 0.0780055 0.0779764 0.0780347
58.0764 13 0.0780127 0.0779827 0.0780427
58.6138 13 0.0780123 0.0779799 0.0780447
59.1562 13 0.0779952 0.0779668 0.0780235
59.7035 13 0.0779899 0.0779613 0.0780185
60.256 13 0.0779942 0.0779653 0.0780231
60.8135 13 0.0779482 0.0779211 0.0779753
61.3762 13 0.0779667 0.0779387 0.0779946
61.9441 13 0.0779401 0.0779133 0.0779668
62.5173 13 0.0779467 0.0779195 0.0779738
63.0957 13 0.0779587 0.0779302 0.0779872
63.6796 13 0.077943 0.0779157 0.0779704
64.2688 13 0.0779387 0.0779113 0.077966
64.8634 13 0.077928 0.0779002 0.0779557
65.4636 13 0.0779149 0.0778872 0.0779425
66.0693 13 0.0779099 0.0778829 0.0779368
66.6807 13 0.0779084 0.0778823 0.0779344
67.2977 13 0.0779121 0.077886 0.0779382
67.9204 13 0.0779009 0.0778742 0.0779277
68.5488 13 0.0779043 0.0778786 0.07793
69.1831 13 0.0778909 0.0778652 0.0779167
69.8232 13 0.0778818 0.0778566 0.077907
70.4693 13 0.0779017 0.0778757 0.0779277
71.1214 13 0.0778725 0.0778466 0.0778983
71.7794 13 0.0778663 0.0778403 0.0778922
72.4436 13 0.0778943 0.0778679 0.0779208
73.1139 13 0.0778485 0.077824 0.077873
73.7904 13 0.0778675 0.0778421 0.077893
74.4732 13 0.0778814 0.0778572 0.0779055
75.1623 13 0.0778674 0.0778427 0.077892
75.8578 13 0.0778612 0.0778361 0.0778862
76.5597 13 0.0778606 0.0778367 0.0778846
77.2681 13 0.0778283 0.0778054 0.0778512
77.983 13 0.0778382 0.0778133 0.0778631
78.7046 13 0.0778376 0.0778131 0.0778621
79.4328 13 0.0778083 0.077785 0.0778315
80.1678 13 0.0778386 0.0778142 0.077863
80.9096 13 0.0778149 0.0777907 0.0778391
81.6582 13 0.0778202 0.0777969 0.0778434
82.4138 13 0.0778087 0.0777851 0.0778322
83.1764 13 0.0777953 0.0777731 0.0778175
83.946 13 0.0778169 0.0777928 0.077841
84.7227 13 0.0778026 0.077779 0.0778262
85.5067 13 0.0778016 0.0777786 0.0778246
86.2979 13 0.0778054 0.0777827 0.0778281
87.0964 13 0.0777926 0.0777706 0.0778146
87.9023 13 0.0778085 0.0777845 0.0778326
88.7156 13 0.077786 0.0777636 0.0778083
89.5365 13 0.0778007 0.0777777 0.0778238
90.3649 13 0.0777903 0.0777679 0.0778126
91.2011 13 0.0777765 0.0777532 0.0777999
92.045 13 0.0777846 0.077762 0.0778071
92.8966 13 0.0777679 0.0777464 0.0777893
93.7562 13 0.0777881 0.0777653 0.0778108
94.6237 13 0.0777574 0.0777343 0.0777804
95.4993 13 0.0777492 0.0777275 0.0777709
96.3829 13 0.0777741 0.0777516 0.0777966
97.2747 13 0.0777599 0.0777392 0.0777807
98.1748 13 0.0777386 0.077717 0.0777601
99.0832 13 0.0777517 0.0777311 0.0777723
