//tau lambda mean lower_bound upper_bound
0.01 1.178 0.990283 0.98678 0.993786
0.0100925 1.188 0.989627 0.985991 0.993263
0.0101859 1.142 0.991878 0.988559 0.995197
0.0102802 1.175 0.985941 0.981692 0.99019
0.0103753 1.159 0.991312 0.988048 0.994576
0.0104713 1.163 0.991626 0.988463 0.994789
0.0105682 1.175 0.993081 0.990264 0.995898
0.010666 1.186 0.991303 0.98807 0.994537
0.0107647 1.181 0.986159 0.981978 0.99034
0.0108643 1.176 0.986745 0.982481 0.991009
0.0109648 1.187 0.987333 0.98331 0.991357
0.0110662 1.169 0.992135 0.989082 0.995189
0.0111686 1.191 0.990303 0.986823 0.993784
0.011272 1.183 0.992239 0.989174 0.995304
0.0113763 1.192 0.987465 0.983682 0.991248
0.0114815 1.182 0.987887 0.983948 0.991825
0.0115878 1.198 0.98698 0.982988 0.990973
0.011695 1.183 0.98902 0.985367 0.992674
0.0118032 1.185 0.989966 0.986654 0.993279
0.0119124 1.21 0.984134 0.979404 0.988864
0.0120226 1.195 0.987994 0.984314 0.991673
0.0121339 1.201 0.985507 0.980969 0.990044
0.0122462 1.218 0.983468 0.978601 0.988336
0.0123595 1.197 0.985739 0.981592 0.989886
0.0124738 1.195 0.986686 0.982557 0.990816
0.0125893 1.214 0.987914 0.984028 0.991801
0.0127057 1.237 0.985129 0.980815 0.989444
0.0128233 1.185 0.988776 0.985067 0.992485
0.012942 1.216 0.988499 0.984724 0.992273
0.0130617 1.215 0.986745 0.982742 0.990748
0.0131826 1.203 0.989327 0.985654 0.993
0.0133045 1.213 0.984 0.979381 0.988619
0.0134276 1.201 0.987253 0.98306 0.991445
0.0135519 1.215 0.985582 0.981265 0.989899
0.0136773 1.246 0.984259 0.979782 0.988735
0.0138038 1.209 0.988442 0.984866 0.992018
0.0139316 1.211 0.987558 0.983632 0.991483
0.0140605 1.239 0.988294 0.98446 0.992127
0.0141906 1.214 0.988275 0.984399 0.992151
0.0143219 1.231 0.987133 0.9832 0.991066
0.0144544 1.245 0.984638 0.980058 0.989217
0.0145881 1.272 0.982397 0.977663 0.987131
0.0147231 1.238 0.983474 0.978792 0.988157
0.0148594 1.244 0.985663 0.981497 0.989829
0.0149968 1.221 0.98901 0.985496 0.992524
0.0151356 1.226 0.987289 0.983353 0.991226
0.0152757 1.243 0.98498 0.980661 0.989299
0.015417 1.249 0.98631 0.982217 0.990402
0.0155597 1.252 0.986245 0.981943 0.990547
0.0157036 1.266 0.98316 0.978672 0.987647
0.0158489 1.251 0.985503 0.981286 0.98972
0.0159956 1.271 0.985493 0.981301 0.989686
0.0161436 1.268 0.982491 0.977792 0.987191
0.016293 1.263 0.985512 0.981442 0.989581
0.0164437 1.273 0.982855 0.978185 0.987524
0.0165959 1.278 0.985144 0.980986 0.989301
0.0167494 1.284 0.981656 0.976937 0.986375
0.0169044 1.279 0.982185 0.977471 0.986899
0.0170608 1.277 0.98153 0.976621 0.986439
0.0172187 1.257 0.985137 0.980848 0.989427
0.017378 1.281 0.984627 0.98034 0.988915
0.0175388 1.269 0.985212 0.980906 0.989518
0.0177011 1.295 0.985008 0.980802 0.989214
0.0178649 1.313 0.979286 0.974118 0.984453
0.0180302 1.295 0.977629 0.97234 0.982917
0.018197 1.305 0.980211 0.975107 0.985315
0.0183654 1.32 0.978281 0.97309 0.983471
0.0185353 1.309 0.979653 0.974574 0.984731
0.0187068 1.31 0.981704 0.976798 0.98661
0.0188799 1.322 0.976752 0.971183 0.982321
0.0190546 1.301 0.981096 0.976198 0.985993
0.0192309 1.304 0.980748 0.975948 0.985548
0.0194089 1.331 0.979354 0.974003 0.984705
0.0195884 1.339 0.978322 0.973111 0.983534
0.0197697 1.302 0.977603 0.972373 0.982833
0.0199526 1.319 0.981196 0.976493 0.985898
0.0201372 1.325 0.981623 0.976894 0.986352
0.0203236 1.299 0.982853 0.978335 0.987371
0.0205116 1.332 0.981757 0.976975 0.986539
0.0207014 1.335 0.97631 0.97084 0.98178
0.020893 1.323 0.983537 0.979193 0.987881
0.0210863 1.313 0.983705 0.979149 0.98826
0.0212814 1.351 0.97971 0.974812 0.984608
0.0214783 1.365 0.977744 0.972535 0.982952
0.021677 1.369 0.975538 0.969826 0.981249
0.0218776 1.382 0.97899 0.974067 0.983913
0.02208 1.365 0.9796 0.974627 0.984572
0.0222844 1.358 0.980543 0.975543 0.985543
0.0224905 1.379 0.982233 0.977647 0.986819
0.0226986 1.349 0.977479 0.972157 0.982802
0.0229087 1.357 0.98201 0.977357 0.986663
0.0231206 1.351 0.976242 0.97085 0.981633
0.0233346 1.359 0.973164 0.967071 0.979258
0.0235505 1.383 0.974216 0.96863 0.979802
0.0237684 1.36 0.977782 0.972655 0.982908
0.0239883 1.355 0.978033 0.972881 0.983185
0.0242103 1.377 0.978027 0.972817 0.983238
0.0244343 1.332 0.980725 0.975786 0.985663
0.0246604 1.384 0.971274 0.965085 0.977464
0.0248886 1.366 0.977829 0.972617 0.98304
0.0251189 1.426 0.974733 0.96925 0.980216
0.0253513 1.386 0.978779 0.973653 0.983905
0.0255859 1.398 0.979794 0.974804 0.984783
0.0258226 1.387 0.976603 0.971199 0.982006
0.0260615 1.443 0.974513 0.968923 0.980104
0.0263027 1.419 0.978351 0.973325 0.983378
0.0265461 1.424 0.975322 0.969748 0.980897
0.0267917 1.411 0.977549 0.97241 0.982687
0.0270396 1.449 0.97103 0.964897 0.977164
0.0272898 1.411 0.974435 0.968592 0.980279
0.0275423 1.452 0.972831 0.967064 0.978597
0.0277971 1.462 0.972557 0.966761 0.978352
0.0280543 1.467 0.975442 0.97026 0.980624
0.0283139 1.423 0.975379 0.9698 0.980957
0.0285759 1.474 0.972457 0.966729 0.978185
0.0288403 1.443 0.975066 0.969685 0.980446
0.0291072 1.499 0.967118 0.96076 0.973477
0.0293765 1.46 0.973122 0.967484 0.978761
0.0296483 1.465 0.972392 0.966628 0.978156
0.0299226 1.467 0.969993 0.963725 0.976262
0.0301995 1.486 0.979202 0.974548 0.983855
0.0304789 1.524 0.970768 0.965137 0.976399
0.030761 1.472 0.973209 0.967546 0.978872
0.0310456 1.511 0.972064 0.966343 0.977785
0.0313329 1.527 0.972658 0.966949 0.978368
0.0316228 1.512 0.965609 0.959308 0.971909
0.0319154 1.535 0.967771 0.961498 0.974045
0.0322107 1.525 0.969642 0.963673 0.975611
0.0325087 1.499 0.969705 0.963575 0.975836
0.0328095 1.488 0.967799 0.961568 0.974031
0.0331131 1.586 0.966133 0.959901 0.972366
0.0334195 1.584 0.966893 0.960731 0.973055
0.0337287 1.508 0.967864 0.96178 0.973947
0.0340408 1.538 0.964082 0.957456 0.970709
0.0343558 1.586 0.965973 0.959407 0.972539
0.0346737 1.569 0.970096 0.964068 0.976124
0.0349945 1.594 0.96672 0.960313 0.973126
0.0353183 1.552 0.967248 0.960902 0.973594
0.0356451 1.572 0.969445 0.963371 0.975519
0.0359749 1.557 0.964464 0.958109 0.970819
0.0363078 1.575 0.96628 0.960053 0.972506
0.0366438 1.577 0.964408 0.957931 0.970885
0.0369828 1.598 0.961764 0.955052 0.968477
0.037325 1.617 0.96395 0.957259 0.970642
0.0376704 1.588 0.964683 0.957967 0.9714
0.0380189 1.64 0.958995 0.952076 0.965914
0.0383707 1.642 0.960066 0.953035 0.967098
0.0387258 1.611 0.959097 0.952018 0.966176
0.0390841 1.624 0.961432 0.954527 0.968337
0.0394457 1.61 0.967782 0.961662 0.973901
0.0398107 1.627 0.960209 0.953453 0.966965
0.0401791 1.651 0.963883 0.957436 0.97033
0.0405509 1.673 0.962913 0.956428 0.969398
0.0409261 1.663 0.954291 0.946916 0.961665
0.0413048 1.663 0.956984 0.949902 0.964066
0.0416869 1.671 0.959758 0.952708 0.966809
0.0420727 1.666 0.956376 0.949038 0.963714
0.042462 1.686 0.957309 0.95022 0.964398
0.0428549 1.705 0.957816 0.950637 0.964996
0.0432514 1.656 0.954403 0.946981 0.961824
0.0436516 1.728 0.957762 0.950605 0.964919
0.0440555 1.688 0.955029 0.947802 0.962257
0.0444631 1.723 0.949701 0.941716 0.957687
0.0448745 1.666 0.95915 0.952048 0.966251
0.0452898 1.757 0.952641 0.945116 0.960166
0.0457088 1.74 0.957928 0.950996 0.96486
0.0461318 1.757 0.950784 0.942854 0.958714
0.0465586 1.702 0.9557 0.948467 0.962933
0.0469894 1.679 0.958849 0.951912 0.965787
0.0474242 1.798 0.948284 0.940225 0.956344
0.047863 1.799 0.951261 0.943645 0.958877
0.0483059 1.798 0.951784 0.944433 0.959136
0.0487528 1.738 0.952853 0.945396 0.960311
0.049204 1.819 0.952288 0.944956 0.959621
0.0496592 1.789 0.948203 0.940379 0.956026
0.0501187 1.807 0.954187 0.946943 0.96143
0.0505825 1.855 0.94703 0.939122 0.954938
0.0510505 1.845 0.949412 0.941812 0.957013
0.0515229 1.819 0.942429 0.934072 0.950785
0.0519996 1.849 0.949026 0.941299 0.956752
0.0524807 1.848 0.953498 0.946128 0.960867
0.0529663 1.869 0.947761 0.940157 0.955366
0.0534564 1.814 0.954651 0.947362 0.96194
0.0539511 1.881 0.944459 0.93632 0.952598
0.0544503 1.848 0.951061 0.943449 0.958673
0.0549541 1.86 0.945678 0.93773 0.953625
0.0554626 1.877 0.949698 0.9421 0.957297
0.0559758 1.869 0.946318 0.938202 0.954434
0.0564937 1.871 0.942029 0.933733 0.950326
0.0570164 1.933 0.947665 0.939898 0.955432
0.057544 1.909 0.954435 0.947339 0.961531
0.0580764 1.87 0.947153 0.939253 0.955054
0.0586138 1.967 0.947537 0.939596 0.955479
0.0591562 1.937 0.939246 0.931061 0.947431
0.0597035 1.956 0.938409 0.930043 0.946775
0.060256 1.982 0.936754 0.928073 0.945436
0.0608135 1.988 0.938022 0.929353 0.94669
0.0613762 1.951 0.946303 0.938595 0.954011
0.0619441 2.019 0.93678 0.928227 0.945334
0.0625173 1.998 0.941155 0.933019 0.94929
0.0630957 2.014 0.937394 0.92881 0.945978
0.0636796 2.057 0.946983 0.939519 0.954447
0.0642688 2.018 0.939163 0.930732 0.947593
0.0648634 2.053 0.92617 0.916891 0.935448
0.0654636 2.081 0.929982 0.920945 0.939019
0.0660693 2.096 0.933851 0.925327 0.942376
0.0666807 2.077 0.932056 0.92293 0.941183
0.0672977 2.107 0.938027 0.929683 0.946371
0.0679204 2.085 0.927767 0.918718 0.936816
0.0685488 2.16 0.933574 0.924853 0.942295
0.0691831 2.105 0.930795 0.922059 0.939532
0.0698232 2.127 0.936475 0.928231 0.944719
0.0704693 2.136 0.938645 0.930402 0.946887
0.0711214 2.151 0.928624 0.919608 0.937641
0.0717794 2.208 0.923702 0.914331 0.933074
0.0724436 2.165 0.937725 0.929303 0.946148
0.0731139 2.256 0.927459 0.918532 0.936385
0.0737904 2.221 0.936349 0.927724 0.944973
0.0744732 2.209 0.919117 0.909633 0.928601
0.0751623 2.184 0.931965 0.92318 0.94075
0.0758578 2.218 0.922181 0.913157 0.931206
0.0765597 2.252 0.926798 0.917962 0.935635
0.0772681 2.223 0.92806 0.918893 0.937227
0.077983 2.23 0.923987 0.914619 0.933355
0.0787046 2.278 0.921428 0.912145 0.930711
0.0794328 2.231 0.93637 0.928057 0.944682
0.0801678 2.338 0.926493 0.917619 0.935367
0.0809096 2.239 0.925117 0.915899 0.934334
0.0816582 2.304 0.928983 0.919826 0.93814
0.0824138 2.357 0.922537 0.91345 0.931624
0.0831764 2.406 0.916139 0.906528 0.925751
0.083946 2.352 0.922423 0.913208 0.931639
0.0847227 2.379 0.916626 0.907025 0.926227
0.0855067 2.404 0.918757 0.90951 0.928004
0.0862979 2.391 0.919886 0.910547 0.929225
0.0870964 2.356 0.913685 0.903862 0.923509
0.0879023 2.432 0.913772 0.904049 0.923495
0.0887156 2.433 0.913671 0.903796 0.923546
0.0895365 2.43 0.90597 0.895798 0.916142
0.0903649 2.423 0.920123 0.910748 0.929498
0.0912011 2.41 0.914726 0.9052 0.924252
0.092045 2.433 0.908721 0.898724 0.918719
0.0928966 2.559 0.907672 0.897743 0.917602
0.0937562 2.5 0.913277 0.903574 0.922979
0.0946237 2.496 0.915383 0.905858 0.924908
0.0954993 2.501 0.916103 0.906649 0.925556
0.0963829 2.561 0.910544 0.90075 0.920339
0.0972747 2.559 0.904409 0.894235 0.914582
0.0981748 2.58 0.915907 0.906221 0.925592
0.0990832 2.554 0.908727 0.899016 0.918439
0.1 2.596 0.90723 0.897134 0.917327
0.100925 2.674 0.910013 0.900288 0.919738
0.101859 2.605 0.909414 0.899657 0.919171
0.102802 2.634 0.909098 0.899016 0.919181
0.103753 2.732 0.908495 0.898427 0.918563
0.104713 2.735 0.89788 0.887388 0.908371
0.105682 2.63 0.899854 0.889786 0.909922
0.10666 2.69 0.90834 0.89835 0.91833
0.107647 2.735 0.896991 0.886702 0.90728
0.108643 2.736 0.894536 0.883936 0.905136
0.109648 2.796 0.89909 0.888921 0.90926
0.110662 2.725 0.899601 0.889158 0.910044
0.111686 2.787 0.886619 0.875562 0.897676
0.11272 2.805 0.899097 0.88854 0.909654
0.113763 2.747 0.895556 0.884785 0.906326
0.114815 2.83 0.891759 0.880925 0.902593
0.115878 2.853 0.895492 0.885049 0.905935
0.11695 2.854 0.893063 0.882358 0.903767
0.118032 2.92 0.885893 0.874922 0.896865
0.119124 2.868 0.885242 0.874371 0.896112
0.120226 2.852 0.90561 0.895801 0.915418
0.121339 2.92 0.888672 0.878037 0.899308
0.122462 2.915 0.886411 0.875454 0.897367
0.123595 2.98 0.885151 0.874167 0.896136
0.124738 3.026 0.880307 0.869173 0.891442
0.125893 2.946 0.894218 0.883868 0.904568
0.127057 3.072 0.886936 0.876221 0.89765
0.128233 2.954 0.895113 0.884645 0.905581
0.12942 3.068 0.881549 0.870245 0.892854
0.130617 3.136 0.8926 0.882085 0.903115
0.131826 3.131 0.882229 0.871486 0.892973
0.133045 3.116 0.887689 0.877062 0.898316
0.134276 3.21 0.870708 0.859577 0.881839
0.135519 3.18 0.876889 0.865724 0.888054
0.136773 3.213 0.871006 0.859408 0.882605
0.138038 3.234 0.868629 0.857213 0.880045
0.139316 3.228 0.860823 0.848919 0.872726
0.140605 3.275 0.877745 0.866619 0.888871
0.141906 3.253 0.872017 0.860478 0.883555
0.143219 3.274 0.865271 0.85379 0.876753
0.144544 3.345 0.866947 0.855435 0.878459
0.145881 3.341 0.855923 0.844119 0.867727
0.147231 3.31 0.87615 0.865092 0.887208
0.148594 3.427 0.872524 0.861327 0.88372
0.149968 3.359 0.862249 0.850665 0.873833
0.151356 3.409 0.86182 0.850172 0.873468
0.152757 3.392 0.867061 0.855254 0.878867
0.15417 3.438 0.86234 0.850742 0.873938
0.155597 3.488 0.859429 0.847555 0.871302
0.157036 3.452 0.863543 0.852003 0.875083
0.158489 3.567 0.853946 0.841594 0.866299
0.159956 3.547 0.85616 0.844378 0.867942
0.161436 3.629 0.849144 0.837028 0.861259
0.16293 3.557 0.864064 0.852428 0.8757
0.164437 3.623 0.854311 0.842803 0.86582
0.165959 3.771 0.834452 0.82197 0.846933
0.167494 3.539 0.855279 0.843332 0.867226
0.169044 3.752 0.837245 0.824706 0.849783
0.170608 3.73 0.848338 0.836283 0.860393
0.172187 3.799 0.849267 0.837342 0.861192
0.17378 3.689 0.845866 0.833411 0.85832
0.175388 3.891 0.83698 0.824482 0.849479
0.177011 3.774 0.841776 0.829607 0.853946
0.178649 3.808 0.832852 0.820609 0.845095
0.180302 3.902 0.851772 0.83986 0.863683
0.18197 3.92 0.838599 0.826153 0.851046
0.183654 3.983 0.833522 0.821283 0.84576
0.185353 4.007 0.83132 0.819087 0.843554
0.187068 3.972 0.835087 0.822598 0.847576
0.188799 3.986 0.835847 0.823675 0.84802
0.190546 4.036 0.82586 0.813061 0.83866
0.192309 3.889 0.843722 0.831696 0.855748
0.194089 4.151 0.826089 0.813564 0.838613
0.195884 4.095 0.825326 0.812761 0.837892
0.197697 4.032 0.820687 0.807667 0.833707
0.199526 4.217 0.816785 0.803795 0.829775
0.201372 4.196 0.826747 0.814096 0.839398
0.203236 4.214 0.821993 0.809269 0.834718
0.205116 4.259 0.827302 0.814936 0.839668
0.207014 4.274 0.818605 0.805741 0.831468
0.20893 4.387 0.818739 0.80613 0.831347
0.210863 4.303 0.828741 0.816421 0.84106
0.212814 4.405 0.806772 0.79363 0.819914
0.214783 4.426 0.818694 0.806196 0.831192
0.21677 4.391 0.822097 0.8095 0.834693
0.218776 4.491 0.815197 0.802378 0.828016
0.2208 4.496 0.807899 0.794921 0.820878
0.222844 4.505 0.817055 0.804519 0.829592
0.224905 4.579 0.798658 0.785374 0.811942
0.226986 4.641 0.812297 0.799186 0.825407
0.229087 4.718 0.793085 0.779721 0.80645
0.231206 4.685 0.796733 0.783813 0.809653
0.233346 4.625 0.803104 0.790012 0.816195
0.235505 4.709 0.798674 0.785618 0.811729
0.237684 4.815 0.793013 0.779895 0.806131
0.239883 4.869 0.805199 0.79233 0.818069
0.242103 4.895 0.793848 0.780571 0.807125
0.244343 4.891 0.792701 0.779616 0.805785
0.246604 4.947 0.794549 0.781256 0.807841
0.248886 4.879 0.795232 0.781997 0.808467
0.251189 4.927 0.7904 0.777198 0.803603
0.253513 5.11 0.78301 0.769734 0.796286
0.255859 5.084 0.784328 0.771087 0.79757
0.258226 5.18 0.777162 0.76367 0.790654
0.260615 5.18 0.783004 0.769922 0.796085
0.263027 5.122 0.78057 0.767315 0.793824
0.265461 5.193 0.769749 0.756117 0.783382
0.267917 5.318 0.775512 0.761753 0.789272
0.270396 5.307 0.775837 0.762378 0.789296
0.272898 5.415 0.780002 0.766889 0.793115
0.275423 5.321 0.778006 0.76465 0.791362
0.277971 5.343 0.762815 0.749175 0.776454
0.280543 5.412 0.767144 0.753546 0.780741
0.283139 5.577 0.769058 0.755769 0.782346
0.285759 5.606 0.752693 0.73902 0.766366
0.288403 5.591 0.763102 0.749229 0.776974
0.291072 5.597 0.75849 0.744904 0.772076
0.293765 5.737 0.751501 0.737722 0.765279
0.296483 5.78 0.755631 0.741908 0.769353
0.299226 5.73 0.754077 0.740339 0.767815
0.301995 5.762 0.745819 0.731931 0.759707
0.304789 5.868 0.744701 0.731334 0.758069
0.30761 5.792 0.748077 0.73454 0.761614
0.310456 5.897 0.75537 0.741636 0.769103
0.313329 5.998 0.738883 0.725121 0.752645
0.316228 5.929 0.74423 0.730325 0.758134
0.319154 6.118 0.746328 0.732373 0.760284
0.322107 6.111 0.736719 0.722747 0.750691
0.325087 6.202 0.743848 0.730293 0.757402
0.328095 6.201 0.737616 0.723551 0.751682
0.331131 6.209 0.738809 0.72498 0.752638
0.334195 6.273 0.725278 0.71119 0.739367
0.337287 6.373 0.728082 0.71427 0.741894
0.340408 6.485 0.7252 0.711217 0.739183
0.343558 6.492 0.715071 0.701208 0.728934
0.346737 6.42 0.724842 0.710611 0.739073
0.349945 6.412 0.731921 0.718084 0.745759
0.353183 6.392 0.735212 0.72134 0.749084
0.356451 6.614 0.707851 0.693541 0.722161
0.359749 6.674 0.715688 0.701616 0.72976
0.363078 6.794 0.698887 0.684797 0.712977
0.366438 6.746 0.707756 0.693876 0.721635
0.369828 6.877 0.704503 0.6905 0.718505
0.37325 6.948 0.703274 0.689379 0.717168
0.376704 6.979 0.703375 0.689156 0.717594
0.380189 6.918 0.692259 0.678283 0.706234
0.383707 7.088 0.710572 0.696581 0.724563
0.387258 7.11 0.694504 0.680794 0.708215
0.390841 7.228 0.690846 0.676349 0.705343
0.394457 7.22 0.695402 0.681411 0.709394
0.398107 7.344 0.683858 0.669889 0.697826
0.401791 7.336 0.682744 0.668533 0.696955
0.405509 7.44 0.674765 0.660594 0.688936
0.409261 7.49 0.67982 0.665384 0.694256
0.413048 7.627 0.680159 0.665892 0.694426
0.416869 7.55 0.674533 0.660239 0.688826
0.420727 7.568 0.694628 0.680479 0.708777
0.42462 7.664 0.678498 0.664596 0.692401
0.428549 7.654 0.681982 0.667971 0.695993
0.432514 7.862 0.668223 0.654108 0.682338
0.436516 7.86 0.670747 0.656303 0.685191
0.440555 8.074 0.659234 0.644941 0.673528
0.444631 7.766 0.667282 0.653071 0.681494
0.448745 8.002 0.660608 0.646224 0.674993
0.452898 8.17 0.655797 0.641814 0.669781
0.457088 8.196 0.649008 0.634665 0.663351
0.461318 8.239 0.660368 0.646049 0.674688
0.465586 8.419 0.639385 0.625534 0.653236
0.469894 8.386 0.655833 0.641472 0.670193
0.474242 8.322 0.653458 0.639343 0.667572
0.47863 8.424 0.645836 0.631458 0.660214
0.483059 8.461 0.647213 0.633332 0.661093
0.487528 8.512 0.655988 0.641726 0.67025
0.49204 8.647 0.641495 0.627185 0.655805
0.496592 8.692 0.645774 0.631717 0.65983
0.501187 8.838 0.639078 0.624876 0.653279
0.505825 8.959 0.633141 0.619015 0.647266
0.510505 8.986 0.624602 0.610433 0.638772
0.515229 9.026 0.616532 0.602593 0.630471
0.519996 9.1 0.61995 0.605826 0.634075
0.524807 9.213 0.617056 0.603116 0.630997
0.529663 9.298 0.619535 0.605407 0.633663
0.534564 9.292 0.614562 0.600614 0.628509
0.539511 9.22 0.622929 0.608776 0.637083
0.544503 9.339 0.609937 0.595734 0.62414
0.549541 9.577 0.611282 0.597228 0.625335
0.554626 9.632 0.608285 0.594327 0.622243
0.559758 9.577 0.615383 0.601414 0.629352
0.564937 9.688 0.582747 0.569089 0.596405
0.570164 9.676 0.596428 0.582632 0.610223
0.57544 9.765 0.585877 0.572174 0.599579
0.580764 9.836 0.605341 0.591361 0.619321
0.586138 9.923 0.583482 0.569814 0.597149
0.591562 9.956 0.587239 0.573769 0.600709
0.597035 10.025 0.593045 0.578892 0.607198
0.60256 10.131 0.578468 0.564582 0.592355
0.608135 10.12 0.579807 0.566375 0.593238
0.613762 10.263 0.574855 0.561108 0.588602
0.619441 10.194 0.581419 0.567452 0.595385
0.625173 10.437 0.574487 0.560917 0.588057
0.630957 10.454 0.57225 0.558621 0.585879
0.636796 10.539 0.578472 0.564868 0.592076
0.642688 10.453 0.563136 0.549415 0.576858
0.648634 10.573 0.552321 0.538646 0.565996
0.654636 10.555 0.574306 0.560367 0.588244
0.660693 10.702 0.562154 0.548733 0.575574
0.666807 10.8 0.561316 0.547448 0.575185
0.672977 10.771 0.554833 0.541266 0.5684
0.679204 10.994 0.543045 0.529571 0.556519
0.685488 10.943 0.551149 0.537422 0.564875
0.691831 11.064 0.55353 0.539886 0.567174
0.698232 11.073 0.544318 0.530922 0.557713
0.704693 11.169 0.537461 0.523981 0.550941
0.711214 11.196 0.546961 0.533475 0.560447
0.717794 11.387 0.531455 0.518288 0.544622
0.724436 11.285 0.531717 0.518509 0.544925
0.731139 11.387 0.534556 0.521015 0.548097
0.737904 11.484 0.518274 0.505405 0.531143
0.744732 11.405 0.530776 0.517627 0.543924
0.751623 11.534 0.517325 0.504449 0.5302
0.758578 11.594 0.537954 0.524581 0.551326
0.765597 11.687 0.513803 0.500791 0.526815
0.772681 11.67 0.522416 0.509173 0.535659
0.77983 11.763 0.509963 0.497086 0.52284
0.787046 11.795 0.504934 0.492302 0.517566
0.794328 11.84 0.502315 0.489423 0.515206
0.801678 11.816 0.508204 0.495331 0.521076
0.809096 11.976 0.498246 0.485096 0.511396
0.816582 11.956 0.496848 0.484124 0.509571
0.824138 12.038 0.500425 0.487853 0.512998
0.831764 12.084 0.501331 0.48862 0.514042
0.83946 12.127 0.489654 0.477354 0.501954
0.847227 12.158 0.474178 0.461772 0.486584
0.855067 12.194 0.488662 0.475665 0.50166
0.862979 12.232 0.486445 0.473832 0.499058
0.870964 12.219 0.476694 0.46406 0.489327
0.879023 12.306 0.479474 0.466789 0.492159
0.887156 12.291 0.481037 0.468432 0.493642
0.895365 12.313 0.472621 0.460009 0.485234
0.903649 12.37 0.47066 0.458605 0.482714
0.912011 12.417 0.470087 0.457635 0.482538
0.92045 12.388 0.455812 0.443757 0.467868
0.928966 12.418 0.469573 0.456814 0.482331
0.937562 12.473 0.443228 0.431428 0.455028
0.946237 12.518 0.456632 0.444501 0.468763
0.954993 12.595 0.4544 0.442211 0.46659
0.963829 12.588 0.449031 0.437339 0.460724
0.972747 12.632 0.43424 0.422864 0.445616
0.981748 12.597 0.447046 0.434859 0.459232
0.990832 12.617 0.445588 0.433592 0.457583
1 12.685 0.441532 0.429916 0.453149
1.00925 12.712 0.438684 0.426729 0.45064
1.01859 12.748 0.431882 0.420263 0.443502
1.02802 12.691 0.429261 0.417661 0.440861
1.03753 12.749 0.425172 0.414048 0.436297
1.04713 12.752 0.429785 0.418208 0.441362
1.05682 12.824 0.421066 0.409851 0.432282
1.0666 12.781 0.410681 0.399624 0.421738
1.07647 12.814 0.414445 0.403181 0.425708
1.08643 12.833 0.410616 0.399884 0.421348
1.09648 12.816 0.414865 0.403673 0.426057
1.10662 12.844 0.41774 0.40641 0.42907
1.11686 12.846 0.409827 0.398743 0.420911
1.1272 12.854 0.394215 0.383859 0.40457
1.13763 12.858 0.405167 0.394105 0.416229
1.14815 12.863 0.405027 0.394062 0.415992
1.15878 12.878 0.401951 0.391077 0.412825
1.1695 12.93 0.390165 0.379507 0.400823
1.18032 12.921 0.392774 0.382334 0.403214
1.19124 12.934 0.380752 0.370288 0.391215
1.20226 12.94 0.38617 0.375573 0.396766
1.21339 12.94 0.392145 0.381135 0.403155
1.22462 12.928 0.38221 0.371555 0.392865
1.23595 12.952 0.381983 0.371266 0.3927
1.24738 12.936 0.371218 0.36091 0.381525
1.25893 12.946 0.370739 0.360573 0.380905
1.27057 12.957 0.373525 0.362957 0.384093
1.28233 12.948 0.366693 0.356592 0.376793
1.2942 12.981 0.36 0.350352 0.369648
1.30617 12.967 0.36096 0.351094 0.370827
1.31826 12.962 0.360484 0.349924 0.371044
1.33045 12.983 0.34688 0.337979 0.355781
1.34276 12.983 0.353247 0.34349 0.363003
1.35519 12.989 0.353777 0.343933 0.363622
1.36773 12.979 0.352881 0.342827 0.362936
1.38038 12.985 0.347303 0.337461 0.357146
1.39316 12.99 0.341159 0.331883 0.350435
1.40605 12.983 0.34879 0.338993 0.358588
1.41906 12.992 0.339411 0.329904 0.348918
1.43219 12.993 0.333363 0.324611 0.342116
1.44544 12.977 0.33006 0.321347 0.338773
1.45881 12.994 0.332326 0.323153 0.341499
1.47231 12.995 0.326659 0.317612 0.335706
1.48594 12.989 0.332344 0.322857 0.341831
1.49968 12.996 0.31512 0.306514 0.323726
1.51356 12.997 0.318807 0.310278 0.327337
1.52757 12.998 0.315619 0.307099 0.324138
1.5417 12.999 0.31535 0.306757 0.323943
1.55597 12.998 0.317855 0.309086 0.326625
1.57036 12.999 0.315256 0.306245 0.324267
1.58489 12.998 0.307674 0.299217 0.31613
1.59956 12.995 0.301524 0.293534 0.309514
1.61436 12.997 0.305025 0.296539 0.313512
1.6293 12.997 0.311679 0.303116 0.320243
1.64437 13 0.30839 0.299808 0.316972
1.65959 13 0.292824 0.285607 0.30004
1.67494 12.999 0.301928 0.293379 0.310478
1.69044 12.996 0.297117 0.289276 0.304958
1.70608 12.999 0.290517 0.282575 0.298458
1.72187 13 0.289856 0.282051 0.29766
1.7378 13 0.285868 0.278405 0.293331
1.75388 13 0.28558 0.277998 0.293162
1.77011 13 0.284907 0.277267 0.292546
1.78649 12.996 0.281017 0.273249 0.288786
1.80302 12.997 0.278717 0.271188 0.286246
1.8197 12.999 0.27101 0.264108 0.277912
1.83654 13 0.272446 0.265556 0.279336
1.85353 12.999 0.267146 0.260402 0.273891
1.87068 13 0.266372 0.259103 0.273641
1.88799 13 0.266524 0.259305 0.273742
1.90546 13 0.274328 0.26634 0.282316
1.92309 13 0.264839 0.257683 0.271995
1.94089 13 0.262625 0.255248 0.270001
1.95884 13 0.261008 0.253903 0.268114
1.97697 13 0.257655 0.250331 0.26498
1.99526 13 0.256107 0.249268 0.262945
2.01372 13 0.252065 0.245895 0.258236
2.03236 13 0.250432 0.243587 0.257277
2.05116 13 0.24997 0.243568 0.256372
2.07014 13 0.245537 0.239187 0.251886
2.0893 13 0.246098 0.239529 0.252666
2.10863 13 0.242048 0.235634 0.248462
2.12814 13 0.238125 0.232301 0.243949
2.14783 13 0.240118 0.23377 0.246466
2.1677 13 0.232914 0.227291 0.238537
2.18776 13 0.232745 0.227152 0.238338
2.208 13 0.230571 0.224609 0.236532
2.22844 13 0.229885 0.224042 0.235727
2.24905 13 0.226399 0.220681 0.232118
2.26986 13 0.227385 0.221603 0.233167
2.29087 13 0.222733 0.217061 0.228405
2.31206 13 0.226394 0.220448 0.232341
2.33346 13 0.223716 0.218306 0.229127
2.35505 13 0.222779 0.217032 0.228527
2.37684 13 0.22222 0.216895 0.227546
2.39883 13 0.217326 0.211673 0.222979
2.42103 13 0.212535 0.20747 0.217601
2.44343 13 0.212852 0.207576 0.218127
2.46604 13 0.213916 0.208543 0.219288
2.48886 13 0.209596 0.204903 0.214289
2.51189 13 0.209849 0.204859 0.21484
2.53513 13 0.207613 0.202668 0.212558
2.55859 13 0.204584 0.199549 0.209619
2.58226 13 0.207211 0.201893 0.212529
2.60615 13 0.199122 0.194714 0.203531
2.63027 13 0.198356 0.193978 0.202734
2.65461 13 0.197818 0.192976 0.20266
2.67917 13 0.198917 0.194223 0.203611
2.70396 13 0.197861 0.193192 0.202529
2.72898 13 0.191507 0.187081 0.195934
2.75423 13 0.188714 0.184727 0.192701
2.77971 13 0.192403 0.187955 0.196851
2.80543 13 0.186802 0.182382 0.191223
2.83139 13 0.187905 0.183808 0.192001
2.85759 13 0.184754 0.180607 0.188901
2.88403 13 0.183889 0.17964 0.188139
2.91072 13 0.179667 0.175899 0.183436
2.93765 13 0.180378 0.176421 0.184336
2.96483 13 0.181498 0.177061 0.185934
2.99226 13 0.176031 0.17254 0.179522
3.01995 13 0.175023 0.171443 0.178603
3.04789 13 0.17445 0.170721 0.178179
3.0761 13 0.170177 0.166818 0.173535
3.10456 13 0.174408 0.17081 0.178007
3.13329 13 0.174505 0.1705 0.178509
3.16228 13 0.17182 0.16814 0.175499
3.19154 13 0.169146 0.16554 0.172753
3.22107 13 0.16716 0.163576 0.170744
3.25087 13 0.163744 0.160183 0.167305
3.28095 13 0.162848 0.159558 0.166139
3.31131 13 0.162312 0.159279 0.165345
3.34195 13 0.160503 0.157367 0.163639
3.37287 13 0.160205 0.156969 0.163441
3.40408 13 0.159937 0.156837 0.163036
3.43558 13 0.15544 0.152535 0.158345
3.46737 13 0.161006 0.15759 0.164421
3.49945 13 0.157358 0.154368 0.160348
3.53183 13 0.154711 0.151612 0.157809
3.56451 13 0.154208 0.151185 0.157231
3.59749 13 0.150409 0.147602 0.153216
3.63078 13 0.152132 0.149215 0.155049
3.66438 13 0.152698 0.149606 0.15579
3.69828 13 0.15088 0.148038 0.153722
3.7325 13 0.146921 0.144232 0.14961
3.76704 13 0.146623 0.144008 0.149238
3.80189 13 0.144256 0.141815 0.146697
3.83707 13 0.14615 0.143162 0.149137
3.87258 13 0.145024 0.142368 0.14768
3.90841 13 0.142761 0.140401 0.145122
3.94457 13 0.141715 0.139334 0.144096
3.98107 13 0.141519 0.13913 0.143908
4.01791 13 0.142049 0.139667 0.144432
4.05509 13 0.139031 0.136596 0.141467
4.09261 13 0.13861 0.136169 0.14105
4.13048 13 0.137513 0.135149 0.139878
4.16869 13 0.13522 0.133098 0.137343
4.20727 13 0.136036 0.133795 0.138277
4.2462 13 0.132663 0.130569 0.134758
4.28549 13 0.134074 0.131856 0.136292
4.32514 13 0.13478 0.132478 0.137083
4.36516 13 0.130741 0.128771 0.13271
4.40555 13 0.128963 0.12705 0.130876
4.44631 13 0.12966 0.127596 0.131724
4.48745 13 0.130416 0.128325 0.132508
4.52898 13 0.12733 0.125442 0.129217
4.57088 13 0.127556 0.125631 0.129481
4.61318 13 0.128471 0.126394 0.130548
4.65586 13 0.125838 0.124031 0.127645
4.69894 13 0.124895 0.123146 0.126644
4.74242 13 0.12438 0.122583 0.126178
4.7863 13 0.124196 0.12229 0.126101
4.83059 13 0.122957 0.121253 0.12466
4.87528 13 0.122792 0.120979 0.124606
4.9204 13 0.122512 0.120808 0.124215
4.96592 13 0.121383 0.119662 0.123104
5.01187 13 0.120298 0.118643 0.121953
5.05825 13 0.118087 0.116505 0.119668
5.10505 13 0.118898 0.11735 0.120447
5.15229 13 0.118231 0.116638 0.119824
5.19996 13 0.117764 0.116305 0.119223
5.24807 13 0.116682 0.115206 0.118157
5.29663 13 0.116216 0.114719 0.117712
5.34564 13 0.115987 0.114504 0.117469
5.39511 13 0.115089 0.113668 0.116511
5.44503 13 0.115086 0.113639 0.116532
5.49541 13 0.113093 0.111547 0.114638
5.54626 13 0.111431 0.110089 0.112773
5.59758 13 0.111755 0.110419 0.113091
5.64937 13 0.11063 0.10938 0.111879
5.70164 13 0.110635 0.109399 0.111871
5.7544 13 0.111029 0.109753 0.112304
5.80764 13 0.109436 0.108167 0.110705
5.86138 13 0.109253 0.10801 0.110496
5.91562 13 0.110049 0.108779 0.111318
5.97035 13 0.108134 0.106928 0.10934
6.0256 13 0.108313 0.107032 0.109593
6.08135 13 0.106768 0.105608 0.107929
6.13762 13 0.10664 0.10552 0.10776
6.19441 13 0.10708 0.105947 0.108212
6.25173 13 0.105569 0.104493 0.106644
6.30957 13 0.104976 0.10392 0.106033
6.36796 13 0.104024 0.102996 0.105052
6.42688 13 0.104484 0.103351 0.105618
6.48634 13 0.103895 0.102855 0.104936
6.54636 13 0.104037 0.103031 0.105042
6.60693 13 0.103039 0.102037 0.104041
6.66807 13 0.103148 0.102131 0.104164
6.72977 13 0.102624 0.101603 0.103645
6.79204 13 0.101862 0.100934 0.10279
6.85488 13 0.10037 0.0994436 0.101297
6.91831 13 0.10087 0.0999646 0.101775
6.98232 13 0.100144 0.0992631 0.101026
7.04693 13 0.0999511 0.0990952 0.100807
7.11214 13 0.0999093 0.0989713 0.100847
7.17794 13 0.0995801 0.0986762 0.100484
7.24436 13 0.0979798 0.0971464 0.0988132
7.31139 13 0.0982319 0.0974345 0.0990292
7.37904 13 0.0982774 0.0975073 0.0990475
7.44732 13 0.0976897 0.0968392 0.0985401
7.51623 13 0.0978517 0.097086 0.0986175
7.58578 13 0.0968677 0.0961431 0.0975922
7.65597 13 0.097318 0.0965325 0.0981035
7.72681 13 0.096225 0.0954861 0.0969639
7.7983 13 0.0965645 0.0957896 0.0973395
7.87046 13 0.0955937 0.0948773 0.09631
7.94328 13 0.0951668 0.0945045 0.095829
8.01678 13 0.0947365 0.0940446 0.0954283
8.09096 13 0.0948428 0.0940974 0.0955881
8.16582 13 0.0943538 0.0936664 0.0950411
8.24138 13 0.0943404 0.0936624 0.0950185
8.31764 13 0.0937482 0.0931377 0.0943588
8.3946 13 0.0938559 0.0931886 0.0945233
8.47227 13 0.093651 0.0929725 0.0943294
8.55067 13 0.0925473 0.0919627 0.0931319
8.62979 13 0.0930206 0.0924177 0.0936235
8.70964 13 0.0926481 0.0920388 0.0932574
8.79023 13 0.0917956 0.0912223 0.0923689
8.87156 13 0.0916969 0.0911402 0.0922536
8.95365 13 0.0914907 0.0909229 0.0920584
9.03649 13 0.0917017 0.0911413 0.0922622
9.12011 13 0.0917554 0.0912098 0.092301
9.2045 13 0.090818 0.0902794 0.0913565
9.28966 13 0.0909373 0.0903718 0.0915029
9.37562 13 0.0906909 0.090172 0.0912098
9.46237 13 0.090074 0.0895365 0.0906115
9.54993 13 0.089899 0.0894095 0.0903886
9.63829 13 0.0895355 0.0890771 0.089994
9.72747 13 0.0895902 0.0890989 0.0900816
9.81748 13 0.0891569 0.088701 0.0896128
9.90832 13 0.0892212 0.0887521 0.0896903
10 13 0.0885367 0.0880827 0.0889907
10.0925 13 0.0886099 0.0881782 0.0890416
10.1859 13 0.0888009 0.0883569 0.0892449
10.2802 13 0.08865 0.088174 0.0891259
10.3753 13 0.0878753 0.0874439 0.0883067
10.4713 13 0.0880056 0.0875722 0.0884389
10.5682 13 0.0874096 0.0870146 0.0878047
10.666 13 0.087412 0.087019 0.0878051
10.7647 13 0.0871399 0.0867599 0.0875198
10.8643 13 0.0870462 0.0866684 0.0874239
10.9648 13 0.0864865 0.0861359 0.0868372
11.0662 13 0.0869125 0.0865263 0.0872988
11.1686 13 0.0867997 0.0864243 0.0871751
11.272 13 0.0867977 0.0864161 0.0871792
11.3763 13 0.0863612 0.0860016 0.0867208
11.4815 13 0.0860175 0.0856841 0.086351
11.5878 13 0.0859254 0.0855594 0.0862913
11.695 13 0.0857418 0.0854051 0.0860786
11.8032 13 0.0856847 0.0853446 0.0860249
11.9124 13 0.085534 0.0852003 0.0858677
12.0226 13 0.085024 0.0846945 0.0853535
12.1339 13 0.0849837 0.0846845 0.0852829
12.2462 13 0.0849705 0.0846731 0.0852679
12.3595 13 0.0849333 0.0846168 0.0852497
12.4738 13 0.0846592 0.0843585 0.08496
12.5893 13 0.0847151 0.0843999 0.0850304
12.7057 13 0.0843927 0.0841066 0.0846787
12.8233 13 0.0841709 0.0838861 0.0844557
12.942 13 0.0842018 0.0839106 0.0844931
13.0617 13 0.0839185 0.0836438 0.0841931
13.1826 13 0.0840683 0.0838045 0.0843322
13.3045 13 0.0836964 0.0834267 0.0839661
13.4276 13 0.0837047 0.0834397 0.0839697
13.5519 13 0.0834301 0.0831913 0.0836688
13.6773 13 0.0834073 0.0831601 0.0836545
13.8038 13 0.0832754 0.0830311 0.0835198
13.9316 13 0.0833733 0.0831337 0.0836128
14.0605 13 0.0832462 0.0829933 0.083499
14.1906 13 0.0830326 0.0827888 0.0832764
14.3219 13 0.0827497 0.082527 0.0829725
14.4544 13 0.082818 0.0825942 0.0830417
14.5881 13 0.0826017 0.0823822 0.0828213
14.7231 13 0.0825721 0.0823429 0.0828013
14.8594 13 0.0823751 0.082169 0.0825813
14.9968 13 0.0823243 0.0821184 0.0825302
15.1356 13 0.0823008 0.0821012 0.0825004
15.2757 13 0.0820896 0.0818885 0.0822906
15.417 13 0.0821571 0.0819461 0.0823681
15.5597 13 0.081972 0.0817776 0.0821664
15.7036 13 0.0818651 0.0816774 0.0820528
15.8489 13 0.0817149 0.0815307 0.0818992
15.9956 13 0.081684 0.081503 0.0818649
16.1436 13 0.0816232 0.0814469 0.0817996
16.293 13 0.0815555 0.0813811 0.0817298
16.4437 13 0.0815184 0.0813414 0.0816954
16.5959 13 0.0814017 0.0812265 0.081577
16.7494 13 0.0813736 0.0812052 0.081542
16.9044 13 0.0810722 0.0809151 0.0812293
17.0608 13 0.081155 0.0809937 0.0813162
17.2187 13 0.0811653 0.080998 0.0813326
17.378 13 0.0809286 0.0807808 0.0810764
17.5388 13 0.0809401 0.0807853 0.0810949
17.7011 13 0.0809511 0.0807913 0.081111
17.8649 13 0.0807346 0.0805818 0.0808873
18.0302 13 0.0807344 0.0805838 0.080885
18.197 13 0.0806077 0.080467 0.0807484
18.3654 13 0.0806922 0.0805399 0.0808445
18.5353 13 0.0804425 0.0803131 0.0805719
18.7068 13 0.0804104 0.0802766 0.0805441
18.8799 13 0.0804873 0.0803433 0.0806314
19.0546 13 0.080162 0.0800377 0.0802864
19.2309 13 0.0801287 0.0800087 0.0802486
19.4089 13 0.0800901 0.0799685 0.0802118
19.5884 13 0.0801317 0.0799998 0.0802637
19.7697 13 0.0800481 0.079932 0.0801641
19.9526 13 0.0799871 0.0798681 0.080106
20.1372 13 0.0799676 0.0798409 0.0800942
20.3236 13 0.0798363 0.0797256 0.0799471
20.5116 13 0.0797315 0.079626 0.0798371
20.7014 13 0.079821 0.0797009 0.0799411
20.893 13 0.0797123 0.0796097 0.079815
21.0863 13 0.0796555 0.0795493 0.0797616
21.2814 13 0.0796293 0.0795264 0.0797322
21.4783 13 0.0796558 0.079546 0.0797656
21.677 13 0.0795583 0.0794536 0.0796629
21.8776 13 0.0795 0.0794048 0.0795953
22.08 13 0.0793849 0.0792899 0.07948
22.2844 13 0.0794256 0.0793279 0.0795233
22.4905 13 0.079336 0.0792459 0.0794261
22.6986 13 0.0792229 0.0791345 0.0793113
22.9087 13 0.0793103 0.0792201 0.0794005
23.1206 13 0.0792911 0.0791987 0.0793835
23.3346 13 0.0791778 0.0790964 0.0792591
23.5505 13 0.0791899 0.0791001 0.0792797
23.7684 13 0.079044 0.0789633 0.0791247
23.9883 13 0.0791097 0.079022 0.0791975
24.2103 13 0.079032 0.0789518 0.0791123
24.4343 13 0.0790006 0.0789167 0.0790845
24.6604 13 0.0789776 0.0788978 0.0790573
24.8886 13 0.0789503 0.0788748 0.0790257
25.1189 13 0.0788955 0.0788193 0.0789716
25.3513 13 0.0788592 0.0787879 0.0789305
25.5859 13 0.0788216 0.0787489 0.0788944
25.8226 13 0.0787491 0.078676 0.0788223
26.0615 13 0.0788861 0.0788124 0.0789598
26.3027 13 0.0787776 0.0787063 0.078849
26.5461 13 0.078662 0.0785937 0.0787302
26.7917 13 0.0786544 0.0785881 0.0787207
27.0396 13 0.0786741 0.0786041 0.0787441
27.2898 13 0.0785418 0.0784828 0.0786007
27.5423 13 0.0785212 0.0784564 0.078586
27.7971 13 0.07852 0.0784576 0.0785824
28.0543 13 0.0784543 0.0783975 0.078511
28.3139 13 0.0784558 0.0783942 0.0785174
28.5759 13 0.0784818 0.0784225 0.078541
28.8403 13 0.0783851 0.0783322 0.078438
29.1072 13 0.0783515 0.0783018 0.0784011
29.3765 13 0.0783964 0.0783372 0.0784557
29.6483 13 0.0783422 0.0782892 0.0783952
29.9226 13 0.0783182 0.0782585 0.0783779
30.1995 13 0.0782832 0.0782356 0.0783307
30.4789 13 0.0782527 0.0782012 0.0783043
30.761 13 0.0781987 0.0781513 0.0782462
31.0456 13 0.0782411 0.0781885 0.0782938
31.3329 13 0.0781739 0.0781245 0.0782233
31.6228 13 0.0782072 0.0781576 0.0782567
31.9154 13 0.0781428 0.0780969 0.0781887
32.2107 13 0.0781264 0.0780831 0.0781697
32.5087 13 0.0781398 0.0780901 0.0781895
32.8095 13 0.0780279 0.0779866 0.0780691
33.1131 13 0.0780449 0.0780034 0.0780865
33.4195 13 0.0780348 0.0779904 0.0780791
33.7287 13 0.07802 0.0779788 0.0780612
34.0408 13 0.0780136 0.0779721 0.0780551
34.3558 13 0.0780245 0.0779826 0.0780665
34.6737 13 0.0779524 0.0779107 0.0779941
34.9945 13 0.077956 0.0779148 0.0779972
35.3183 13 0.0779181 0.0778765 0.0779597
35.6451 13 0.0779058 0.0778698 0.0779417
35.9749 13 0.0779009 0.0778641 0.0779378
36.3078 13 0.0778566 0.0778211 0.0778921
36.6438 13 0.0778503 0.077813 0.0778876
36.9828 13 0.0778526 0.0778165 0.0778886
37.325 13 0.0778135 0.0777793 0.0778478
37.6704 13 0.0777622 0.0777302 0.0777941
38.0189 13 0.0777798 0.0777482 0.0778114
38.3707 13 0.0777644 0.0777324 0.0777965
38.7258 13 0.077753 0.0777219 0.0777842
39.0841 13 0.0777559 0.0777245 0.0777872
39.4457 13 0.0777227 0.0776934 0.0777521
39.8107 13 0.0776829 0.0776541 0.0777117
40.1791 13 0.0776902 0.0776608 0.0777196
40.5509 13 0.0776925 0.0776617 0.0777234
40.9261 13 0.0776449 0.0776178 0.077672
41.3048 13 0.0776492 0.0776214 0.077677
41.6869 13 0.0776409 0.0776137 0.0776681
42.0727 13 0.0776132 0.0775865 0.07764
42.462 13 0.0776334 0.0776048 0.0776621
42.8549 13 0.0775904 0.0775632 0.0776176
43.2514 13 0.0775822 0.0775567 0.0776076
43.6516 13 0.0775756 0.0775499 0.0776013
44.0555 13 0.0775744 0.0775485 0.0776003
44.4631 13 0.0775294 0.0775063 0.0775524
44.8745 13 0.0775373 0.0775147 0.07756
45.2898 13 0.0775245 0.0775012 0.0775478
45.7088 13 0.0775184 0.0774955 0.0775413
46.1318 13 0.0774798 0.077459 0.0775005
46.5586 13 0.0774992 0.0774765 0.0775218
46.9894 13 0.0774885 0.0774668 0.0775102
47.4242 13 0.0774659 0.0774457 0.077486
47.863 13 0.077468 0.0774465 0.0774895
48.3059 13 0.0774607 0.0774397 0.0774818
48.7528 13 0.0774384 0.0774178 0.0774591
49.204 13 0.0774473 0.0774266 0.0774679
49.6592 13 0.0774434 0.0774228 0.077464
50.1187 13 0.0774131 0.077394 0.0774321
50.5825 13 0.0773963 0.0773784 0.0774142
51.0505 13 0.0774116 0.0773926 0.0774306
51.5229 13 0.0774012 0.0773824 0.0774199
51.9996 13 0.0773894 0.0773724 0.0774064
52.4807 13 0.0773626 0.077346 0.0773792
52.9663 13 0.0773888 0.0773704 0.0774073
53.4564 13 0.0773493 0.0773328 0.0773659
53.9511 13 0.0773471 0.0773312 0.0773631
54.4503 13 0.0773247 0.077309 0.0773403
54.9541 13 0.0773345 0.0773195 0.0773496
55.4626 13 0.0773298 0.0773138 0.0773458
55.9758 13 0.0773262 0.0773102 0.0773421
56.4937 13 0.077319 0.0773033 0.0773347
57.0164 13 0.0772933 0.0772796 0.077307
57.544 13 0.0772893 0.0772755 0.0773031
58.0764 13 0.0773138 0.0772995 0.0773282
58.6138 13 0.0772866 0.0772726 0.0773005
59.1562 13 0.077285 0.0772715 0.0772985
59.7035 13 0.0772742 0.0772613 0.0772872
60.256 13 0.0772613 0.0772483 0.0772743
60.8135 13 0.0772605 0.077247 0.0772739
61.3762 13 0.0772512 0.0772386 0.0772637
61.9441 13 0.0772475 0.0772348 0.0772602
62.5173 13 0.0772512 0.0772387 0.0772637
63.0957 13 0.0772272 0.077216 0.0772385
63.6796 13 0.0772196 0.0772079 0.0772313
64.2688 13 0.0772171 0.077206 0.0772282
64.8634 13 0.0772275 0.0772155 0.0772394
65.4636 13 0.0772082 0.077197 0.0772194
66.0693 13 0.0772142 0.0772034 0.077225
66.6807 13 0.0772032 0.0771919 0.0772145
67.2977 13 0.077203 0.0771918 0.0772141
67.9204 13 0.0771885 0.077178 0.077199
68.5488 13 0.0771928 0.0771821 0.0772035
69.1831 13 0.0771825 0.0771726 0.0771924
69.8232 13 0.0771779 0.0771678 0.077188
70.4693 13 0.0771689 0.0771593 0.0771784
71.1214 13 0.0771692 0.0771597 0.0771787
71.7794 13 0.0771651 0.0771558 0.0771743
72.4436 13 0.0771613 0.0771523 0.0771703
73.1139 13 0.0771511 0.0771425 0.0771597
73.7904 13 0.0771464 0.0771381 0.0771547
74.4732 13 0.0771421 0.077134 0.0771503
75.1623 13 0.0771467 0.0771379 0.0771555
75.8578 13 0.0771365 0.0771285 0.0771446
76.5597 13 0.0771396 0.0771314 0.0771477
77.2681 13 0.0771318 0.0771237 0.07714
77.983 13 0.0771287 0.0771207 0.0771367
78.7046 13 0.0771253 0.0771174 0.0771332
79.4328 13 0.0771163 0.0771087 0.0771239
80.1678 13 0.0771163 0.077109 0.0771236
80.9096 13 0.077108 0.0771013 0.0771147
81.6582 13 0.077104 0.077097 0.0771109
82.4138 13 0.0771082 0.0771011 0.0771153
83.1764 13 0.0771078 0.0771007 0.0771149
83.946 13 0.0770974 0.0770907 0.077104
84.7227 13 0.0770951 0.0770884 0.0771019
85.5067 13 0.0770971 0.0770903 0.0771038
86.2979 13 0.0770935 0.0770867 0.0771004
87.0964 13 0.0770852 0.0770789 0.0770916
87.9023 13 0.0770845 0.0770785 0.0770905
88.7156 13 0.0770792 0.0770729 0.0770855
89.5365 13 0.0770847 0.0770777 0.0770916
90.3649 13 0.077079 0.0770731 0.0770849
91.2011 13 0.0770766 0.0770706 0.0770826
92.045 13 0.0770708 0.0770649 0.0770767
92.8966 13 0.0770657 0.0770601 0.0770713
93.7562 13 0.0770695 0.0770639 0.0770752
94.6237 13 0.0770642 0.0770584 0.0770701
95.4993 13 0.0770605 0.0770554 0.0770656
96.3829 13 0.07706 0.0770547 0.0770654
97.2747 13 0.0770505 0.0770458 0.0770552
98.1748 13 0.0770502 0.0770455 0.077055
99.0832 13 0.077051 0.0770461 0.077056
