//tau lambda mean lower_bound upper_bound
0.01 1.178 0.990283 0.98678 0.993786
0.0100925 1.188 0.989627 0.985991 0.993263
0.0101859 1.142 0.991878 0.988559 0.995197
0.0102802 1.175 0.985941 0.981692 0.99019
0.0103753 1.159 0.991312 0.988048 0.994576
0.0104713 1.163 0.991626 0.988463 0.994789
0.0105682 1.175 0.993081 0.990264 0.995898
0.010666 1.186 0.991303 0.98807 0.994537
0.0107647 1.181 0.986159 0.981978 0.99034
0.0108643 1.176 0.986745 0.982481 0.991009
0.0109648 1.187 0.987333 0.98331 0.991357
0.0110662 1.169 0.992135 0.989082 0.995189
0.0111686 1.191 0.990303 0.986823 0.993784
0.011272 1.183 0.992239 0.989174 0.995304
0.0113763 1.192 0.987465 0.983682 0.991248
0.0114815 1.182 0.987887 0.983948 0.991825
0.0115878 1.198 0.98698 0.982988 0.990973
0.011695 1.183 0.98902 0.985367 0.992674
0.0118032 1.185 0.989966 0.986654 0.993279
0.0119124 1.21 0.984134 0.979404 0.988864
0.0120226 1.195 0.987994 0.984314 0.991673
0.0121339 1.201 0.985507 0.980969 0.990044
0.0122462 1.218 0.983468 0.978601 0.988336
0.0123595 1.197 0.985739 0.981592 0.989886
0.0124738 1.195 0.986686 0.982557 0.990816
0.0125893 1.214 0.987914 0.984028 0.991801
0.0127057 1.237 0.985129 0.980815 0.989444
0.0128233 1.185 0.988776 0.985067 0.992485
0.012942 1.216 0.988499 0.984724 0.992273
0.0130617 1.215 0.986745 0.982742 0.990748
0.0131826 1.203 0.989327 0.985654 0.993
0.0133045 1.213 0.984 0.979381 0.988619
0.0134276 1.201 0.987253 0.98306 0.991445
0.0135519 1.215 0.985582 0.981265 0.989899
0.0136773 1.246 0.984259 0.979782 0.988735
0.0138038 1.209 0.988442 0.984866 0.992018
0.0139316 1.211 0.987558 0.983632 0.991483
0.0140605 1.239 0.988294 0.98446 0.992127
0.0141906 1.214 0.988275 0.984399 0.992151
0.0143219 1.231 0.987133 0.9832 0.991066
0.0144544 1.245 0.984638 0.980058 0.989217
0.0145881 1.272 0.982397 0.977663 0.987131
0.0147231 1.238 0.983474 0.978792 0.988157
0.0148594 1.244 0.985663 0.981497 0.989829
0.0149968 1.221 0.98901 0.985496 0.992524
0.0151356 1.226 0.987289 0.983353 0.991226
0.0152757 1.243 0.98498 0.980661 0.989299
0.015417 1.249 0.98631 0.982217 0.990402
0.0155597 1.252 0.986245 0.981943 0.990547
0.0157036 1.266 0.98316 0.978672 0.987647
0.0158489 1.251 0.985503 0.981286 0.98972
0.0159956 1.271 0.985493 0.981301 0.989686
0.0161436 1.268 0.982491 0.977792 0.987191
0.016293 1.263 0.985512 0.981442 0.989581
0.0164437 1.273 0.982855 0.978185 0.987524
0.0165959 1.278 0.985144 0.980986 0.989301
0.0167494 1.284 0.981656 0.976937 0.986375
0.0169044 1.279 0.982185 0.977471 0.986899
0.0170608 1.277 0.98153 0.976621 0.986439
0.0172187 1.257 0.985137 0.980848 0.989427
0.017378 1.281 0.984627 0.98034 0.988915
0.0175388 1.269 0.985212 0.980906 0.989518
0.0177011 1.295 0.985008 0.980802 0.989214
0.0178649 1.313 0.979286 0.974118 0.984453
0.0180302 1.295 0.977629 0.97234 0.982917
0.018197 1.305 0.980211 0.975107 0.985315
0.0183654 1.32 0.978281 0.97309 0.983471
0.0185353 1.309 0.979653 0.974574 0.984731
0.0187068 1.31 0.981704 0.976798 0.98661
0.0188799 1.322 0.976752 0.971183 0.982321
0.0190546 1.301 0.981096 0.976198 0.985993
0.0192309 1.304 0.980748 0.975948 0.985548
0.0194089 1.331 0.979354 0.974003 0.984705
0.0195884 1.339 0.978322 0.973111 0.983534
0.0197697 1.302 0.977603 0.972373 0.982833
0.0199526 1.319 0.981196 0.976493 0.985898
0.0201372 1.325 0.981623 0.976894 0.986352
0.0203236 1.299 0.982853 0.978335 0.987371
0.0205116 1.332 0.981757 0.976975 0.986539
0.0207014 1.335 0.97631 0.97084 0.98178
0.020893 1.323 0.983537 0.979193 0.987881
0.0210863 1.313 0.983705 0.979149 0.98826
0.0212814 1.351 0.97971 0.974812 0.984608
0.0214783 1.365 0.977744 0.972535 0.982952
0.021677 1.369 0.975538 0.969826 0.981249
0.0218776 1.382 0.97899 0.974067 0.983913
0.02208 1.365 0.9796 0.974627 0.984572
0.0222844 1.358 0.980543 0.975543 0.985543
0.0224905 1.379 0.982233 0.977647 0.986819
0.0226986 1.349 0.977479 0.972157 0.982802
0.0229087 1.357 0.98201 0.977357 0.986663
0.0231206 1.351 0.976242 0.97085 0.981633
0.0233346 1.359 0.973164 0.967071 0.979258
0.0235505 1.383 0.974216 0.96863 0.979802
0.0237684 1.36 0.977782 0.972655 0.982908
0.0239883 1.355 0.978033 0.972881 0.983185
0.0242103 1.377 0.978027 0.972817 0.983238
0.0244343 1.332 0.980725 0.975786 0.985663
0.0246604 1.384 0.971274 0.965085 0.977464
0.0248886 1.366 0.977829 0.972617 0.98304
0.0251189 1.426 0.974733 0.96925 0.980216
0.0253513 1.386 0.978779 0.973653 0.983905
0.0255859 1.398 0.979794 0.974804 0.984783
0.0258226 1.387 0.976603 0.971199 0.982006
0.0260615 1.443 0.974513 0.968923 0.980104
0.0263027 1.419 0.978351 0.973325 0.983378
0.0265461 1.424 0.975322 0.969748 0.980897
0.0267917 1.411 0.977549 0.97241 0.982687
0.0270396 1.449 0.97103 0.964897 0.977164
0.0272898 1.411 0.974435 0.968592 0.980279
0.0275423 1.452 0.972831 0.967064 0.978597
0.0277971 1.462 0.972557 0.966761 0.978352
0.0280543 1.467 0.975442 0.97026 0.980624
0.0283139 1.423 0.975379 0.9698 0.980957
0.0285759 1.474 0.972457 0.966729 0.978185
0.0288403 1.443 0.975066 0.969685 0.980446
0.0291072 1.499 0.967118 0.96076 0.973477
0.0293765 1.46 0.973122 0.967484 0.978761
0.0296483 1.465 0.972392 0.966628 0.978156
0.0299226 1.467 0.969993 0.963725 0.976262
0.0301995 1.486 0.979202 0.974548 0.983855
0.0304789 1.524 0.970768 0.965137 0.976399
0.030761 1.472 0.973209 0.967546 0.978872
0.0310456 1.511 0.972064 0.966343 0.977785
0.0313329 1.527 0.972658 0.966949 0.978368
0.0316228 1.512 0.965609 0.959308 0.971909
0.0319154 1.535 0.967771 0.961498 0.974045
0.0322107 1.525 0.969642 0.963673 0.975611
0.0325087 1.499 0.969705 0.963575 0.975836
0.0328095 1.488 0.967799 0.961568 0.974031
0.0331131 1.586 0.966133 0.959901 0.972366
0.0334195 1.584 0.966893 0.960731 0.973055
0.0337287 1.508 0.967864 0.96178 0.973947
0.0340408 1.538 0.964082 0.957456 0.970709
0.0343558 1.586 0.965973 0.959407 0.972539
0.0346737 1.569 0.970096 0.964068 0.976124
0.0349945 1.594 0.96672 0.960313 0.973126
0.0353183 1.552 0.967248 0.960902 0.973594
0.0356451 1.572 0.969445 0.963371 0.975519
0.0359749 1.557 0.964464 0.958109 0.970819
0.0363078 1.575 0.96628 0.960053 0.972506
0.0366438 1.577 0.964408 0.957931 0.970885
0.0369828 1.598 0.961764 0.955052 0.968477
0.037325 1.617 0.96395 0.957259 0.970642
0.0376704 1.588 0.964683 0.957967 0.9714
0.0380189 1.64 0.958995 0.952076 0.965914
0.0383707 1.642 0.960066 0.953035 0.967098
0.0387258 1.611 0.959097 0.952018 0.966176
0.0390841 1.624 0.961432 0.954527 0.968337
0.0394457 1.61 0.967782 0.961662 0.973901
0.0398107 1.627 0.960209 0.953453 0.966965
0.0401791 1.651 0.963883 0.957436 0.97033
0.0405509 1.673 0.962913 0.956428 0.969398
0.0409261 1.663 0.954291 0.946916 0.961665
0.0413048 1.663 0.956984 0.949902 0.964066
0.0416869 1.671 0.959758 0.952708 0.966809
0.0420727 1.666 0.956376 0.949038 0.963714
0.042462 1.686 0.957309 0.95022 0.964398
0.0428549 1.705 0.957816 0.950637 0.964996
0.0432514 1.656 0.954403 0.946981 0.961824
0.0436516 1.728 0.957762 0.950605 0.964919
0.0440555 1.688 0.955029 0.947802 0.962257
0.0444631 1.723 0.949701 0.941716 0.957687
0.0448745 1.666 0.95915 0.952048 0.966251
0.0452898 1.757 0.952641 0.945116 0.960166
0.0457088 1.74 0.957928 0.950996 0.96486
0.0461318 1.757 0.950784 0.942854 0.958714
0.0465586 1.702 0.9557 0.948467 0.962933
0.0469894 1.679 0.958849 0.951912 0.965787
0.0474242 1.798 0.948284 0.940225 0.956344
0.047863 1.799 0.951261 0.943645 0.958877
0.0483059 1.798 0.951784 0.944433 0.959136
0.0487528 1.738 0.952853 0.945396 0.960311
0.049204 1.819 0.952288 0.944956 0.959621
0.0496592 1.789 0.948203 0.940379 0.956026
0.0501187 1.807 0.954187 0.946943 0.96143
0.0505825 1.855 0.94703 0.939122 0.954938
0.0510505 1.845 0.949412 0.941812 0.957013
0.0515229 1.819 0.942429 0.934072 0.950785
0.0519996 1.849 0.949026 0.941299 0.956752
0.0524807 1.848 0.953498 0.946128 0.960867
0.0529663 1.869 0.947761 0.940157 0.955366
0.0534564 1.814 0.954651 0.947362 0.96194
0.0539511 1.881 0.944459 0.93632 0.952598
0.0544503 1.848 0.951061 0.943449 0.958673
0.0549541 1.86 0.945678 0.93773 0.953625
0.0554626 1.877 0.949698 0.9421 0.957297
0.0559758 1.869 0.946318 0.938202 0.954434
0.0564937 1.871 0.942029 0.933733 0.950326
0.0570164 1.933 0.947665 0.939898 0.955432
0.057544 1.909 0.954435 0.947339 0.961531
0.0580764 1.87 0.947153 0.939253 0.955054
0.0586138 1.967 0.947537 0.939596 0.955479
0.0591562 1.937 0.939246 0.931061 0.947431
0.0597035 1.956 0.938409 0.930043 0.946775
0.060256 1.982 0.936754 0.928073 0.945436
0.0608135 1.988 0.938022 0.929353 0.94669
0.0613762 1.951 0.946303 0.938595 0.954011
0.0619441 2.019 0.93678 0.928227 0.945334
0.0625173 1.998 0.941155 0.933019 0.94929
0.0630957 2.014 0.937394 0.92881 0.945978
0.0636796 2.057 0.946983 0.939519 0.954447
0.0642688 2.018 0.939163 0.930732 0.947593
0.0648634 2.053 0.92617 0.916891 0.935448
0.0654636 2.081 0.929982 0.920945 0.939019
0.0660693 2.096 0.933851 0.925327 0.942376
0.0666807 2.077 0.932056 0.92293 0.941183
0.0672977 2.107 0.938027 0.929683 0.946371
0.0679204 2.085 0.927767 0.918718 0.936816
0.0685488 2.16 0.933574 0.924853 0.942295
0.0691831 2.105 0.930795 0.922059 0.939532
0.0698232 2.127 0.936475 0.928231 0.944719
0.0704693 2.136 0.938645 0.930402 0.946887
0.0711214 2.151 0.928624 0.919608 0.937641
0.0717794 2.208 0.923702 0.914331 0.933074
0.0724436 2.165 0.937725 0.929303 0.946148
0.0731139 2.256 0.927459 0.918532 0.936385
0.0737904 2.221 0.936349 0.927724 0.944973
0.0744732 2.209 0.919117 0.909633 0.928601
0.0751623 2.184 0.931965 0.92318 0.94075
0.0758578 2.218 0.922181 0.913157 0.931206
0.0765597 2.252 0.926798 0.917962 0.935635
0.0772681 2.223 0.92806 0.918893 0.937227
0.077983 2.23 0.923987 0.914619 0.933355
0.0787046 2.278 0.921428 0.912145 0.930711
0.0794328 2.231 0.93637 0.928057 0.944682
0.0801678 2.338 0.926493 0.917619 0.935367
0.0809096 2.239 0.925117 0.915899 0.934334
0.0816582 2.304 0.928983 0.919826 0.93814
0.0824138 2.357 0.922537 0.91345 0.931624
0.0831764 2.406 0.916139 0.906528 0.925751
0.083946 2.352 0.922423 0.913208 0.931639
0.0847227 2.379 0.916626 0.907025 0.926227
0.0855067 2.404 0.918757 0.90951 0.928004
0.0862979 2.391 0.919886 0.910547 0.929225
0.0870964 2.356 0.913685 0.903862 0.923509
0.0879023 2.432 0.913772 0.904049 0.923495
0.0887156 2.433 0.913671 0.903796 0.923546
0.0895365 2.43 0.90597 0.895798 0.916142
0.0903649 2.423 0.920123 0.910748 0.929498
0.0912011 2.41 0.914726 0.9052 0.924252
0.092045 2.433 0.908721 0.898724 0.918719
0.0928966 2.559 0.907672 0.897743 0.917602
0.0937562 2.5 0.913277 0.903574 0.922979
0.0946237 2.496 0.915383 0.905858 0.924908
0.0954993 2.501 0.916103 0.906649 0.925556
0.0963829 2.561 0.910544 0.90075 0.920339
0.0972747 2.559 0.904409 0.894235 0.914582
0.0981748 2.58 0.915907 0.906221 0.925592
0.0990832 2.554 0.908727 0.899016 0.918439
0.1 2.596 0.90723 0.897134 0.917327
0.100925 2.674 0.910013 0.900288 0.919738
0.101859 2.605 0.909414 0.899657 0.919171
0.102802 2.634 0.909098 0.899016 0.919181
0.103753 2.732 0.908495 0.898427 0.918563
0.104713 2.735 0.89788 0.887388 0.908371
0.105682 2.63 0.899854 0.889786 0.909922
0.10666 2.69 0.90834 0.89835 0.91833
0.107647 2.735 0.896991 0.886702 0.90728
0.108643 2.736 0.894536 0.883936 0.905136
0.109648 2.796 0.89909 0.888921 0.90926
0.110662 2.725 0.899601 0.889158 0.910044
0.111686 2.787 0.886619 0.875562 0.897676
0.11272 2.805 0.899097 0.88854 0.909654
0.113763 2.747 0.895556 0.884785 0.906326
0.114815 2.83 0.891759 0.880925 0.902593
0.115878 2.853 0.895492 0.885049 0.905935
0.11695 2.854 0.893063 0.882358 0.903767
0.118032 2.92 0.885893 0.874922 0.896865
0.119124 2.868 0.885242 0.874371 0.896112
0.120226 2.852 0.90561 0.895801 0.915418
0.121339 2.92 0.888672 0.878037 0.899308
0.122462 2.915 0.886411 0.875454 0.897367
0.123595 2.98 0.885151 0.874167 0.896136
0.124738 3.026 0.880307 0.869173 0.891442
0.125893 2.946 0.894218 0.883868 0.904568
0.127057 3.072 0.886936 0.876221 0.89765
0.128233 2.954 0.895113 0.884645 0.905581
0.12942 3.068 0.881549 0.870245 0.892854
0.130617 3.136 0.8926 0.882085 0.903115
0.131826 3.131 0.882229 0.871486 0.892973
0.133045 3.116 0.887689 0.877062 0.898316
0.134276 3.21 0.870708 0.859577 0.881839
0.135519 3.18 0.876889 0.865724 0.888054
0.136773 3.213 0.871006 0.859408 0.882605
0.138038 3.234 0.868629 0.857213 0.880045
0.139316 3.228 0.860823 0.848919 0.872726
0.140605 3.275 0.877745 0.866619 0.888871
0.141906 3.253 0.872017 0.860478 0.883555
0.143219 3.274 0.865271 0.85379 0.876753
0.144544 3.345 0.866947 0.855435 0.878459
0.145881 3.341 0.855923 0.844119 0.867727
0.147231 3.31 0.87615 0.865092 0.887208
0.148594 3.427 0.872524 0.861327 0.88372
0.149968 3.359 0.862249 0.850665 0.873833
0.151356 3.409 0.86182 0.850172 0.873468
0.152757 3.392 0.867061 0.855254 0.878867
0.15417 3.438 0.86234 0.850742 0.873938
0.155597 3.488 0.859429 0.847555 0.871302
0.157036 3.452 0.863543 0.852003 0.875083
0.158489 3.567 0.853946 0.841594 0.866299
0.159956 3.547 0.85616 0.844378 0.867942
0.161436 3.629 0.849144 0.837028 0.861259
0.16293 3.557 0.864064 0.852428 0.8757
0.164437 3.623 0.854311 0.842803 0.86582
0.165959 3.771 0.834452 0.82197 0.846933
0.167494 3.539 0.855279 0.843332 0.867226
0.169044 3.752 0.837245 0.824706 0.849783
0.170608 3.73 0.848338 0.836283 0.860393
0.172187 3.799 0.849267 0.837342 0.861192
0.17378 3.689 0.845866 0.833411 0.85832
0.175388 3.891 0.83698 0.824482 0.849479
0.177011 3.774 0.841776 0.829607 0.853946
0.178649 3.808 0.832852 0.820609 0.845095
0.180302 3.902 0.851772 0.83986 0.863683
0.18197 3.92 0.838599 0.826153 0.851046
0.183654 3.983 0.833522 0.821283 0.84576
0.185353 4.007 0.83132 0.819087 0.843554
0.187068 3.972 0.835087 0.822598 0.847576
0.188799 3.986 0.835847 0.823675 0.84802
0.190546 4.036 0.82586 0.813061 0.83866
0.192309 3.889 0.843722 0.831696 0.855748
0.194089 4.151 0.826089 0.813564 0.838613
0.195884 4.095 0.825326 0.812761 0.837892
0.197697 4.032 0.820695 0.807674 0.833715
0.199526 4.219 0.816208 0.8032 0.829215
0.201372 4.196 0.827208 0.814581 0.839834
0.203236 4.219 0.822111 0.809382 0.834839
0.205116 4.254 0.827227 0.814864 0.83959
0.207014 4.273 0.818605 0.805741 0.831468
0.20893 4.387 0.81873 0.806122 0.831337
0.210863 4.308 0.828288 0.81596 0.840617
0.212814 4.404 0.806855 0.793719 0.819991
0.214783 4.424 0.818827 0.806335 0.83132
0.21677 4.394 0.822243 0.809646 0.834839
0.218776 4.489 0.814878 0.80205 0.827705
0.2208 4.497 0.808329 0.795354 0.821304
0.222844 4.505 0.816754 0.80422 0.829288
0.224905 4.585 0.798403 0.785102 0.811705
0.226986 4.633 0.812367 0.799263 0.82547
0.229087 4.721 0.793132 0.779772 0.806493
0.231206 4.686 0.796716 0.783795 0.809637
0.233346 4.622 0.803279 0.790197 0.81636
0.235505 4.706 0.798978 0.785918 0.812038
0.237684 4.818 0.792709 0.779587 0.805831
0.239883 4.866 0.805726 0.792875 0.818576
0.242103 4.895 0.79378 0.780493 0.807067
0.244343 4.891 0.792627 0.779538 0.805716
0.246604 4.949 0.794225 0.780909 0.80754
0.248886 4.875 0.794756 0.78151 0.808003
0.251189 4.934 0.791227 0.778048 0.804407
0.253513 5.108 0.782987 0.76968 0.796293
0.255859 5.084 0.785414 0.772199 0.798629
0.258226 5.175 0.776718 0.763221 0.790215
0.260615 5.183 0.783604 0.77055 0.796659
0.263027 5.125 0.780549 0.767295 0.793803
0.265461 5.189 0.769278 0.755628 0.782929
0.267917 5.318 0.775472 0.7617 0.789244
0.270396 5.307 0.775854 0.762394 0.789314
0.272898 5.41 0.780711 0.76762 0.793801
0.275423 5.321 0.777468 0.764099 0.790837
0.277971 5.344 0.763828 0.750192 0.777463
0.280543 5.408 0.768775 0.755226 0.782324
0.283139 5.575 0.768991 0.755706 0.782276
0.285759 5.6 0.752176 0.738523 0.765829
0.288403 5.592 0.764961 0.751141 0.778781
0.291072 5.603 0.759159 0.745568 0.77275
0.293765 5.735 0.751774 0.738009 0.765539
0.296483 5.776 0.756228 0.742512 0.769944
0.299226 5.729 0.754761 0.741017 0.768504
0.301995 5.76 0.746349 0.732479 0.760219
0.304789 5.87 0.745748 0.732349 0.759146
0.30761 5.778 0.748013 0.734497 0.761529
0.310456 5.905 0.754382 0.740632 0.768132
0.313329 5.998 0.737415 0.723645 0.751185
0.316228 5.922 0.744308 0.730403 0.758212
0.319154 6.115 0.747007 0.733103 0.760911
0.322107 6.105 0.736493 0.722507 0.750479
0.325087 6.215 0.742704 0.729038 0.756371
0.328095 6.197 0.737717 0.723643 0.751791
0.331131 6.212 0.738388 0.724546 0.752229
0.334195 6.28 0.724807 0.710729 0.738885
0.337287 6.371 0.725836 0.711946 0.739727
0.340408 6.502 0.724777 0.710903 0.738651
0.343558 6.48 0.71706 0.703225 0.730895
0.346737 6.412 0.725352 0.711213 0.739491
0.349945 6.421 0.732659 0.718825 0.746493
0.353183 6.426 0.734676 0.720946 0.748405
0.356451 6.624 0.707859 0.69356 0.722159
0.359749 6.652 0.714496 0.700341 0.728652
0.363078 6.795 0.699964 0.685877 0.71405
0.366438 6.749 0.707741 0.693841 0.721641
0.369828 6.906 0.707266 0.693282 0.721249
0.37325 6.965 0.70731 0.693411 0.721209
0.376704 7.011 0.701983 0.687826 0.71614
0.380189 6.928 0.688701 0.674716 0.702686
0.383707 7.123 0.707165 0.693224 0.721106
0.387258 7.114 0.695934 0.682283 0.709584
0.390841 7.222 0.696504 0.682065 0.710943
0.394457 7.26 0.693141 0.679104 0.707178
0.398107 7.352 0.685622 0.671649 0.699595
0.401791 7.305 0.679351 0.665302 0.6934
0.405509 7.49 0.670038 0.655686 0.684389
0.409261 7.453 0.683463 0.668992 0.697934
0.413048 7.656 0.677825 0.663523 0.692127
0.416869 7.55 0.675662 0.661369 0.689955
0.420727 7.579 0.689094 0.674922 0.703267
0.42462 7.683 0.681038 0.667028 0.695048
0.428549 7.69 0.679224 0.665254 0.693194
0.432514 7.905 0.667928 0.65385 0.682007
0.436516 7.858 0.668491 0.654034 0.682948
0.440555 8.086 0.660484 0.646366 0.674603
0.444631 7.786 0.674978 0.660819 0.689138
0.448745 8.032 0.654475 0.640275 0.668676
0.452898 8.202 0.658913 0.644834 0.672993
0.457088 8.213 0.652358 0.638095 0.666621
0.461318 8.328 0.658616 0.644269 0.672962
0.465586 8.503 0.640188 0.626196 0.65418
0.469894 8.332 0.65961 0.645295 0.673925
0.474242 8.409 0.648932 0.634659 0.663204
0.47863 8.488 0.649578 0.635443 0.663712
0.483059 8.48 0.64665 0.632718 0.660582
0.487528 8.603 0.649985 0.635542 0.664429
0.49204 8.722 0.641414 0.627104 0.655724
0.496592 8.716 0.636478 0.62246 0.650497
0.501187 8.998 0.633081 0.618586 0.647576
0.505825 8.967 0.634576 0.620553 0.648599
0.510505 9.024 0.633754 0.619306 0.648202
0.515229 9.159 0.626219 0.612343 0.640095
0.519996 9.191 0.623649 0.609428 0.63787
0.524807 9.25 0.631847 0.617805 0.645889
0.529663 9.406 0.612929 0.598887 0.626972
0.534564 9.299 0.612443 0.598555 0.626331
0.539511 9.32 0.618521 0.604548 0.632494
0.544503 9.503 0.61211 0.598069 0.626151
0.549541 9.593 0.596235 0.5826 0.60987
0.554626 9.77 0.608763 0.594813 0.622714
0.559758 9.735 0.610176 0.596174 0.624178
0.564937 9.722 0.594193 0.580398 0.607987
0.570164 9.865 0.591222 0.577493 0.604951
0.57544 9.8 0.58491 0.571052 0.598767
0.580764 10.016 0.586719 0.573181 0.600258
0.586138 10.017 0.587576 0.573765 0.601387
0.591562 10.158 0.585829 0.572114 0.599544
0.597035 10.156 0.594778 0.580931 0.608626
0.60256 10.313 0.577254 0.563692 0.590816
0.608135 10.305 0.585022 0.57125 0.598793
0.613762 10.375 0.587479 0.573343 0.601615
0.619441 10.457 0.587983 0.574307 0.601658
0.625173 10.616 0.589044 0.574822 0.603265
0.630957 10.668 0.575525 0.561565 0.589485
0.636796 10.656 0.572798 0.559011 0.586585
0.642688 10.791 0.562432 0.548851 0.576014
0.648634 10.752 0.55757 0.544225 0.570914
0.654636 10.851 0.567958 0.554485 0.581431
0.660693 10.923 0.566547 0.552699 0.580396
0.666807 11.02 0.554197 0.540898 0.567496
0.672977 11.136 0.554707 0.540853 0.568562
0.679204 11.194 0.54592 0.532559 0.559282
0.685488 11.277 0.555224 0.541372 0.569076
0.691831 11.365 0.533686 0.520683 0.54669
0.698232 11.364 0.543144 0.529647 0.55664
0.704693 11.443 0.532343 0.518874 0.545812
0.711214 11.683 0.53938 0.526014 0.552747
0.717794 11.627 0.546966 0.533271 0.560661
0.724436 11.699 0.52757 0.514335 0.540804
0.731139 11.749 0.5302 0.51706 0.543341
0.737904 11.698 0.530601 0.517436 0.543766
0.744732 11.885 0.522981 0.510117 0.535844
0.751623 11.986 0.516269 0.503644 0.528895
0.758578 12.092 0.508763 0.49551 0.522015
0.765597 11.973 0.521621 0.508643 0.534599
0.772681 12.076 0.523878 0.510712 0.537044
0.77983 12.259 0.505661 0.492866 0.518457
0.787046 12.209 0.515032 0.501746 0.528318
0.794328 12.374 0.503652 0.490867 0.516438
0.801678 12.347 0.508818 0.495591 0.522046
0.809096 12.388 0.500707 0.48814 0.513275
0.816582 12.573 0.49077 0.478447 0.503093
0.824138 12.571 0.494716 0.481987 0.507445
0.831764 12.653 0.491765 0.478564 0.504965
0.83946 12.65 0.497542 0.484935 0.510149
0.847227 12.736 0.483138 0.470848 0.495428
0.855067 12.742 0.483104 0.470855 0.495353
0.862979 12.804 0.4793 0.4667 0.4919
0.870964 12.831 0.47549 0.463261 0.487718
0.879023 12.808 0.47253 0.460121 0.48494
0.887156 12.93 0.481115 0.468572 0.493658
0.895365 13.024 0.46285 0.450898 0.474802
0.903649 12.986 0.464894 0.452531 0.477257
0.912011 13.042 0.467591 0.455272 0.479911
0.92045 13.176 0.448869 0.436833 0.460905
0.928966 13.104 0.460122 0.447894 0.47235
0.937562 13.293 0.455898 0.443786 0.46801
0.946237 13.289 0.449544 0.437893 0.461194
0.954993 13.287 0.457031 0.444601 0.469461
0.963829 13.26 0.459716 0.447739 0.471694
0.972747 13.345 0.444302 0.432246 0.456358
0.981748 13.455 0.44483 0.432805 0.456855
0.990832 13.45 0.432638 0.421203 0.444073
1 13.394 0.443669 0.431901 0.455437
1.00925 13.491 0.429509 0.418186 0.440832
1.01859 13.54 0.431558 0.419913 0.443203
1.02802 13.552 0.432985 0.421082 0.444888
1.03753 13.542 0.425862 0.414653 0.437072
1.04713 13.542 0.410049 0.399094 0.421003
1.05682 13.577 0.427505 0.415746 0.439265
1.0666 13.628 0.424478 0.412955 0.436001
1.07647 13.701 0.408954 0.397855 0.420053
1.08643 13.612 0.429372 0.417534 0.441211
1.09648 13.679 0.415745 0.4044 0.427091
1.10662 13.706 0.413286 0.402147 0.424425
1.11686 13.691 0.405726 0.394883 0.41657
1.1272 13.809 0.40335 0.392483 0.414218
1.13763 13.787 0.396387 0.385524 0.40725
1.14815 13.791 0.412863 0.401543 0.424183
1.15878 13.828 0.395187 0.384282 0.406093
1.1695 13.809 0.396802 0.386191 0.407414
1.18032 13.822 0.393687 0.383067 0.404307
1.19124 13.854 0.380135 0.369951 0.390318
1.20226 13.841 0.379173 0.369016 0.389331
1.21339 13.854 0.38244 0.372528 0.392352
1.22462 13.897 0.373355 0.363216 0.383494
1.23595 13.868 0.386728 0.376069 0.397386
1.24738 13.898 0.376826 0.367125 0.386527
1.25893 13.903 0.368912 0.358929 0.378894
1.27057 13.93 0.367573 0.357296 0.377849
1.28233 13.925 0.369073 0.359125 0.379021
1.2942 13.932 0.364848 0.354705 0.37499
1.30617 13.943 0.360909 0.350809 0.371008
1.31826 13.938 0.363032 0.35273 0.373334
1.33045 13.946 0.358315 0.348105 0.368525
1.34276 13.941 0.361978 0.351956 0.372
1.35519 13.962 0.347054 0.33756 0.356548
1.36773 13.953 0.345407 0.336061 0.354753
1.38038 13.959 0.345977 0.336607 0.355347
1.39316 13.951 0.344339 0.334865 0.353813
1.40605 13.97 0.342012 0.33276 0.351264
1.41906 13.983 0.342637 0.333013 0.35226
1.43219 13.97 0.334496 0.325125 0.343867
1.44544 13.984 0.334685 0.325613 0.343756
1.45881 13.988 0.324183 0.315682 0.332684
1.47231 13.975 0.33407 0.325323 0.342817
1.48594 13.976 0.330478 0.321257 0.339698
1.49968 13.973 0.321026 0.312137 0.329915
1.51356 13.979 0.324775 0.315667 0.333883
1.52757 13.988 0.313042 0.304765 0.321318
1.5417 13.995 0.316821 0.307789 0.325853
1.55597 14 0.3117 0.303306 0.320093
1.57036 13.996 0.313248 0.304619 0.321877
1.58489 13.994 0.321905 0.313032 0.330779
1.59956 13.995 0.303309 0.294894 0.311724
1.61436 13.997 0.300606 0.292678 0.308534
1.6293 14 0.304102 0.295855 0.31235
1.64437 13.998 0.300309 0.292322 0.308297
1.65959 14 0.298804 0.290406 0.307202
1.67494 13.986 0.29941 0.291302 0.307518
1.69044 13.997 0.287805 0.280505 0.295105
1.70608 13.997 0.290292 0.282627 0.297958
1.72187 13.998 0.286702 0.279038 0.294366
1.7378 13.997 0.282767 0.274695 0.290838
1.75388 14 0.279775 0.272414 0.287137
1.77011 14 0.286014 0.278078 0.293951
1.78649 13.999 0.284874 0.276961 0.292787
1.80302 13.997 0.279992 0.272339 0.287645
1.8197 14 0.280019 0.272364 0.287674
1.83654 14 0.269514 0.261912 0.277115
1.85353 14 0.269362 0.262319 0.276406
1.87068 14 0.268136 0.261222 0.275049
1.88799 13.998 0.269927 0.262759 0.277095
1.90546 14 0.262106 0.25537 0.268842
1.92309 14 0.265004 0.257827 0.272182
1.94089 13.999 0.259808 0.252935 0.266682
1.95884 14 0.261465 0.254262 0.268668
1.97697 14 0.255112 0.248524 0.2617
1.99526 14 0.254424 0.247906 0.260942
2.01372 14 0.255765 0.248769 0.262761
2.03236 14 0.25166 0.244727 0.258594
2.05116 14 0.244026 0.237776 0.250277
2.07014 14 0.240557 0.23469 0.246425
2.0893 14 0.246047 0.239573 0.25252
2.10863 14 0.243061 0.236882 0.24924
2.12814 14 0.240589 0.234523 0.246655
2.14783 14 0.231614 0.225777 0.237452
2.1677 14 0.240885 0.234636 0.247135
2.18776 14 0.232842 0.227012 0.238671
2.208 14 0.231152 0.225227 0.237077
2.22844 14 0.231819 0.225758 0.23788
2.24905 14 0.232766 0.22682 0.238712
2.26986 14 0.225422 0.219671 0.231173
2.29087 14 0.227972 0.222246 0.233698
2.31206 14 0.225451 0.219923 0.230978
2.33346 14 0.222299 0.216897 0.2277
2.35505 14 0.218667 0.213251 0.224082
2.37684 14 0.215422 0.210325 0.220519
2.39883 14 0.213863 0.208834 0.218893
2.42103 14 0.213628 0.208561 0.218694
2.44343 14 0.215118 0.209876 0.22036
2.46604 14 0.211213 0.205578 0.216847
2.48886 14 0.20579 0.200872 0.210708
2.51189 14 0.20676 0.201564 0.211956
2.53513 14 0.203824 0.198998 0.208649
2.55859 14 0.203892 0.198808 0.208975
2.58226 14 0.200999 0.196061 0.205937
2.60615 14 0.20017 0.195419 0.204922
2.63027 14 0.198166 0.193284 0.203048
2.65461 14 0.197214 0.192437 0.20199
2.67917 14 0.195928 0.191422 0.200434
2.70396 14 0.192813 0.188205 0.19742
2.72898 14 0.190299 0.185762 0.194837
2.75423 14 0.190128 0.185561 0.194694
2.77971 14 0.190435 0.186127 0.194744
2.80543 14 0.186495 0.182242 0.190747
2.83139 14 0.183336 0.179338 0.187334
2.85759 14 0.185095 0.180676 0.189513
2.88403 14 0.179831 0.175766 0.183895
2.91072 14 0.178864 0.175045 0.182683
2.93765 14 0.179392 0.175296 0.183488
2.96483 14 0.174596 0.170817 0.178376
2.99226 14 0.177746 0.173728 0.181765
3.01995 14 0.175376 0.171607 0.179145
3.04789 14 0.172486 0.168995 0.175976
3.0761 14 0.174675 0.170646 0.178704
3.10456 14 0.171229 0.167649 0.174809
3.13329 14 0.169596 0.165967 0.173225
3.16228 14 0.166564 0.163058 0.17007
3.19154 14 0.164901 0.161451 0.168352
3.22107 14 0.163751 0.160438 0.167064
3.25087 14 0.165008 0.161395 0.16862
3.28095 14 0.167521 0.163865 0.171177
3.31131 14 0.160026 0.156937 0.163115
3.34195 14 0.157541 0.154475 0.160606
3.37287 14 0.158496 0.155367 0.161625
3.40408 14 0.155536 0.152571 0.1585
3.43558 14 0.158828 0.155563 0.162093
3.46737 14 0.155476 0.152445 0.158507
3.49945 14 0.154411 0.1514 0.157421
3.53183 14 0.15509 0.151993 0.158188
3.56451 14 0.150822 0.147955 0.15369
3.59749 14 0.151 0.14802 0.153981
3.63078 14 0.148915 0.146023 0.151807
3.66438 14 0.147821 0.145084 0.150558
3.69828 14 0.146975 0.144218 0.149731
3.7325 14 0.146491 0.143802 0.14918
3.76704 14 0.146065 0.143324 0.148807
3.80189 14 0.14152 0.139007 0.144032
3.83707 14 0.141395 0.138799 0.143991
3.87258 14 0.141638 0.138899 0.144377
3.90841 14 0.142164 0.139589 0.144738
3.94457 14 0.138674 0.136282 0.141066
3.98107 14 0.138232 0.135731 0.140732
4.01791 14 0.138671 0.136227 0.141116
4.05509 14 0.135947 0.133646 0.138248
4.09261 14 0.134599 0.132324 0.136873
4.13048 14 0.134335 0.132072 0.136599
4.16869 14 0.133737 0.131353 0.13612
4.20727 14 0.133469 0.131113 0.135825
4.2462 14 0.132067 0.129905 0.134229
4.28549 14 0.132471 0.130104 0.134838
4.32514 14 0.130745 0.128595 0.132896
4.36516 14 0.127309 0.12534 0.129278
4.40555 14 0.128094 0.125995 0.130193
4.44631 14 0.12742 0.12542 0.129421
4.48745 14 0.126576 0.124496 0.128656
4.52898 14 0.12619 0.124207 0.128174
4.57088 14 0.124409 0.122553 0.126265
4.61318 14 0.124117 0.122116 0.126118
4.65586 14 0.123782 0.121829 0.125735
4.69894 14 0.121667 0.1198 0.123534
4.74242 14 0.121387 0.119428 0.123347
4.7863 14 0.120446 0.118655 0.122237
4.83059 14 0.119531 0.117797 0.121264
4.87528 14 0.119312 0.117622 0.121001
4.9204 14 0.118955 0.11704 0.120869
4.96592 14 0.116821 0.11514 0.118501
5.01187 14 0.117753 0.115953 0.119552
5.05825 14 0.116531 0.114879 0.118182
5.10505 14 0.115709 0.113982 0.117437
5.15229 14 0.114454 0.112845 0.116064
5.19996 14 0.112944 0.111411 0.114476
5.24807 14 0.113388 0.111908 0.114868
5.29663 14 0.1127 0.111244 0.114155
5.34564 14 0.111509 0.110115 0.112903
5.39511 14 0.110329 0.108887 0.111771
5.44503 14 0.110171 0.10884 0.111502
5.49541 14 0.109148 0.107807 0.110489
5.54626 14 0.109164 0.107805 0.110523
5.59758 14 0.109037 0.107576 0.110499
5.64937 14 0.108366 0.107042 0.109689
5.70164 14 0.106954 0.105671 0.108236
5.7544 14 0.10641 0.105163 0.107657
5.80764 14 0.106106 0.10483 0.107381
5.86138 14 0.105909 0.104622 0.107196
5.91562 14 0.105421 0.104157 0.106685
5.97035 14 0.105334 0.104032 0.106636
6.0256 14 0.104779 0.103477 0.106082
6.08135 14 0.102975 0.10174 0.10421
6.13762 14 0.102642 0.101506 0.103778
6.19441 14 0.102837 0.10173 0.103944
6.25173 14 0.102097 0.100873 0.10332
6.30957 14 0.10159 0.100523 0.102658
6.36796 14 0.10084 0.0997636 0.101916
6.42688 14 0.100698 0.0995883 0.101809
6.48634 14 0.0996142 0.098577 0.100651
6.54636 14 0.100046 0.0990138 0.101079
6.60693 14 0.099013 0.098006 0.10002
6.66807 14 0.0978428 0.096881 0.0988046
6.72977 14 0.0982039 0.097248 0.0991598
6.79204 14 0.097838 0.096862 0.0988141
6.85488 14 0.0975655 0.0965622 0.0985688
6.91831 14 0.097166 0.0961652 0.0981668
6.98232 14 0.0966298 0.095662 0.0975977
7.04693 14 0.0963238 0.0954025 0.0972452
7.11214 14 0.0955917 0.094719 0.0964644
7.17794 14 0.0956471 0.0947665 0.0965277
7.24436 14 0.0947872 0.0939155 0.0956589
7.31139 14 0.0945198 0.0936599 0.0953797
7.37904 14 0.0935734 0.0927102 0.0944365
7.44732 14 0.0939824 0.0931675 0.0947973
7.51623 14 0.0938615 0.093007 0.094716
7.58578 14 0.0932411 0.0924195 0.0940628
7.65597 14 0.0921246 0.0914016 0.0928477
7.72681 14 0.0921265 0.0913752 0.0928777
7.7983 14 0.0921261 0.0913093 0.0929429
7.87046 14 0.0916532 0.0908936 0.0924128
7.94328 14 0.0903115 0.0896517 0.0909714
8.01678 14 0.0910438 0.0903143 0.0917733
8.09096 14 0.0906973 0.0899739 0.0914207
8.16582 14 0.089782 0.0890639 0.0905002
8.24138 14 0.0902421 0.0895408 0.0909435
8.31764 14 0.0899158 0.0892349 0.0905967
8.3946 14 0.0896706 0.0889987 0.0903425
8.47227 14 0.0887339 0.0880977 0.0893701
8.55067 14 0.0885026 0.0878774 0.0891279
8.62979 14 0.087734 0.0871279 0.0883402
8.70964 14 0.0880501 0.0873981 0.0887021
8.79023 14 0.0874055 0.0868365 0.0879745
8.87156 14 0.0867656 0.0862271 0.0873041
8.95365 14 0.0869781 0.086391 0.0875652
9.03649 14 0.0871654 0.0865642 0.0877665
9.12011 14 0.0869307 0.0863656 0.0874957
9.2045 14 0.0866386 0.0860763 0.0872009
9.28966 14 0.0858595 0.0853474 0.0863715
9.37562 14 0.08602 0.0854637 0.0865762
9.46237 14 0.0855046 0.0849967 0.0860126
9.54993 14 0.0852609 0.0847457 0.0857761
9.63829 14 0.0850595 0.0845625 0.0855565
9.72747 14 0.0844099 0.0839238 0.084896
9.81748 14 0.0847986 0.0843035 0.0852938
9.90832 14 0.084369 0.0838985 0.0848395
10 14 0.084181 0.0836859 0.0846761
10.0925 14 0.0838158 0.0833508 0.0842809
10.1859 14 0.0835162 0.0830779 0.0839546
10.2802 14 0.0833241 0.0828994 0.0837488
10.3753 14 0.0833047 0.0828264 0.0837829
10.4713 14 0.0827354 0.0823209 0.0831499
10.5682 14 0.0830088 0.0825977 0.0834199
10.666 14 0.0825317 0.0820882 0.0829752
10.7647 14 0.082586 0.0821745 0.0829974
10.8643 14 0.0820671 0.0816916 0.0824425
10.9648 14 0.0819523 0.0815719 0.0823326
11.0662 14 0.0820926 0.0817037 0.0824816
11.1686 14 0.0819606 0.0815812 0.0823399
11.272 14 0.0815252 0.0811454 0.0819049
11.3763 14 0.0811483 0.0808009 0.0814957
11.4815 14 0.0811554 0.080804 0.0815067
11.5878 14 0.0809548 0.0805782 0.0813315
11.695 14 0.080716 0.0803609 0.0810711
11.8032 14 0.0805524 0.0802073 0.0808976
11.9124 14 0.0804241 0.0801095 0.0807388
12.0226 14 0.0804016 0.0800849 0.0807183
12.1339 14 0.080055 0.079737 0.0803731
12.2462 14 0.0802927 0.0799612 0.0806242
12.3595 14 0.0797946 0.0794929 0.0800962
12.4738 14 0.0798972 0.0795747 0.0802197
12.5893 14 0.0795342 0.0792309 0.0798374
12.7057 14 0.0793699 0.0790838 0.079656
12.8233 14 0.0793369 0.0790407 0.079633
12.942 14 0.0792151 0.0789345 0.0794957
13.0617 14 0.0790708 0.0787815 0.0793602
13.1826 14 0.0788555 0.0785847 0.0791264
13.3045 14 0.0785803 0.0783079 0.0788527
13.4276 14 0.0787025 0.0784475 0.0789575
13.5519 14 0.0785243 0.0782734 0.0787751
13.6773 14 0.0782821 0.0780313 0.078533
13.8038 14 0.0783798 0.0781163 0.0786432
13.9316 14 0.0779732 0.0777317 0.0782147
14.0605 14 0.0779847 0.0777402 0.0782293
14.1906 14 0.0778997 0.0776474 0.0781521
14.3219 14 0.0779997 0.0777482 0.0782513
14.4544 14 0.0775383 0.0773221 0.0777545
14.5881 14 0.0775302 0.0773051 0.0777554
14.7231 14 0.0774242 0.0771853 0.0776631
14.8594 14 0.0771736 0.0769582 0.077389
14.9968 14 0.0769498 0.0767516 0.077148
15.1356 14 0.0771575 0.0769357 0.0773792
15.2757 14 0.0769323 0.0767308 0.0771338
15.417 14 0.0768286 0.0766196 0.0770376
15.5597 14 0.0769502 0.0767478 0.0771526
15.7036 14 0.0766176 0.0764163 0.0768189
15.8489 14 0.0764263 0.0762384 0.0766142
15.9956 14 0.0765055 0.0763169 0.076694
16.1436 14 0.0763714 0.076187 0.0765559
16.293 14 0.0763266 0.0761391 0.0765141
16.4437 14 0.0762143 0.0760354 0.0763932
16.5959 14 0.0763511 0.0761585 0.0765437
16.7494 14 0.0760919 0.075909 0.0762748
16.9044 14 0.0759865 0.0758169 0.076156
17.0608 14 0.0759083 0.0757488 0.0760678
17.2187 14 0.0758315 0.0756726 0.0759903
17.378 14 0.0755605 0.0754096 0.0757114
17.5388 14 0.0757207 0.0755599 0.0758815
17.7011 14 0.075735 0.0755766 0.0758934
17.8649 14 0.0755906 0.0754373 0.075744
18.0302 14 0.0754863 0.075336 0.0756365
18.197 14 0.0753317 0.0751816 0.0754818
18.3654 14 0.0754441 0.0752972 0.075591
18.5353 14 0.0752928 0.0751464 0.0754391
18.7068 14 0.0752853 0.0751395 0.0754312
18.8799 14 0.0752157 0.0750656 0.0753659
19.0546 14 0.0749748 0.0748479 0.0751018
19.2309 14 0.0751068 0.0749681 0.0752455
19.4089 14 0.0749072 0.0747795 0.0750348
19.5884 14 0.0747929 0.0746713 0.0749145
19.7697 14 0.0749849 0.0748439 0.0751259
19.9526 14 0.0748369 0.0747113 0.0749625
20.1372 14 0.0746658 0.0745398 0.0747917
20.3236 14 0.07462 0.0745016 0.0747383
20.5116 14 0.07454 0.074424 0.074656
20.7014 14 0.074488 0.0743782 0.0745979
20.893 14 0.0744046 0.0742847 0.0745245
21.0863 14 0.0743454 0.0742362 0.0744546
21.2814 14 0.0742777 0.0741714 0.0743839
21.4783 14 0.0743088 0.0741988 0.0744189
21.677 14 0.074212 0.0741141 0.0743098
21.8776 14 0.0741702 0.0740715 0.0742689
22.08 14 0.0741523 0.0740496 0.0742549
22.2844 14 0.074075 0.0739806 0.0741694
22.4905 14 0.0740889 0.0739819 0.0741959
22.6986 14 0.0739283 0.0738395 0.0740172
22.9087 14 0.0739381 0.0738441 0.074032
23.1206 14 0.0738328 0.0737396 0.073926
23.3346 14 0.0739567 0.0738642 0.0740491
23.5505 14 0.0737569 0.0736643 0.0738495
23.7684 14 0.0738164 0.0737312 0.0739016
23.9883 14 0.0736898 0.0736077 0.0737719
24.2103 14 0.0737239 0.0736368 0.0738111
24.4343 14 0.0736177 0.0735374 0.073698
24.6604 14 0.0735471 0.0734685 0.0736257
24.8886 14 0.0735594 0.0734771 0.0736417
25.1189 14 0.073536 0.0734562 0.0736158
25.3513 14 0.0735116 0.0734335 0.0735896
25.5859 14 0.0734977 0.0734237 0.0735716
25.8226 14 0.0734368 0.0733643 0.0735093
26.0615 14 0.0733698 0.0732969 0.0734426
26.3027 14 0.0733436 0.0732712 0.0734161
26.5461 14 0.0733125 0.0732449 0.07338
26.7917 14 0.0732666 0.0732005 0.0733327
27.0396 14 0.0732291 0.0731616 0.0732966
27.2898 14 0.0732443 0.0731775 0.0733111
27.5423 14 0.0732016 0.0731374 0.0732659
27.7971 14 0.0731048 0.0730436 0.073166
28.0543 14 0.0730921 0.0730317 0.0731524
28.3139 14 0.0730934 0.0730311 0.0731558
28.5759 14 0.0730653 0.073005 0.0731257
28.8403 14 0.0730475 0.0729869 0.073108
29.1072 14 0.0729962 0.0729396 0.0730528
29.3765 14 0.0729373 0.0728806 0.0729941
29.6483 14 0.0729417 0.0728855 0.0729979
29.9226 14 0.0728874 0.0728353 0.0729395
30.1995 14 0.0728498 0.0727985 0.0729011
30.4789 14 0.0728811 0.0728279 0.0729343
30.761 14 0.0727998 0.0727463 0.0728533
31.0456 14 0.072819 0.0727659 0.0728721
31.3329 14 0.0727726 0.0727222 0.072823
31.6228 14 0.0727542 0.0727081 0.0728003
31.9154 14 0.0727233 0.0726741 0.0727726
32.2107 14 0.0726961 0.0726491 0.072743
32.5087 14 0.0726616 0.0726161 0.072707
32.8095 14 0.0726491 0.072605 0.0726932
33.1131 14 0.0726392 0.0725951 0.0726834
33.4195 14 0.0725765 0.0725338 0.0726192
33.7287 14 0.072579 0.0725381 0.0726198
34.0408 14 0.0725833 0.072538 0.0726287
34.3558 14 0.0725247 0.072485 0.0725644
34.6737 14 0.0725509 0.0725076 0.0725942
34.9945 14 0.0725369 0.072496 0.0725778
35.3183 14 0.0724807 0.0724412 0.0725202
35.6451 14 0.0724936 0.0724547 0.0725325
35.9749 14 0.0724788 0.0724379 0.0725198
36.3078 14 0.0723805 0.0723475 0.0724135
36.6438 14 0.0724315 0.0723937 0.0724694
36.9828 14 0.0724242 0.0723886 0.0724598
37.325 14 0.0723761 0.0723415 0.0724108
37.6704 14 0.0723541 0.0723216 0.0723866
38.0189 14 0.0723773 0.0723408 0.0724137
38.3707 14 0.0723157 0.0722821 0.0723492
38.7258 14 0.0723107 0.0722785 0.0723429
39.0841 14 0.0722797 0.0722471 0.0723122
39.4457 14 0.0722905 0.0722591 0.0723218
39.8107 14 0.0722837 0.0722506 0.0723168
40.1791 14 0.0722563 0.0722259 0.0722867
40.5509 14 0.0722243 0.0721943 0.0722543
40.9261 14 0.0722107 0.0721828 0.0722386
41.3048 14 0.0721993 0.0721721 0.0722265
41.6869 14 0.0722138 0.0721849 0.0722427
42.0727 14 0.072226 0.0721949 0.0722571
42.462 14 0.072158 0.072132 0.072184
42.8549 14 0.0721593 0.0721324 0.0721863
43.2514 14 0.0721394 0.0721123 0.0721664
43.6516 14 0.0721147 0.0720899 0.0721395
44.0555 14 0.0721108 0.072085 0.0721367
44.4631 14 0.0721085 0.0720845 0.0721324
44.8745 14 0.0720854 0.0720619 0.072109
45.2898 14 0.0720728 0.0720479 0.0720978
45.7088 14 0.0720534 0.0720303 0.0720766
46.1318 14 0.0720617 0.0720376 0.0720857
46.5586 14 0.0720608 0.0720382 0.0720835
46.9894 14 0.0720299 0.0720078 0.0720521
47.4242 14 0.0720225 0.0719981 0.0720469
47.863 14 0.0719971 0.0719761 0.0720181
48.3059 14 0.072012 0.0719886 0.0720354
48.7528 14 0.0719799 0.0719586 0.0720012
49.204 14 0.0719675 0.0719475 0.0719875
49.6592 14 0.0719574 0.0719376 0.0719772
50.1187 14 0.07195 0.0719306 0.0719694
50.5825 14 0.071961 0.071941 0.0719811
51.0505 14 0.0719332 0.0719156 0.0719508
51.5229 14 0.0719256 0.0719067 0.0719445
51.9996 14 0.0719146 0.0718973 0.071932
52.4807 14 0.0719036 0.0718861 0.0719211
52.9663 14 0.0719116 0.0718933 0.0719298
53.4564 14 0.0718997 0.0718822 0.0719173
53.9511 14 0.0718842 0.0718675 0.0719009
54.4503 14 0.071885 0.0718675 0.0719026
54.9541 14 0.0718725 0.0718559 0.071889
55.4626 14 0.0718529 0.0718368 0.071869
55.9758 14 0.071851 0.0718363 0.0718657
56.4937 14 0.0718299 0.0718159 0.0718438
57.0164 14 0.07182 0.0718053 0.0718346
57.544 14 0.0718388 0.0718241 0.0718535
58.0764 14 0.0718363 0.0718221 0.0718505
58.6138 14 0.0718123 0.0717977 0.0718269
59.1562 14 0.0718016 0.0717878 0.0718155
59.7035 14 0.0718195 0.0718052 0.0718338
60.256 14 0.0717897 0.0717758 0.0718037
60.8135 14 0.0717936 0.0717801 0.071807
61.3762 14 0.0717774 0.0717643 0.0717906
61.9441 14 0.0717823 0.0717676 0.0717969
62.5173 14 0.0717728 0.0717601 0.0717854
63.0957 14 0.071765 0.071753 0.0717771
63.6796 14 0.0717566 0.0717444 0.0717688
64.2688 14 0.0717494 0.0717375 0.0717614
64.8634 14 0.07175 0.0717377 0.0717623
65.4636 14 0.0717406 0.0717289 0.0717522
66.0693 14 0.0717337 0.0717223 0.0717451
66.6807 14 0.0717222 0.0717111 0.0717332
67.2977 14 0.0717192 0.0717088 0.0717296
67.9204 14 0.0717132 0.0717026 0.0717238
68.5488 14 0.0717226 0.0717113 0.0717339
69.1831 14 0.0717006 0.0716908 0.0717103
69.8232 14 0.0716946 0.0716851 0.0717041
70.4693 14 0.0716889 0.0716795 0.0716982
71.1214 14 0.0716888 0.0716797 0.0716979
71.7794 14 0.0716892 0.0716784 0.0717
72.4436 14 0.0716762 0.0716667 0.0716856
73.1139 14 0.07168 0.0716706 0.0716895
73.7904 14 0.0716776 0.0716683 0.071687
74.4732 14 0.0716655 0.0716562 0.0716748
75.1623 14 0.0716684 0.0716595 0.0716773
75.8578 14 0.0716581 0.0716495 0.0716667
76.5597 14 0.0716519 0.0716434 0.0716604
77.2681 14 0.0716549 0.0716462 0.0716637
77.983 14 0.0716533 0.0716448 0.0716617
78.7046 14 0.0716455 0.0716377 0.0716533
79.4328 14 0.0716332 0.0716258 0.0716406
80.1678 14 0.0716362 0.0716286 0.0716438
80.9096 14 0.0716319 0.071624 0.0716399
81.6582 14 0.0716285 0.0716212 0.0716359
82.4138 14 0.0716246 0.0716173 0.0716319
83.1764 14 0.0716243 0.0716169 0.0716316
83.946 14 0.0716154 0.0716085 0.0716223
84.7227 14 0.071621 0.0716139 0.0716281
85.5067 14 0.0716098 0.0716031 0.0716166
86.2979 14 0.0716034 0.0715971 0.0716097
87.0964 14 0.0716054 0.071599 0.0716118
87.9023 14 0.0716048 0.0715981 0.0716114
88.7156 14 0.0716004 0.0715939 0.0716069
89.5365 14 0.0715922 0.0715863 0.0715982
90.3649 14 0.071589 0.0715829 0.0715952
91.2011 14 0.0715881 0.0715822 0.071594
92.045 14 0.0715838 0.0715779 0.0715897
92.8966 14 0.071581 0.071575 0.0715871
93.7562 14 0.0715781 0.0715727 0.0715836
94.6237 14 0.0715796 0.071574 0.0715852
95.4993 14 0.0715759 0.0715703 0.0715815
96.3829 14 0.071571 0.0715659 0.0715761
97.2747 14 0.0715702 0.0715651 0.0715754
98.1748 14 0.0715653 0.0715604 0.0715703
99.0832 14 0.0715624 0.0715574 0.0715673
