//tau lambda mean lower_bound upper_bound
0.01 1.158 0.992507 0.989471 0.995543
0.0100925 1.169 0.99052 0.987031 0.99401
0.0101859 1.167 0.989238 0.985435 0.993041
0.0102802 1.16 0.988887 0.985142 0.992631
0.0103753 1.171 0.986726 0.982538 0.990914
0.0104713 1.165 0.98642 0.982204 0.990637
0.0105682 1.164 0.986358 0.982157 0.990558
0.010666 1.17 0.990387 0.986891 0.993883
0.0107647 1.185 0.988368 0.984545 0.992191
0.0108643 1.176 0.988342 0.984479 0.992205
0.0109648 1.17 0.98801 0.983991 0.99203
0.0110662 1.165 0.98832 0.984295 0.992344
0.0111686 1.167 0.989963 0.986461 0.993466
0.011272 1.176 0.989084 0.985349 0.992819
0.0113763 1.169 0.99004 0.986303 0.993776
0.0114815 1.185 0.989694 0.986006 0.993382
0.0115878 1.174 0.989788 0.986263 0.993312
0.011695 1.177 0.99024 0.986778 0.993702
0.0118032 1.191 0.98616 0.982077 0.990244
0.0119124 1.182 0.992822 0.99004 0.995604
0.0120226 1.185 0.988217 0.984394 0.99204
0.0121339 1.172 0.986498 0.982339 0.990658
0.0122462 1.198 0.987721 0.983779 0.991663
0.0123595 1.224 0.985876 0.981615 0.990137
0.0124738 1.213 0.984167 0.97958 0.988754
0.0125893 1.213 0.988054 0.984274 0.991834
0.0127057 1.208 0.988895 0.98529 0.992501
0.0128233 1.177 0.990287 0.986897 0.993677
0.012942 1.212 0.987171 0.983253 0.99109
0.0130617 1.193 0.99096 0.987575 0.994344
0.0131826 1.226 0.989438 0.985913 0.992964
0.0133045 1.21 0.987915 0.983922 0.991908
0.0134276 1.207 0.988063 0.984303 0.991824
0.0135519 1.218 0.988934 0.985357 0.99251
0.0136773 1.219 0.985775 0.981489 0.990062
0.0138038 1.183 0.985776 0.981419 0.990133
0.0139316 1.224 0.984127 0.979422 0.988832
0.0140605 1.247 0.984883 0.980466 0.9893
0.0141906 1.218 0.987 0.982981 0.991018
0.0143219 1.238 0.980839 0.976023 0.985655
0.0144544 1.234 0.984339 0.979982 0.988696
0.0145881 1.258 0.984156 0.979577 0.988735
0.0147231 1.227 0.989884 0.98664 0.993128
0.0148594 1.239 0.986693 0.982675 0.99071
0.0149968 1.236 0.986167 0.982027 0.990308
0.0151356 1.24 0.984288 0.979921 0.988654
0.0152757 1.237 0.988433 0.984717 0.992149
0.015417 1.251 0.985436 0.981286 0.989586
0.0155597 1.265 0.982558 0.977682 0.987435
0.0157036 1.244 0.984582 0.980225 0.988939
0.0158489 1.258 0.984344 0.979709 0.98898
0.0159956 1.249 0.982746 0.977964 0.987528
0.0161436 1.269 0.982758 0.978204 0.987313
0.016293 1.252 0.982071 0.977264 0.986878
0.0164437 1.265 0.983091 0.978501 0.987681
0.0165959 1.265 0.986306 0.982355 0.990257
0.0167494 1.282 0.980948 0.976288 0.985607
0.0169044 1.274 0.984339 0.979905 0.988773
0.0170608 1.265 0.981852 0.97693 0.986774
0.0172187 1.289 0.983242 0.978726 0.987757
0.017378 1.276 0.98016 0.974873 0.985447
0.0175388 1.273 0.983026 0.978495 0.987557
0.0177011 1.287 0.984461 0.980103 0.988818
0.0178649 1.282 0.983002 0.978538 0.987466
0.0180302 1.297 0.982454 0.977932 0.986976
0.018197 1.3 0.98011 0.975053 0.985167
0.0183654 1.296 0.980328 0.975373 0.985283
0.0185353 1.304 0.977195 0.97186 0.982531
0.0187068 1.339 0.977184 0.971829 0.982539
0.0188799 1.31 0.980752 0.975721 0.985783
0.0190546 1.28 0.985838 0.981827 0.989848
0.0192309 1.353 0.977269 0.971828 0.98271
0.0194089 1.299 0.977696 0.972282 0.983109
0.0195884 1.329 0.984208 0.980012 0.988405
0.0197697 1.314 0.978924 0.973915 0.983934
0.0199526 1.349 0.977623 0.972235 0.98301
0.0201372 1.327 0.983561 0.979015 0.988107
0.0203236 1.317 0.985446 0.98139 0.989502
0.0205116 1.326 0.978921 0.973601 0.984241
0.0207014 1.342 0.98406 0.979815 0.988305
0.020893 1.326 0.974938 0.969381 0.980495
0.0210863 1.351 0.978988 0.973681 0.984294
0.0212814 1.346 0.976086 0.970655 0.981517
0.0214783 1.336 0.979174 0.973914 0.984433
0.021677 1.387 0.974812 0.969194 0.98043
0.0218776 1.357 0.978533 0.973301 0.983765
0.02208 1.326 0.980559 0.975545 0.985573
0.0222844 1.321 0.976173 0.970674 0.981672
0.0224905 1.353 0.977447 0.972235 0.982659
0.0226986 1.31 0.979667 0.974545 0.984788
0.0229087 1.378 0.980713 0.975872 0.985554
0.0231206 1.339 0.984036 0.979958 0.988115
0.0233346 1.397 0.979486 0.974526 0.984445
0.0235505 1.393 0.973233 0.967283 0.979183
0.0237684 1.402 0.973868 0.968111 0.979625
0.0239883 1.374 0.978924 0.973727 0.984122
0.0242103 1.388 0.976227 0.970837 0.981617
0.0244343 1.399 0.975697 0.97011 0.981284
0.0246604 1.377 0.97507 0.969444 0.980697
0.0248886 1.414 0.974929 0.969281 0.980578
0.0251189 1.398 0.976716 0.971369 0.982063
0.0253513 1.391 0.976785 0.971512 0.982057
0.0255859 1.394 0.979855 0.975 0.984709
0.0258226 1.394 0.97639 0.971101 0.981679
0.0260615 1.43 0.973968 0.968413 0.979523
0.0263027 1.404 0.974759 0.969137 0.98038
0.0265461 1.412 0.976836 0.971536 0.982136
0.0267917 1.46 0.965698 0.959135 0.97226
0.0270396 1.418 0.971332 0.96531 0.977353
0.0272898 1.448 0.974972 0.969362 0.980582
0.0275423 1.422 0.972713 0.966924 0.978502
0.0277971 1.449 0.971805 0.965996 0.977615
0.0280543 1.449 0.975632 0.970215 0.981049
0.0283139 1.449 0.975107 0.969609 0.980604
0.0285759 1.475 0.967787 0.96129 0.974283
0.0288403 1.468 0.975677 0.970327 0.981028
0.0291072 1.458 0.973163 0.967253 0.979073
0.0293765 1.47 0.967799 0.961813 0.973786
0.0296483 1.47 0.971701 0.965682 0.97772
0.0299226 1.521 0.97147 0.965676 0.977264
0.0301995 1.484 0.97067 0.964716 0.976623
0.0304789 1.476 0.976358 0.970953 0.981763
0.030761 1.507 0.973616 0.96793 0.979302
0.0310456 1.489 0.970201 0.964183 0.976219
0.0313329 1.477 0.964218 0.957532 0.970903
0.0316228 1.527 0.969012 0.963067 0.974956
0.0319154 1.52 0.967026 0.960895 0.973157
0.0322107 1.524 0.972389 0.96663 0.978147
0.0325087 1.533 0.965598 0.959035 0.972161
0.0328095 1.529 0.971522 0.965779 0.977265
0.0331131 1.51 0.967197 0.960821 0.973572
0.0334195 1.495 0.96861 0.962535 0.974685
0.0337287 1.536 0.969856 0.963955 0.975757
0.0340408 1.59 0.968145 0.962194 0.974096
0.0343558 1.521 0.972219 0.966642 0.977796
0.0346737 1.551 0.964865 0.958375 0.971355
0.0349945 1.537 0.970675 0.964758 0.976591
0.0353183 1.593 0.963925 0.957206 0.970645
0.0356451 1.588 0.965124 0.958644 0.971604
0.0359749 1.599 0.966676 0.960057 0.973296
0.0363078 1.554 0.965465 0.959044 0.971886
0.0366438 1.621 0.964648 0.958309 0.970988
0.0369828 1.578 0.959177 0.95198 0.966374
0.037325 1.612 0.958991 0.951949 0.966034
0.0376704 1.604 0.956759 0.949447 0.964072
0.0380189 1.618 0.962394 0.955559 0.96923
0.0383707 1.613 0.963617 0.95711 0.970125
0.0387258 1.597 0.964852 0.958494 0.97121
0.0390841 1.679 0.962733 0.955785 0.969681
0.0394457 1.633 0.964364 0.957905 0.970823
0.0398107 1.64 0.957914 0.950846 0.964982
0.0401791 1.664 0.959094 0.952054 0.966134
0.0405509 1.656 0.957997 0.950797 0.965198
0.0409261 1.679 0.960749 0.954151 0.967348
0.0413048 1.65 0.959799 0.952963 0.966636
0.0416869 1.649 0.961917 0.955117 0.968717
0.0420727 1.676 0.961867 0.955226 0.968508
0.042462 1.706 0.959705 0.953108 0.966301
0.0428549 1.696 0.957516 0.950398 0.964634
0.0432514 1.677 0.956662 0.949573 0.963751
0.0436516 1.671 0.96245 0.955893 0.969007
0.0440555 1.738 0.950554 0.942772 0.958335
0.0444631 1.782 0.956061 0.949041 0.963082
0.0448745 1.705 0.955454 0.948146 0.962761
0.0452898 1.724 0.961354 0.954671 0.968036
0.0457088 1.754 0.955389 0.948176 0.962601
0.0461318 1.788 0.947971 0.940174 0.955767
0.0465586 1.806 0.949412 0.941759 0.957066
0.0469894 1.776 0.949616 0.941958 0.957274
0.0474242 1.706 0.951319 0.943808 0.95883
0.047863 1.801 0.956086 0.948952 0.963219
0.0483059 1.783 0.955541 0.948428 0.962654
0.0487528 1.707 0.953373 0.945676 0.96107
0.049204 1.813 0.957336 0.950401 0.964272
0.0496592 1.792 0.956028 0.948915 0.963141
0.0501187 1.813 0.952868 0.945681 0.960054
0.0505825 1.826 0.95129 0.943677 0.958902
0.0510505 1.825 0.951261 0.943775 0.958748
0.0515229 1.819 0.953572 0.946257 0.960886
0.0519996 1.81 0.949601 0.942047 0.957155
0.0524807 1.799 0.951924 0.944169 0.959679
0.0529663 1.895 0.952623 0.944962 0.960283
0.0534564 1.878 0.953128 0.945642 0.960614
0.0539511 1.884 0.947329 0.939377 0.955281
0.0544503 1.861 0.949531 0.941875 0.957186
0.0549541 1.868 0.949058 0.941373 0.956744
0.0554626 1.912 0.945512 0.937608 0.953415
0.0559758 1.869 0.94001 0.931455 0.948565
0.0564937 1.919 0.945931 0.938067 0.953796
0.0570164 1.958 0.9438 0.935777 0.951822
0.057544 1.967 0.948878 0.941458 0.956298
0.0580764 1.977 0.944147 0.936025 0.952268
0.0586138 1.95 0.945992 0.93785 0.954133
0.0591562 1.948 0.947758 0.940013 0.955503
0.0597035 1.962 0.947457 0.939799 0.955115
0.060256 2.003 0.937333 0.928987 0.945679
0.0608135 1.987 0.943766 0.935753 0.951779
0.0613762 1.963 0.939969 0.93168 0.948258
0.0619441 2.03 0.93951 0.931221 0.947799
0.0625173 1.994 0.93469 0.926121 0.94326
0.0630957 2.026 0.939436 0.931099 0.947773
0.0636796 2.016 0.939681 0.931595 0.947766
0.0642688 2.021 0.939428 0.930959 0.947897
0.0648634 2.022 0.937996 0.929707 0.946284
0.0654636 2.127 0.931902 0.923047 0.940757
0.0660693 2.051 0.941405 0.933367 0.949443
0.0666807 2.028 0.93769 0.929414 0.945966
0.0672977 2.156 0.926758 0.917569 0.935946
0.0679204 2.059 0.928962 0.919911 0.938012
0.0685488 2.121 0.93499 0.926323 0.943656
0.0691831 2.077 0.937587 0.929091 0.946083
0.0698232 2.161 0.930062 0.921079 0.939045
0.0704693 2.201 0.92032 0.910961 0.929679
0.0711214 2.132 0.935475 0.926917 0.944033
0.0717794 2.096 0.937559 0.929368 0.94575
0.0724436 2.14 0.931199 0.922373 0.940024
0.0731139 2.17 0.929345 0.92034 0.938349
0.0737904 2.19 0.934479 0.926092 0.942866
0.0744732 2.16 0.935725 0.927374 0.944077
0.0751623 2.173 0.927472 0.918409 0.936534
0.0758578 2.258 0.916667 0.90703 0.926303
0.0765597 2.209 0.931623 0.923056 0.94019
0.0772681 2.32 0.928266 0.919433 0.937099
0.077983 2.241 0.916847 0.907075 0.926619
0.0787046 2.32 0.920614 0.911105 0.930122
0.0794328 2.255 0.931917 0.923079 0.940755
0.0801678 2.262 0.91996 0.910541 0.92938
0.0809096 2.301 0.925005 0.915823 0.934186
0.0816582 2.319 0.920756 0.9114 0.930112
0.0824138 2.326 0.918873 0.909442 0.928305
0.0831764 2.323 0.918044 0.908715 0.927374
0.083946 2.362 0.923411 0.914362 0.93246
0.0847227 2.392 0.916126 0.906424 0.925829
0.0855067 2.377 0.914465 0.904705 0.924224
0.0862979 2.363 0.926549 0.917549 0.935549
0.0870964 2.355 0.920294 0.910889 0.929698
0.0879023 2.413 0.91877 0.909188 0.928352
0.0887156 2.377 0.91724 0.907791 0.926688
0.0895365 2.51 0.907063 0.897157 0.91697
0.0903649 2.444 0.909049 0.899149 0.918949
0.0912011 2.478 0.909889 0.900092 0.919686
0.092045 2.442 0.915693 0.906257 0.925129
0.0928966 2.495 0.909038 0.89914 0.918937
0.0937562 2.495 0.913545 0.903926 0.923163
0.0946237 2.504 0.90968 0.899503 0.919856
0.0954993 2.546 0.91732 0.908073 0.926568
0.0963829 2.556 0.912201 0.902372 0.922029
0.0972747 2.494 0.920457 0.911601 0.929312
0.0981748 2.598 0.907251 0.897053 0.91745
0.0990832 2.657 0.903248 0.893037 0.91346
0.1 2.651 0.910196 0.900497 0.919894
0.100925 2.728 0.903186 0.892977 0.913394
0.101859 2.641 0.902536 0.892247 0.912826
0.102802 2.645 0.907517 0.897649 0.917385
0.103753 2.749 0.90218 0.891983 0.912377
0.104713 2.702 0.905229 0.895129 0.915329
0.105682 2.717 0.898436 0.888186 0.908687
0.10666 2.638 0.896612 0.885976 0.907248
0.107647 2.712 0.901894 0.891667 0.91212
0.108643 2.792 0.899052 0.888802 0.909303
0.109648 2.817 0.89835 0.887932 0.908767
0.110662 2.807 0.892854 0.882158 0.903549
0.111686 2.743 0.897918 0.887687 0.908149
0.11272 2.774 0.89869 0.888249 0.909131
0.113763 2.84 0.889579 0.878934 0.900225
0.114815 2.835 0.888467 0.877642 0.899292
0.115878 2.827 0.895134 0.884535 0.905734
0.11695 2.911 0.88819 0.877463 0.898918
0.118032 2.932 0.892987 0.882622 0.903351
0.119124 2.907 0.882349 0.871262 0.893436
0.120226 2.884 0.885488 0.874453 0.896522
0.121339 2.929 0.89265 0.881689 0.903611
0.122462 2.998 0.885004 0.873821 0.896187
0.123595 3.033 0.874216 0.862735 0.885697
0.124738 2.914 0.890203 0.879374 0.901031
0.125893 3.016 0.883044 0.871808 0.89428
0.127057 2.961 0.883226 0.872259 0.894194
0.128233 3.088 0.87895 0.867772 0.890127
0.12942 3.053 0.876936 0.865677 0.888194
0.130617 3.141 0.874505 0.863271 0.88574
0.131826 3.13 0.879507 0.868161 0.890853
0.133045 3.176 0.882378 0.871301 0.893455
0.134276 3.151 0.873461 0.861917 0.885005
0.135519 3.154 0.881009 0.869866 0.892153
0.136773 3.149 0.884195 0.873576 0.894814
0.138038 3.22 0.882699 0.871898 0.893501
0.139316 3.231 0.875891 0.86459 0.887192
0.140605 3.274 0.873946 0.862845 0.885046
0.141906 3.242 0.865114 0.853725 0.876502
0.143219 3.297 0.87733 0.865942 0.888718
0.144544 3.218 0.866806 0.855175 0.878437
0.145881 3.289 0.86269 0.850933 0.874447
0.147231 3.384 0.866311 0.854568 0.878055
0.148594 3.377 0.868234 0.856849 0.879618
0.149968 3.475 0.858192 0.846533 0.869852
0.151356 3.31 0.869054 0.857644 0.880465
0.152757 3.374 0.867205 0.855644 0.878766
0.15417 3.46 0.859254 0.847692 0.870815
0.155597 3.405 0.863906 0.851966 0.875847
0.157036 3.608 0.844697 0.832552 0.856843
0.158489 3.545 0.851935 0.839821 0.864048
0.159956 3.522 0.856948 0.845206 0.868689
0.161436 3.519 0.862129 0.850268 0.87399
0.16293 3.583 0.854167 0.84217 0.866165
0.164437 3.573 0.838142 0.825698 0.850587
0.165959 3.719 0.849411 0.837582 0.86124
0.167494 3.683 0.850302 0.838451 0.862154
0.169044 3.658 0.849784 0.837871 0.861696
0.170608 3.739 0.850016 0.838255 0.861778
0.172187 3.799 0.850731 0.838985 0.862476
0.17378 3.758 0.857046 0.845582 0.86851
0.175388 3.775 0.844076 0.83216 0.855991
0.177011 3.717 0.85424 0.842511 0.865968
0.178649 3.858 0.835844 0.823652 0.848036
0.180302 3.81 0.838394 0.826196 0.850592
0.18197 3.952 0.842231 0.830104 0.854358
0.183654 4.019 0.840574 0.828444 0.852704
0.185353 4.054 0.826658 0.814081 0.839235
0.187068 3.996 0.848613 0.836635 0.860591
0.188799 4.005 0.829246 0.81688 0.841611
0.190546 4.03 0.831985 0.819457 0.844513
0.192309 4.039 0.833052 0.820714 0.845389
0.194089 4.104 0.831154 0.81867 0.843638
0.195884 4.181 0.821335 0.80857 0.8341
0.197697 4.105 0.837378 0.825057 0.8497
0.199526 4.213 0.829164 0.816758 0.84157
0.201372 4.184 0.826994 0.814239 0.83975
0.203236 4.264 0.810118 0.797334 0.822903
0.205116 4.208 0.816481 0.803754 0.829208
0.207014 4.246 0.823812 0.811104 0.836519
0.20893 4.266 0.816365 0.803406 0.829324
0.210863 4.378 0.811465 0.798641 0.824289
0.212814 4.422 0.805031 0.791999 0.818064
0.214783 4.332 0.82011 0.807528 0.832691
0.21677 4.394 0.81059 0.797348 0.823832
0.218776 4.431 0.820228 0.807665 0.832791
0.2208 4.618 0.808233 0.795413 0.821053
0.222844 4.578 0.806814 0.793922 0.819706
0.224905 4.411 0.818718 0.805922 0.831513
0.226986 4.646 0.812005 0.799398 0.824611
0.229087 4.568 0.794455 0.781006 0.807904
0.231206 4.737 0.803075 0.790021 0.816129
0.233346 4.763 0.800599 0.787605 0.813593
0.235505 4.721 0.801803 0.788658 0.814948
0.237684 4.774 0.793724 0.780451 0.806998
0.239883 4.785 0.803433 0.790728 0.816138
0.242103 4.84 0.794788 0.781936 0.807641
0.244343 4.905 0.79553 0.782312 0.808748
0.246604 4.898 0.790956 0.777743 0.804169
0.248886 4.95 0.790609 0.77744 0.803779
0.251189 4.961 0.773222 0.759829 0.786615
0.253513 5.117 0.782906 0.769684 0.796129
0.255859 5.116 0.786581 0.773126 0.800037
0.258226 5.189 0.774812 0.761236 0.788388
0.260615 5.061 0.792518 0.779501 0.805536
0.263027 5.242 0.769199 0.755587 0.782811
0.265461 5.285 0.764737 0.750998 0.778476
0.267917 5.189 0.773067 0.759498 0.786635
0.270396 5.272 0.785621 0.772559 0.798683
0.272898 5.343 0.766633 0.752888 0.780377
0.275423 5.357 0.759699 0.74625 0.773147
0.277971 5.446 0.775349 0.762057 0.788641
0.280543 5.518 0.768114 0.754486 0.781741
0.283139 5.487 0.759366 0.74555 0.773182
0.285759 5.476 0.762703 0.748943 0.776463
0.288403 5.515 0.764775 0.751251 0.778298
0.291072 5.734 0.770917 0.757626 0.784208
0.293765 5.652 0.75721 0.743527 0.770893
0.296483 5.818 0.751308 0.737522 0.765094
0.299226 5.687 0.762703 0.749156 0.77625
0.301995 5.882 0.736803 0.722927 0.75068
0.304789 5.848 0.752823 0.738718 0.766929
0.30761 5.802 0.750977 0.737011 0.764943
0.310456 6.109 0.725235 0.711518 0.738952
0.313329 6.031 0.734341 0.720634 0.748049
0.316228 5.979 0.740997 0.726859 0.755135
0.319154 6.039 0.7406 0.726915 0.754285
0.322107 6.075 0.746779 0.733133 0.760424
0.325087 6.07 0.734942 0.721192 0.748693
0.328095 6.246 0.731609 0.717719 0.745499
0.331131 6.069 0.750134 0.736414 0.763854
0.334195 6.358 0.741798 0.728056 0.755539
0.337287 6.344 0.723849 0.709592 0.738107
0.340408 6.517 0.728641 0.714749 0.742533
0.343558 6.464 0.736963 0.722938 0.750988
0.346737 6.381 0.724342 0.710573 0.738111
0.349945 6.666 0.716649 0.702544 0.730753
0.353183 6.601 0.719511 0.705563 0.733458
0.356451 6.655 0.711913 0.697663 0.726163
0.359749 6.797 0.709136 0.694918 0.723353
0.363078 6.634 0.712929 0.698941 0.726917
0.366438 6.84 0.714496 0.70018 0.728812
0.369828 6.808 0.702568 0.688525 0.716611
0.37325 6.847 0.701556 0.687626 0.715485
0.376704 7.029 0.698694 0.684406 0.712981
0.380189 6.992 0.712164 0.698225 0.726104
0.383707 7.025 0.695657 0.68176 0.709555
0.387258 7.212 0.707038 0.693218 0.720858
0.390841 7.11 0.692784 0.678624 0.706944
0.394457 7.386 0.686863 0.672498 0.701227
0.398107 7.263 0.700876 0.686316 0.715435
0.401791 7.416 0.679585 0.665423 0.693747
0.405509 7.418 0.686456 0.672546 0.700367
0.409261 7.437 0.685234 0.671287 0.699182
0.413048 7.415 0.681168 0.666827 0.695508
0.416869 7.478 0.694407 0.680085 0.708729
0.420727 7.665 0.692195 0.677752 0.706638
0.42462 7.759 0.683969 0.669804 0.698133
0.428549 7.804 0.672467 0.658105 0.686829
0.432514 7.857 0.670579 0.656969 0.684189
0.436516 7.787 0.668861 0.654781 0.682941
0.440555 7.802 0.661408 0.647356 0.67546
0.444631 7.952 0.66377 0.649608 0.677931
0.448745 8.145 0.657897 0.643605 0.67219
0.452898 8.171 0.656934 0.642729 0.671139
0.457088 8.097 0.665913 0.652181 0.679646
0.461318 8.231 0.654959 0.641068 0.668849
0.465586 8.411 0.659296 0.644948 0.673644
0.469894 8.325 0.648685 0.634667 0.662704
0.474242 8.448 0.643528 0.62938 0.657676
0.47863 8.564 0.656641 0.642587 0.670694
0.483059 8.561 0.647499 0.633265 0.661734
0.487528 8.625 0.631289 0.617011 0.645567
0.49204 8.708 0.63241 0.618601 0.646219
0.496592 8.755 0.641098 0.627262 0.654934
0.501187 8.853 0.629005 0.614883 0.643128
0.505825 8.923 0.63913 0.625301 0.652959
0.510505 8.909 0.616151 0.602287 0.630015
0.515229 8.975 0.631347 0.617509 0.645185
0.519996 9.06 0.615897 0.602189 0.629605
0.524807 9.151 0.625858 0.611541 0.640175
0.529663 9.238 0.613028 0.599105 0.626952
0.534564 9.329 0.624368 0.610139 0.638596
0.539511 9.489 0.606541 0.59299 0.620092
0.544503 9.473 0.609139 0.595331 0.622947
0.549541 9.568 0.612374 0.598133 0.626614
0.554626 9.494 0.609281 0.595515 0.623047
0.559758 9.705 0.595827 0.582101 0.609552
0.564937 9.745 0.603832 0.589863 0.6178
0.570164 9.732 0.604947 0.590759 0.619135
0.57544 9.786 0.613598 0.599978 0.627217
0.580764 9.928 0.593933 0.580295 0.60757
0.586138 9.862 0.60383 0.589814 0.617846
0.591562 10.006 0.586548 0.572902 0.600194
0.597035 10.125 0.58417 0.57068 0.597661
0.60256 10.44 0.577813 0.563799 0.591827
0.608135 10.287 0.59201 0.578097 0.605922
0.613762 10.357 0.573275 0.559613 0.586937
0.619441 10.545 0.565539 0.551787 0.579291
0.625173 10.514 0.580877 0.566908 0.594845
0.630957 10.535 0.589049 0.575503 0.602595
0.636796 10.76 0.564151 0.550592 0.577711
0.642688 10.883 0.568346 0.554831 0.581862
0.648634 10.753 0.566318 0.552392 0.580244
0.654636 11.022 0.551378 0.5378 0.564956
0.660693 10.905 0.562568 0.548796 0.576341
0.666807 11.087 0.549507 0.535922 0.563092
0.672977 11.22 0.531958 0.518802 0.545115
0.679204 11.172 0.545432 0.531958 0.558905
0.685488 11.095 0.563663 0.55001 0.577315
0.691831 11.19 0.554472 0.541293 0.567651
0.698232 11.333 0.550138 0.536772 0.563504
0.704693 11.397 0.536997 0.523581 0.550412
0.711214 11.545 0.542517 0.529202 0.555832
0.717794 11.576 0.533467 0.520385 0.54655
0.724436 11.614 0.538982 0.525657 0.552307
0.731139 11.619 0.534183 0.520485 0.547881
0.737904 11.687 0.52419 0.51098 0.537399
0.744732 11.798 0.521559 0.50821 0.534907
0.751623 11.885 0.527654 0.514324 0.540984
0.758578 11.976 0.517753 0.504554 0.530952
0.765597 12.008 0.528699 0.515312 0.542087
0.772681 12.07 0.511228 0.498177 0.52428
0.77983 12.185 0.507169 0.493965 0.520372
0.787046 12.174 0.508547 0.495399 0.521694
0.794328 12.194 0.508752 0.496022 0.521482
0.801678 12.371 0.489526 0.476812 0.502241
0.809096 12.397 0.50121 0.488504 0.513917
0.816582 12.531 0.504933 0.491757 0.518109
0.824138 12.541 0.48892 0.476511 0.501328
0.831764 12.551 0.497569 0.484761 0.510378
0.83946 12.647 0.490872 0.478061 0.503682
0.847227 12.526 0.488573 0.476161 0.500985
0.855067 12.641 0.486933 0.474389 0.499477
0.862979 12.869 0.485163 0.472245 0.49808
0.870964 12.741 0.487356 0.475025 0.499686
0.879023 12.928 0.474438 0.461879 0.486997
0.887156 12.975 0.481176 0.468823 0.493529
0.895365 12.899 0.478508 0.465951 0.491064
0.903649 13.045 0.463938 0.452162 0.475715
0.912011 12.967 0.474126 0.46171 0.486542
0.92045 13.058 0.464619 0.452084 0.477154
0.928966 13.2 0.447147 0.435353 0.458941
0.937562 13.128 0.459974 0.448145 0.471802
0.946237 13.301 0.459925 0.447661 0.472188
0.954993 13.314 0.455868 0.443819 0.467917
0.963829 13.242 0.443896 0.432073 0.455719
0.972747 13.428 0.445459 0.433606 0.457313
0.981748 13.402 0.443106 0.431263 0.45495
0.990832 13.426 0.431076 0.419916 0.442236
1 13.456 0.43606 0.424682 0.447439
1.00925 13.451 0.431314 0.420358 0.442271
1.01859 13.553 0.423482 0.412283 0.434681
1.02802 13.481 0.433932 0.422375 0.445488
1.03753 13.556 0.435187 0.423455 0.446918
1.04713 13.583 0.427799 0.41614 0.439458
1.05682 13.644 0.425034 0.413553 0.436515
1.0666 13.613 0.426399 0.41513 0.437667
1.07647 13.694 0.420371 0.409313 0.431428
1.08643 13.693 0.411075 0.399401 0.42275
1.09648 13.71 0.41169 0.400545 0.422834
1.10662 13.721 0.411312 0.400179 0.422444
1.11686 13.786 0.402304 0.391572 0.413036
1.1272 13.726 0.405967 0.394897 0.417037
1.13763 13.752 0.404969 0.39383 0.416107
1.14815 13.776 0.399205 0.388064 0.410347
1.15878 13.824 0.394948 0.384563 0.405334
1.1695 13.794 0.398082 0.386979 0.409184
1.18032 13.805 0.397649 0.38684 0.408458
1.19124 13.861 0.397662 0.386905 0.408419
1.20226 13.897 0.392559 0.381731 0.403386
1.21339 13.901 0.378488 0.368541 0.388435
1.22462 13.897 0.384809 0.374322 0.395295
1.23595 13.88 0.38158 0.371258 0.391903
1.24738 13.914 0.377054 0.367024 0.387084
1.25893 13.863 0.370859 0.360847 0.380872
1.27057 13.89 0.368679 0.358268 0.379089
1.28233 13.911 0.370165 0.359932 0.380397
1.2942 13.945 0.365423 0.355785 0.375061
1.30617 13.946 0.360076 0.35044 0.369712
1.31826 13.942 0.365698 0.356014 0.375382
1.33045 13.962 0.362378 0.351875 0.372882
1.34276 13.94 0.355997 0.346055 0.365938
1.35519 13.951 0.346512 0.33737 0.355653
1.36773 13.962 0.347736 0.337857 0.357616
1.38038 13.98 0.348066 0.338142 0.357991
1.39316 13.966 0.34028 0.331185 0.349375
1.40605 13.959 0.343547 0.334775 0.352318
1.41906 13.984 0.3402 0.330647 0.349753
1.43219 13.974 0.340484 0.331409 0.349559
1.44544 13.963 0.330112 0.32105 0.339174
1.45881 13.981 0.325553 0.316793 0.334312
1.47231 13.987 0.336398 0.327282 0.345513
1.48594 13.99 0.319429 0.310733 0.328125
1.49968 13.976 0.333844 0.324862 0.342826
1.51356 13.992 0.324341 0.315356 0.333325
1.52757 13.996 0.319202 0.310549 0.327854
1.5417 13.981 0.321618 0.312463 0.330774
1.55597 13.983 0.31407 0.305864 0.322275
1.57036 13.987 0.314619 0.306409 0.322829
1.58489 13.991 0.305192 0.29697 0.313415
1.59956 13.995 0.304568 0.296366 0.31277
1.61436 13.993 0.307945 0.299624 0.316265
1.6293 13.996 0.299978 0.291716 0.30824
1.64437 13.993 0.297202 0.289383 0.305021
1.65959 13.993 0.297842 0.289611 0.306072
1.67494 13.995 0.299933 0.291975 0.30789
1.69044 14 0.294505 0.286582 0.302428
1.70608 13.995 0.29504 0.287204 0.302876
1.72187 13.999 0.2957 0.287777 0.303623
1.7378 14 0.282985 0.275599 0.290371
1.75388 13.998 0.29058 0.282575 0.298584
1.77011 13.996 0.283956 0.276234 0.291678
1.78649 14 0.28916 0.281341 0.296978
1.80302 13.998 0.277736 0.270357 0.285114
1.8197 14 0.276893 0.2693 0.284485
1.83654 13.995 0.273103 0.266056 0.28015
1.85353 14 0.27599 0.267909 0.284071
1.87068 14 0.274245 0.267114 0.281376
1.88799 14 0.269775 0.262094 0.277455
1.90546 14 0.267131 0.259924 0.274339
1.92309 14 0.269868 0.262536 0.2772
1.94089 14 0.258064 0.251373 0.264755
1.95884 14 0.260429 0.25344 0.267418
1.97697 14 0.250645 0.244218 0.257073
1.99526 13.998 0.251188 0.24482 0.257556
2.01372 14 0.249444 0.243196 0.255692
2.03236 14 0.247225 0.240649 0.253801
2.05116 14 0.251891 0.245191 0.25859
2.07014 14 0.248592 0.242041 0.255143
2.0893 14 0.248326 0.241568 0.255084
2.10863 14 0.248204 0.241203 0.255205
2.12814 14 0.239295 0.233143 0.245447
2.14783 14 0.237861 0.232064 0.243659
2.1677 14 0.233211 0.227418 0.239003
2.18776 14 0.232037 0.226545 0.237528
2.208 14 0.234792 0.228315 0.241268
2.22844 14 0.232685 0.226848 0.238522
2.24905 14 0.227674 0.222382 0.232966
2.26986 14 0.228215 0.222566 0.233864
2.29087 14 0.226651 0.220796 0.232505
2.31206 14 0.22552 0.219502 0.231537
2.33346 14 0.220296 0.214576 0.226016
2.35505 14 0.223381 0.217718 0.229045
2.37684 14 0.221559 0.216275 0.226842
2.39883 14 0.216111 0.210884 0.221338
2.42103 14 0.211825 0.206905 0.216745
2.44343 14 0.214977 0.209435 0.22052
2.46604 14 0.206135 0.20129 0.210981
2.48886 14 0.207306 0.202221 0.212392
2.51189 14 0.206578 0.201656 0.2115
2.53513 14 0.204464 0.199341 0.209586
2.55859 14 0.200554 0.195895 0.205213
2.58226 14 0.20201 0.197117 0.206904
2.60615 14 0.20114 0.196146 0.206135
2.63027 14 0.199817 0.194628 0.205006
2.65461 14 0.198202 0.193418 0.202985
2.67917 14 0.197873 0.192834 0.202913
2.70396 14 0.194136 0.189538 0.198734
2.72898 14 0.193894 0.189232 0.198557
2.75423 14 0.191953 0.187543 0.196362
2.77971 14 0.188461 0.183974 0.192948
2.80543 14 0.189739 0.185248 0.19423
2.83139 14 0.18729 0.182792 0.191788
2.85759 14 0.185262 0.181012 0.189512
2.88403 14 0.184216 0.179946 0.188487
2.91072 14 0.18123 0.177077 0.185383
2.93765 14 0.182899 0.178713 0.187085
2.96483 14 0.176368 0.172618 0.180118
2.99226 14 0.180278 0.176088 0.184468
3.01995 14 0.178889 0.174731 0.183047
3.04789 14 0.181285 0.177193 0.185377
3.0761 14 0.173121 0.169427 0.176816
3.10456 14 0.170089 0.166516 0.173662
3.13329 14 0.17101 0.16728 0.174741
3.16228 14 0.172444 0.168505 0.176383
3.19154 14 0.169509 0.165766 0.173252
3.22107 14 0.164308 0.160873 0.167743
3.25087 14 0.16318 0.159704 0.166657
3.28095 14 0.166908 0.163422 0.170394
3.31131 14 0.161146 0.157827 0.164465
3.34195 14 0.159796 0.156476 0.163116
3.37287 14 0.160586 0.157319 0.163854
3.40408 14 0.162537 0.159002 0.166072
3.43558 14 0.157102 0.15428 0.159923
3.46737 14 0.155317 0.152264 0.15837
3.49945 14 0.15306 0.149913 0.156208
3.53183 14 0.156365 0.153402 0.159327
3.56451 14 0.149419 0.146697 0.152141
3.59749 14 0.150981 0.148088 0.153875
3.63078 14 0.150058 0.147166 0.15295
3.66438 14 0.146408 0.143712 0.149104
3.69828 14 0.14828 0.145553 0.151008
3.7325 14 0.146932 0.144069 0.149796
3.76704 14 0.143943 0.141331 0.146554
3.80189 14 0.144265 0.141595 0.146935
3.83707 14 0.144623 0.142088 0.147158
3.87258 14 0.143381 0.140741 0.146022
3.90841 14 0.140483 0.138 0.142966
3.94457 14 0.139646 0.137053 0.142238
3.98107 14 0.142266 0.139711 0.14482
4.01791 14 0.136207 0.133886 0.138529
4.05509 14 0.137704 0.135295 0.140114
4.09261 14 0.136848 0.13441 0.139287
4.13048 14 0.134941 0.132699 0.137184
4.16869 14 0.1339 0.13142 0.13638
4.20727 14 0.133528 0.131336 0.13572
4.2462 14 0.133355 0.131082 0.135628
4.28549 14 0.133047 0.13077 0.135324
4.32514 14 0.129837 0.127655 0.132019
4.36516 14 0.129949 0.127905 0.131992
4.40555 14 0.130019 0.127771 0.132266
4.44631 14 0.129294 0.127181 0.131408
4.48745 14 0.128206 0.126067 0.130346
4.52898 14 0.126464 0.124434 0.128495
4.57088 14 0.125162 0.123069 0.127255
4.61318 14 0.124626 0.122724 0.126528
4.65586 14 0.124853 0.122876 0.126829
4.69894 14 0.122228 0.12042 0.124036
4.74242 14 0.122481 0.120563 0.124399
4.7863 14 0.12143 0.119688 0.123171
4.83059 14 0.122268 0.120377 0.124159
4.87528 14 0.118625 0.116956 0.120295
4.9204 14 0.119903 0.118048 0.121759
4.96592 14 0.118065 0.116139 0.11999
5.01187 14 0.11687 0.115208 0.118532
5.05825 14 0.116126 0.114497 0.117755
5.10505 14 0.117466 0.11579 0.119141
5.15229 14 0.116033 0.114361 0.117704
5.19996 14 0.115677 0.113899 0.117455
5.24807 14 0.113798 0.112227 0.115369
5.29663 14 0.11417 0.112602 0.115737
5.34564 14 0.114331 0.112779 0.115882
5.39511 14 0.11126 0.10979 0.112731
5.44503 14 0.111858 0.110343 0.113374
5.49541 14 0.10938 0.107971 0.11079
5.54626 14 0.110026 0.108539 0.111512
5.59758 14 0.10978 0.10839 0.11117
5.64937 14 0.108884 0.107492 0.110276
5.70164 14 0.10788 0.106555 0.109205
5.7544 14 0.108697 0.107289 0.110106
5.80764 14 0.106746 0.105485 0.108007
5.86138 14 0.105902 0.104651 0.107153
5.91562 14 0.10638 0.105124 0.107636
5.97035 14 0.105069 0.103884 0.106255
6.0256 14 0.103679 0.102483 0.104874
6.08135 14 0.105034 0.103807 0.10626
6.13762 14 0.10351 0.10229 0.104731
6.19441 14 0.102895 0.1018 0.10399
6.25173 14 0.102697 0.101549 0.103846
6.30957 14 0.102814 0.101675 0.103953
6.36796 14 0.101465 0.100414 0.102516
6.42688 14 0.102261 0.101078 0.103445
6.48634 14 0.101306 0.100118 0.102494
6.54636 14 0.100585 0.0994558 0.101713
6.60693 14 0.100294 0.0992211 0.101368
6.66807 14 0.0993237 0.0982875 0.10036
6.72977 14 0.0987825 0.0977532 0.0998118
6.79204 14 0.099364 0.0982897 0.100438
6.85488 14 0.098694 0.0976882 0.0996997
6.91831 14 0.098062 0.0970815 0.0990425
6.98232 14 0.0975403 0.0965818 0.0984988
7.04693 14 0.095797 0.0949442 0.0966498
7.11214 14 0.0969894 0.0960388 0.09794
7.17794 14 0.0956438 0.0947789 0.0965088
7.24436 14 0.0951196 0.0942948 0.0959443
7.31139 14 0.0956377 0.0947796 0.0964959
7.37904 14 0.0946663 0.0938175 0.0955152
7.44732 14 0.0944355 0.0935767 0.0952943
7.51623 14 0.0943874 0.0935554 0.0952195
7.58578 14 0.093277 0.0924809 0.0940732
7.65597 14 0.0931053 0.0923567 0.0938539
7.72681 14 0.09297 0.0922178 0.0937223
7.7983 14 0.0922847 0.0915255 0.093044
7.87046 14 0.092705 0.0919263 0.0934837
7.94328 14 0.0918436 0.090996 0.0926911
8.01678 14 0.0920028 0.0911821 0.0928236
8.09096 14 0.0910668 0.0903369 0.0917967
8.16582 14 0.0910243 0.0902817 0.0917669
8.24138 14 0.0902852 0.089613 0.0909574
8.31764 14 0.0905113 0.0898238 0.0911988
8.3946 14 0.0897766 0.0890972 0.0904561
8.47227 14 0.0896869 0.0890233 0.0903506
8.55067 14 0.0889548 0.0883262 0.0895834
8.62979 14 0.0893114 0.0886564 0.0899665
8.70964 14 0.0886515 0.0880313 0.0892718
8.79023 14 0.0881559 0.0875499 0.0887618
8.87156 14 0.0885386 0.0878781 0.0891991
8.95365 14 0.0879984 0.0873567 0.0886401
9.03649 14 0.0874476 0.0868628 0.0880323
9.12011 14 0.0871114 0.0865501 0.0876726
9.2045 14 0.0868903 0.0863426 0.087438
9.28966 14 0.0865641 0.0860354 0.0870929
9.37562 14 0.0869911 0.0864211 0.0875611
9.46237 14 0.0863182 0.0857701 0.0868662
9.54993 14 0.0857418 0.0852297 0.0862539
9.63829 14 0.0855208 0.0850231 0.0860184
9.72747 14 0.0857662 0.0852625 0.0862699
9.81748 14 0.0852224 0.0847247 0.0857201
9.90832 14 0.0848529 0.0843761 0.0853297
10 14 0.0847464 0.0842552 0.0852375
10.0925 14 0.0847994 0.0843133 0.0852856
10.1859 14 0.0843234 0.0838547 0.0847921
10.2802 14 0.0840258 0.083586 0.0844656
10.3753 14 0.0840822 0.0836454 0.084519
10.4713 14 0.0838083 0.0833759 0.0842406
10.5682 14 0.0836651 0.0832066 0.0841236
10.666 14 0.0831019 0.0826854 0.0835184
10.7647 14 0.0832927 0.0828685 0.0837169
10.8643 14 0.0830318 0.0826161 0.0834475
10.9648 14 0.0829489 0.0825327 0.083365
11.0662 14 0.0822318 0.0818651 0.0825986
11.1686 14 0.0821418 0.0817836 0.0825001
11.272 14 0.0822111 0.0818203 0.0826018
11.3763 14 0.0824391 0.0820396 0.0828386
11.4815 14 0.0818933 0.0815353 0.0822513
11.5878 14 0.0816967 0.0813277 0.0820656
11.695 14 0.0818188 0.0814334 0.0822043
11.8032 14 0.0810224 0.0806879 0.081357
11.9124 14 0.0810953 0.0807274 0.0814632
12.0226 14 0.0808446 0.0805195 0.0811697
12.1339 14 0.0807192 0.0803725 0.0810659
12.2462 14 0.0808384 0.0805188 0.0811579
12.3595 14 0.0806144 0.0803009 0.0809279
12.4738 14 0.0801862 0.0798791 0.0804934
12.5893 14 0.0802916 0.0799654 0.0806178
12.7057 14 0.0800112 0.079716 0.0803064
12.8233 14 0.0799843 0.0796911 0.0802776
12.942 14 0.0799078 0.0796088 0.0802067
13.0617 14 0.0797896 0.079498 0.0800811
13.1826 14 0.0796137 0.0793249 0.0799026
13.3045 14 0.0798148 0.0795187 0.0801109
13.4276 14 0.0794074 0.0791272 0.0796876
13.5519 14 0.0791385 0.0788585 0.0794184
13.6773 14 0.0790488 0.0787803 0.0793172
13.8038 14 0.0790687 0.0787918 0.0793455
13.9316 14 0.0786335 0.0783838 0.0788831
14.0605 14 0.0784494 0.0781993 0.0786996
14.1906 14 0.0784899 0.0782298 0.0787499
14.3219 14 0.0783844 0.0781241 0.0786446
14.4544 14 0.0782264 0.0779979 0.0784549
14.5881 14 0.0782545 0.0780082 0.0785008
14.7231 14 0.078165 0.0779183 0.0784118
14.8594 14 0.0781112 0.0778797 0.0783428
14.9968 14 0.0778757 0.077659 0.0780923
15.1356 14 0.0779035 0.077669 0.078138
15.2757 14 0.0775818 0.0773592 0.0778043
15.417 14 0.0777174 0.0774918 0.077943
15.5597 14 0.077591 0.0773721 0.0778098
15.7036 14 0.0773851 0.0771809 0.0775893
15.8489 14 0.0773765 0.0771698 0.0775832
15.9956 14 0.0773271 0.0771203 0.077534
16.1436 14 0.0770381 0.0768475 0.0772286
16.293 14 0.0770507 0.0768548 0.0772466
16.4437 14 0.0769612 0.0767582 0.0771641
16.5959 14 0.0768393 0.0766554 0.0770233
16.7494 14 0.0766485 0.0764639 0.0768331
16.9044 14 0.0768689 0.076687 0.0770508
17.0608 14 0.0767318 0.0765443 0.0769192
17.2187 14 0.0764883 0.0763121 0.0766645
17.378 14 0.0763043 0.0761374 0.0764712
17.5388 14 0.0763447 0.0761815 0.0765079
17.7011 14 0.0762127 0.0760532 0.0763722
17.8649 14 0.076347 0.0761799 0.076514
18.0302 14 0.0760761 0.0759103 0.0762418
18.197 14 0.0760195 0.0758591 0.0761798
18.3654 14 0.0761472 0.0759892 0.0763053
18.5353 14 0.0758375 0.0756836 0.0759915
18.7068 14 0.075968 0.0758056 0.0761303
18.8799 14 0.0758397 0.0756832 0.0759963
19.0546 14 0.0757096 0.0755622 0.075857
19.2309 14 0.0756074 0.0754657 0.0757492
19.4089 14 0.0755167 0.0753825 0.0756509
19.5884 14 0.0755849 0.0754358 0.075734
19.7697 14 0.0754886 0.075342 0.0756352
19.9526 14 0.0754408 0.0753077 0.075574
20.1372 14 0.0753974 0.0752647 0.0755301
20.3236 14 0.0752895 0.075164 0.075415
20.5116 14 0.075213 0.0750781 0.0753478
20.7014 14 0.0752457 0.0751189 0.0753724
20.893 14 0.075194 0.0750662 0.0753217
21.0863 14 0.0751487 0.0750238 0.0752735
21.2814 14 0.074983 0.0748622 0.0751038
21.4783 14 0.0749896 0.0748704 0.0751088
21.677 14 0.0749891 0.0748672 0.0751111
21.8776 14 0.0748215 0.0747093 0.0749337
22.08 14 0.0748651 0.0747521 0.074978
22.2844 14 0.0746394 0.0745363 0.0747425
22.4905 14 0.0747361 0.0746237 0.0748486
22.6986 14 0.0747767 0.0746618 0.0748916
22.9087 14 0.0746957 0.0745882 0.0748033
23.1206 14 0.0745205 0.0744207 0.0746203
23.3346 14 0.0745271 0.074426 0.0746282
23.5505 14 0.0745252 0.0744136 0.0746368
23.7684 14 0.0744888 0.0743873 0.0745902
23.9883 14 0.0743633 0.0742726 0.0744539
24.2103 14 0.0743583 0.0742585 0.0744582
24.4343 14 0.0743532 0.0742554 0.074451
24.6604 14 0.0742012 0.0741141 0.0742882
24.8886 14 0.0742417 0.0741524 0.0743309
25.1189 14 0.0741884 0.0741004 0.0742763
25.3513 14 0.0741485 0.0740601 0.0742368
25.5859 14 0.0741967 0.0741071 0.0742863
25.8226 14 0.0741315 0.0740444 0.0742186
26.0615 14 0.0740777 0.0739936 0.0741618
26.3027 14 0.0739724 0.073888 0.0740567
26.5461 14 0.0739949 0.0739097 0.0740801
26.7917 14 0.0739473 0.0738634 0.0740313
27.0396 14 0.0738915 0.0738107 0.0739723
27.2898 14 0.0740264 0.0739388 0.0741141
27.5423 14 0.0738339 0.0737599 0.073908
27.7971 14 0.0737804 0.0737028 0.0738579
28.0543 14 0.0738139 0.0737354 0.0738924
28.3139 14 0.0737591 0.0736813 0.0738369
28.5759 14 0.0736421 0.0735722 0.073712
28.8403 14 0.0737062 0.0736368 0.0737755
29.1072 14 0.0736492 0.0735754 0.0737231
29.3765 14 0.073647 0.0735798 0.0737143
29.6483 14 0.0735483 0.073478 0.0736187
29.9226 14 0.073558 0.073493 0.0736229
30.1995 14 0.0735212 0.0734532 0.0735893
30.4789 14 0.0735451 0.0734758 0.0736145
30.761 14 0.073511 0.0734465 0.0735754
31.0456 14 0.0734419 0.0733789 0.0735049
31.3329 14 0.0734534 0.0733899 0.0735169
31.6228 14 0.0734307 0.0733686 0.0734927
31.9154 14 0.073332 0.0732706 0.0733933
32.2107 14 0.0733578 0.073297 0.0734186
32.5087 14 0.0733303 0.0732705 0.0733902
32.8095 14 0.0733808 0.0733224 0.0734391
33.1131 14 0.0732522 0.0731932 0.0733112
33.4195 14 0.0733022 0.0732458 0.0733586
33.7287 14 0.0732283 0.0731726 0.073284
34.0408 14 0.0732233 0.0731681 0.0732785
34.3558 14 0.073244 0.0731875 0.0733005
34.6737 14 0.0732214 0.0731669 0.0732759
34.9945 14 0.0731967 0.0731415 0.0732519
35.3183 14 0.0731719 0.0731223 0.0732216
35.6451 14 0.0731643 0.0731113 0.0732174
35.9749 14 0.0731627 0.0731086 0.0732168
36.3078 14 0.0730749 0.073026 0.0731239
36.6438 14 0.07308 0.0730286 0.0731314
36.9828 14 0.0730779 0.0730287 0.073127
37.325 14 0.0730386 0.0729913 0.073086
37.6704 14 0.0730536 0.0730059 0.0731012
38.0189 14 0.0729892 0.0729423 0.0730361
38.3707 14 0.0730218 0.0729754 0.0730681
38.7258 14 0.0729936 0.072946 0.0730412
39.0841 14 0.0729315 0.0728878 0.0729752
39.4457 14 0.0729336 0.0728888 0.0729784
39.8107 14 0.072879 0.0728371 0.0729209
40.1791 14 0.0728966 0.072856 0.0729372
40.5509 14 0.0729014 0.0728586 0.0729443
40.9261 14 0.0729323 0.0728895 0.0729751
41.3048 14 0.0729026 0.0728598 0.0729454
41.6869 14 0.0729059 0.0728624 0.0729495
42.0727 14 0.0728288 0.0727885 0.0728692
42.462 14 0.0728278 0.0727864 0.0728693
42.8549 14 0.0728007 0.0727623 0.072839
43.2514 14 0.0728084 0.0727691 0.0728478
43.6516 14 0.0728014 0.0727618 0.072841
44.0555 14 0.0727946 0.0727564 0.0728329
44.4631 14 0.0727649 0.0727266 0.0728031
44.8745 14 0.0727252 0.072689 0.0727614
45.2898 14 0.0727393 0.0727023 0.0727762
45.7088 14 0.0727731 0.0727354 0.0728108
46.1318 14 0.0727101 0.0726761 0.0727442
46.5586 14 0.072698 0.0726616 0.0727344
46.9894 14 0.0727196 0.0726838 0.0727554
47.4242 14 0.0726607 0.0726264 0.072695
47.863 14 0.0726531 0.0726174 0.0726887
48.3059 14 0.0726449 0.0726097 0.07268
48.7528 14 0.0726517 0.0726183 0.072685
49.204 14 0.0726531 0.0726205 0.0726857
49.6592 14 0.0726338 0.0725987 0.0726689
50.1187 14 0.0726187 0.0725837 0.0726537
50.5825 14 0.072628 0.0725954 0.0726606
51.0505 14 0.0726104 0.0725772 0.0726436
51.5229 14 0.0725975 0.0725657 0.0726292
51.9996 14 0.072577 0.072546 0.0726081
52.4807 14 0.0725648 0.0725333 0.0725963
52.9663 14 0.072574 0.0725406 0.0726074
53.4564 14 0.0725364 0.0725071 0.0725658
53.9511 14 0.0725629 0.0725321 0.0725937
54.4503 14 0.0725512 0.0725215 0.0725809
54.9541 14 0.0725397 0.0725101 0.0725693
55.4626 14 0.0725389 0.0725087 0.0725691
55.9758 14 0.0724864 0.0724583 0.0725144
56.4937 14 0.0725072 0.0724785 0.072536
57.0164 14 0.0724952 0.0724671 0.0725233
57.544 14 0.0724684 0.0724409 0.0724958
58.0764 14 0.0724954 0.0724674 0.0725234
58.6138 14 0.0724763 0.0724495 0.0725031
59.1562 14 0.0724843 0.0724569 0.0725117
59.7035 14 0.072454 0.0724272 0.0724809
60.256 14 0.0724545 0.0724262 0.0724829
60.8135 14 0.0724285 0.0724021 0.0724549
61.3762 14 0.0724474 0.0724201 0.0724748
61.9441 14 0.0724523 0.0724252 0.0724795
62.5173 14 0.0724325 0.0724067 0.0724582
63.0957 14 0.0724122 0.072386 0.0724383
63.6796 14 0.072428 0.0724003 0.0724557
64.2688 14 0.0723906 0.0723646 0.0724166
64.8634 14 0.0724058 0.0723805 0.0724311
65.4636 14 0.0724034 0.0723787 0.0724281
66.0693 14 0.0723885 0.0723632 0.0724137
66.6807 14 0.0723966 0.072372 0.0724213
67.2977 14 0.0723693 0.0723453 0.0723934
67.9204 14 0.072381 0.0723554 0.0724067
68.5488 14 0.0723711 0.0723473 0.0723949
69.1831 14 0.0723499 0.0723256 0.0723742
69.8232 14 0.0723596 0.0723356 0.0723837
70.4693 14 0.0723377 0.072314 0.0723615
71.1214 14 0.0723267 0.072303 0.0723503
71.7794 14 0.0723619 0.0723379 0.0723858
72.4436 14 0.0723651 0.0723417 0.0723885
73.1139 14 0.072356 0.0723326 0.0723795
73.7904 14 0.0723112 0.072289 0.0723334
74.4732 14 0.072326 0.0723034 0.0723486
75.1623 14 0.0723283 0.0723051 0.0723515
75.8578 14 0.0723119 0.0722898 0.0723341
76.5597 14 0.0723217 0.0722981 0.0723453
77.2681 14 0.0723241 0.0723011 0.0723471
77.983 14 0.0723093 0.0722873 0.0723312
78.7046 14 0.0722963 0.0722745 0.072318
79.4328 14 0.0723117 0.0722888 0.0723346
80.1678 14 0.0723015 0.0722796 0.0723234
80.9096 14 0.0722867 0.0722656 0.0723077
81.6582 14 0.0723039 0.0722815 0.0723263
82.4138 14 0.0722695 0.0722485 0.0722904
83.1764 14 0.0722787 0.0722572 0.0723001
83.946 14 0.0722906 0.072269 0.0723122
84.7227 14 0.0722702 0.0722491 0.0722914
85.5067 14 0.0722644 0.0722437 0.0722852
86.2979 14 0.0722625 0.0722416 0.0722833
87.0964 14 0.0722651 0.0722437 0.0722865
87.9023 14 0.0722894 0.0722674 0.0723115
88.7156 14 0.0722636 0.0722428 0.0722845
89.5365 14 0.0722738 0.072252 0.0722957
90.3649 14 0.0722476 0.0722268 0.0722684
91.2011 14 0.0722494 0.0722295 0.0722692
92.045 14 0.0722532 0.0722327 0.0722737
92.8966 14 0.0722344 0.0722138 0.0722551
93.7562 14 0.0722606 0.0722402 0.0722809
94.6237 14 0.0722392 0.0722186 0.0722599
95.4993 14 0.0722378 0.0722179 0.0722578
96.3829 14 0.07223 0.0722106 0.0722494
97.2747 14 0.0722145 0.0721952 0.0722339
98.1748 14 0.0722362 0.0722155 0.072257
99.0832 14 0.0722265 0.0722069 0.072246
