//tau lambda mean lower_bound upper_bound
0.01 1.179 0.990172 0.986663 0.99368
0.0100925 1.186 0.988888 0.985074 0.992702
0.0101859 1.144 0.992012 0.988738 0.995286
0.0102802 1.177 0.985419 0.981092 0.989746
0.0103753 1.156 0.991602 0.988437 0.994767
0.0104713 1.157 0.991409 0.988154 0.994664
0.0105682 1.179 0.993538 0.990799 0.996278
0.010666 1.18 0.99113 0.987941 0.994319
0.0107647 1.182 0.986325 0.982143 0.990507
0.0108643 1.182 0.985995 0.981635 0.990356
0.0109648 1.17 0.989798 0.98629 0.993307
0.0110662 1.182 0.990374 0.986915 0.993833
0.0111686 1.187 0.990437 0.986963 0.993912
0.011272 1.188 0.991349 0.988063 0.994636
0.0113763 1.183 0.989424 0.986014 0.992834
0.0114815 1.195 0.987254 0.983225 0.991283
0.0115878 1.181 0.988414 0.984578 0.992251
0.011695 1.185 0.987531 0.983674 0.991387
0.0118032 1.195 0.989613 0.986192 0.993034
0.0119124 1.202 0.986629 0.982363 0.990895
0.0120226 1.193 0.989356 0.985935 0.992778
0.0121339 1.184 0.984517 0.979885 0.98915
0.0122462 1.213 0.983948 0.979124 0.988771
0.0123595 1.203 0.985141 0.980746 0.989536
0.0124738 1.207 0.985271 0.981033 0.989509
0.0125893 1.197 0.987509 0.983618 0.9914
0.0127057 1.225 0.9859 0.981592 0.990207
0.0128233 1.215 0.987136 0.983147 0.991125
0.012942 1.192 0.991005 0.98776 0.99425
0.0130617 1.237 0.98399 0.979485 0.988495
0.0131826 1.188 0.990581 0.987216 0.993947
0.0133045 1.21 0.986125 0.98184 0.990411
0.0134276 1.2 0.985745 0.98126 0.99023
0.0135519 1.232 0.983419 0.978814 0.988024
0.0136773 1.227 0.986304 0.982304 0.990304
0.0138038 1.225 0.987188 0.98315 0.991226
0.0139316 1.201 0.988893 0.985304 0.992482
0.0140605 1.232 0.988167 0.984283 0.992051
0.0141906 1.227 0.988925 0.985184 0.992666
0.0143219 1.216 0.987916 0.984128 0.991705
0.0144544 1.25 0.983129 0.978385 0.987873
0.0145881 1.251 0.984724 0.980348 0.989099
0.0147231 1.25 0.982645 0.97791 0.987379
0.0148594 1.233 0.98484 0.980354 0.989326
0.0149968 1.25 0.985569 0.981468 0.989671
0.0151356 1.228 0.988776 0.985116 0.992437
0.0152757 1.229 0.987662 0.983987 0.991338
0.015417 1.233 0.982697 0.977859 0.987534
0.0155597 1.239 0.989031 0.98553 0.992533
0.0157036 1.27 0.98378 0.979162 0.988399
0.0158489 1.251 0.985075 0.980826 0.989324
0.0159956 1.256 0.982742 0.978068 0.987416
0.0161436 1.271 0.984896 0.980652 0.989141
0.016293 1.254 0.982876 0.978137 0.987616
0.0164437 1.276 0.984139 0.979901 0.988376
0.0165959 1.276 0.984007 0.979617 0.988396
0.0167494 1.268 0.984146 0.979716 0.988575
0.0169044 1.286 0.981603 0.976877 0.986329
0.0170608 1.273 0.983349 0.978817 0.987882
0.0172187 1.28 0.980281 0.975219 0.985344
0.017378 1.262 0.986361 0.982291 0.990432
0.0175388 1.283 0.983527 0.979017 0.988037
0.0177011 1.26 0.984165 0.979669 0.988662
0.0178649 1.29 0.984256 0.979919 0.988592
0.0180302 1.308 0.981122 0.976276 0.985968
0.018197 1.307 0.976793 0.971289 0.982297
0.0183654 1.284 0.98331 0.9788 0.987821
0.0185353 1.312 0.976272 0.970648 0.981895
0.0187068 1.321 0.979184 0.974135 0.984233
0.0188799 1.321 0.980668 0.975666 0.985671
0.0190546 1.297 0.978547 0.973328 0.983767
0.0192309 1.309 0.979839 0.97473 0.984949
0.0194089 1.321 0.979197 0.974225 0.984169
0.0195884 1.323 0.980547 0.975514 0.985581
0.0197697 1.323 0.979133 0.973925 0.98434
0.0199526 1.324 0.977453 0.97209 0.982816
0.0201372 1.292 0.980552 0.97577 0.985335
0.0203236 1.338 0.98029 0.975488 0.985091
0.0205116 1.289 0.984123 0.97976 0.988485
0.0207014 1.319 0.979865 0.97487 0.984861
0.020893 1.34 0.981017 0.976123 0.985912
0.0210863 1.335 0.979854 0.974927 0.984782
0.0212814 1.32 0.98237 0.977737 0.987004
0.0214783 1.321 0.983531 0.978997 0.988066
0.021677 1.348 0.975714 0.970203 0.981226
0.0218776 1.36 0.979049 0.974091 0.984007
0.02208 1.352 0.975731 0.970072 0.981389
0.0222844 1.388 0.981323 0.976828 0.985817
0.0224905 1.363 0.97916 0.974167 0.984154
0.0226986 1.355 0.980903 0.975975 0.985831
0.0229087 1.37 0.981067 0.976206 0.985928
0.0231206 1.345 0.97682 0.971468 0.982172
0.0233346 1.366 0.980031 0.975159 0.984903
0.0235505 1.351 0.977175 0.971851 0.9825
0.0237684 1.351 0.974587 0.968854 0.980321
0.0239883 1.38 0.973566 0.967806 0.979327
0.0242103 1.363 0.976311 0.970892 0.981731
0.0244343 1.358 0.975382 0.970002 0.980763
0.0246604 1.372 0.977513 0.972206 0.98282
0.0248886 1.363 0.977675 0.972496 0.982855
0.0251189 1.359 0.975117 0.969392 0.980842
0.0253513 1.373 0.976229 0.970653 0.981805
0.0255859 1.389 0.974601 0.969048 0.980153
0.0258226 1.407 0.97683 0.97149 0.98217
0.0260615 1.392 0.978416 0.973212 0.98362
0.0263027 1.426 0.975399 0.969833 0.980965
0.0265461 1.386 0.976852 0.971541 0.982163
0.0267917 1.419 0.977267 0.971993 0.982542
0.0270396 1.421 0.974585 0.969042 0.980129
0.0272898 1.417 0.977522 0.972213 0.982831
0.0275423 1.423 0.97663 0.971377 0.981883
0.0277971 1.441 0.970834 0.964722 0.976947
0.0280543 1.401 0.974832 0.969117 0.980546
0.0283139 1.425 0.972309 0.966431 0.978187
0.0285759 1.455 0.973142 0.967473 0.978811
0.0288403 1.459 0.972024 0.966265 0.977782
0.0291072 1.43 0.973123 0.967382 0.978865
0.0293765 1.469 0.972812 0.967136 0.978487
0.0296483 1.435 0.972966 0.967218 0.978714
0.0299226 1.492 0.970541 0.964773 0.976308
0.0301995 1.459 0.970551 0.964438 0.976664
0.0304789 1.477 0.968511 0.962455 0.974568
0.030761 1.447 0.974223 0.968398 0.980048
0.0310456 1.471 0.972073 0.966245 0.9779
0.0313329 1.518 0.974263 0.96911 0.979416
0.0316228 1.49 0.971426 0.965805 0.977047
0.0319154 1.488 0.97333 0.967704 0.978955
0.0322107 1.499 0.970275 0.964316 0.976235
0.0325087 1.544 0.969718 0.963704 0.975731
0.0328095 1.509 0.966693 0.96046 0.972925
0.0331131 1.525 0.965914 0.959545 0.972283
0.0334195 1.531 0.96543 0.959071 0.97179
0.0337287 1.491 0.971811 0.965916 0.977706
0.0340408 1.495 0.966928 0.960622 0.973233
0.0343558 1.561 0.968437 0.962272 0.974603
0.0346737 1.542 0.967839 0.961696 0.973983
0.0349945 1.587 0.964056 0.95773 0.970382
0.0353183 1.504 0.967402 0.961274 0.973529
0.0356451 1.57 0.95867 0.951476 0.965864
0.0359749 1.574 0.9691 0.962855 0.975344
0.0363078 1.579 0.967973 0.961793 0.974153
0.0366438 1.581 0.963627 0.956851 0.970402
0.0369828 1.557 0.964171 0.957511 0.970832
0.037325 1.567 0.968963 0.962839 0.975087
0.0376704 1.58 0.957761 0.950727 0.964795
0.0380189 1.565 0.968176 0.962143 0.974209
0.0383707 1.612 0.957795 0.950841 0.96475
0.0387258 1.585 0.960215 0.953352 0.967077
0.0390841 1.601 0.96268 0.955883 0.969478
0.0394457 1.604 0.96258 0.955774 0.969386
0.0398107 1.588 0.963229 0.956504 0.969954
0.0401791 1.644 0.959663 0.952743 0.966583
0.0405509 1.64 0.956643 0.949401 0.963885
0.0409261 1.61 0.958909 0.951839 0.965979
0.0413048 1.639 0.958446 0.951344 0.965549
0.0416869 1.638 0.966982 0.960793 0.97317
0.0420727 1.625 0.957289 0.950212 0.964366
0.042462 1.625 0.959256 0.952418 0.966095
0.0428549 1.661 0.962939 0.956339 0.96954
0.0432514 1.64 0.95592 0.948749 0.96309
0.0436516 1.648 0.949005 0.941306 0.956704
0.0440555 1.672 0.956612 0.949441 0.963782
0.0444631 1.639 0.956487 0.949087 0.963887
0.0448745 1.66 0.955611 0.948301 0.962921
0.0452898 1.716 0.953935 0.946585 0.961286
0.0457088 1.707 0.953165 0.94569 0.960641
0.0461318 1.671 0.958211 0.951039 0.965383
0.0465586 1.71 0.952802 0.945285 0.960318
0.0469894 1.694 0.955685 0.948636 0.962733
0.0474242 1.687 0.95331 0.945821 0.9608
0.047863 1.722 0.95029 0.942491 0.958089
0.0483059 1.717 0.949379 0.941575 0.957182
0.0487528 1.734 0.948753 0.940927 0.956578
0.049204 1.734 0.95637 0.949316 0.963424
0.0496592 1.774 0.950892 0.943086 0.958698
0.0501187 1.731 0.95301 0.945597 0.960423
0.0505825 1.691 0.954569 0.947362 0.961777
0.0510505 1.777 0.950756 0.943048 0.958464
0.0515229 1.77 0.943405 0.935151 0.951659
0.0519996 1.772 0.952729 0.945398 0.96006
0.0524807 1.818 0.943723 0.93583 0.951615
0.0529663 1.769 0.951635 0.944207 0.959063
0.0534564 1.804 0.944942 0.936922 0.952962
0.0539511 1.826 0.945144 0.937201 0.953086
0.0544503 1.8 0.947632 0.939871 0.955393
0.0549541 1.845 0.937042 0.928426 0.945658
0.0554626 1.825 0.954485 0.947145 0.961825
0.0559758 1.814 0.946512 0.938852 0.954172
0.0564937 1.826 0.944186 0.935976 0.952396
0.0570164 1.848 0.942669 0.93456 0.950777
0.057544 1.876 0.946861 0.939081 0.954641
0.0580764 1.861 0.940632 0.932614 0.94865
0.0586138 1.82 0.941696 0.933492 0.9499
0.0591562 1.837 0.945652 0.937781 0.953522
0.0597035 1.892 0.938787 0.930388 0.947186
0.060256 1.844 0.944699 0.936603 0.952794
0.0608135 1.849 0.943932 0.935962 0.951902
0.0613762 1.889 0.942668 0.934532 0.950805
0.0619441 1.868 0.944078 0.935845 0.952311
0.0625173 1.846 0.939538 0.931028 0.948048
0.0630957 1.926 0.938017 0.929585 0.94645
0.0636796 1.89 0.945228 0.937438 0.953017
0.0642688 1.868 0.947145 0.939457 0.954832
0.0648634 1.924 0.944025 0.935911 0.952139
0.0654636 1.981 0.935421 0.926827 0.944015
0.0660693 1.924 0.93542 0.926914 0.943925
0.0666807 1.974 0.936403 0.927914 0.944892
0.0672977 1.986 0.932425 0.92369 0.941159
0.0679204 1.984 0.935287 0.926497 0.944078
0.0685488 1.927 0.941376 0.933451 0.949302
0.0691831 1.963 0.938342 0.930003 0.94668
0.0698232 2.008 0.928194 0.919175 0.937214
0.0704693 1.961 0.932204 0.92346 0.940947
0.0711214 2.007 0.93062 0.921841 0.939399
0.0717794 2.016 0.935564 0.92732 0.943809
0.0724436 2.025 0.933662 0.925 0.942325
0.0731139 2.033 0.932503 0.923891 0.941116
0.0737904 2.048 0.917336 0.907695 0.926976
0.0744732 2.057 0.92922 0.920414 0.938026
0.0751623 2.055 0.929033 0.920041 0.938026
0.0758578 2.074 0.92304 0.913695 0.932385
0.0765597 2.014 0.922055 0.912684 0.931426
0.0772681 2.084 0.930971 0.922066 0.939877
0.077983 2.079 0.925911 0.916789 0.935032
0.0787046 2.123 0.919947 0.910463 0.929432
0.0794328 2.059 0.922149 0.912872 0.931425
0.0801678 2.089 0.919253 0.91011 0.928397
0.0809096 2.102 0.92475 0.915821 0.933679
0.0816582 2.109 0.922759 0.913616 0.931903
0.0824138 2.141 0.918457 0.909034 0.92788
0.0831764 2.106 0.915589 0.905738 0.925439
0.083946 2.139 0.920872 0.911629 0.930115
0.0847227 2.172 0.920534 0.911297 0.92977
0.0855067 2.191 0.9185 0.909113 0.927887
0.0862979 2.143 0.916653 0.906931 0.926375
0.0870964 2.153 0.918566 0.909069 0.928063
0.0879023 2.214 0.911745 0.901949 0.921542
0.0887156 2.133 0.914779 0.905029 0.924528
0.0895365 2.201 0.916812 0.907498 0.926127
0.0903649 2.197 0.914655 0.905102 0.924208
0.0912011 2.198 0.923409 0.914391 0.932426
0.092045 2.186 0.916845 0.907035 0.926655
0.0928966 2.193 0.90866 0.898619 0.918701
0.0937562 2.235 0.908061 0.898167 0.917955
0.0946237 2.212 0.914004 0.904601 0.923406
0.0954993 2.217 0.919392 0.910309 0.928474
0.0963829 2.258 0.911766 0.902199 0.921333
0.0972747 2.253 0.901048 0.890437 0.911658
0.0981748 2.269 0.914295 0.904505 0.924085
0.0990832 2.261 0.908763 0.899046 0.91848
0.1 2.294 0.908575 0.898711 0.91844
0.100925 2.312 0.902929 0.892718 0.913139
0.101859 2.312 0.902867 0.892938 0.912797
0.102802 2.299 0.911716 0.902179 0.921253
0.103753 2.35 0.903554 0.893516 0.913591
0.104713 2.329 0.899996 0.889739 0.910253
0.105682 2.342 0.899372 0.889025 0.909719
0.10666 2.284 0.903105 0.892852 0.913359
0.107647 2.335 0.898427 0.888068 0.908786
0.108643 2.316 0.893203 0.882747 0.903659
0.109648 2.353 0.889927 0.879264 0.90059
0.110662 2.34 0.900944 0.890713 0.911176
0.111686 2.404 0.884435 0.87341 0.895461
0.11272 2.335 0.904394 0.894443 0.914345
0.113763 2.383 0.90124 0.891163 0.911317
0.114815 2.393 0.892997 0.882348 0.903647
0.115878 2.421 0.892729 0.882238 0.90322
0.11695 2.426 0.88727 0.876533 0.898007
0.118032 2.419 0.892987 0.88242 0.903554
0.119124 2.406 0.894793 0.884392 0.905194
0.120226 2.397 0.894181 0.883647 0.904715
0.121339 2.431 0.890011 0.879572 0.900451
0.122462 2.431 0.884877 0.873861 0.895892
0.123595 2.42 0.885905 0.874868 0.896942
0.124738 2.472 0.885877 0.875189 0.896565
0.125893 2.495 0.882405 0.87153 0.89328
0.127057 2.423 0.892201 0.881753 0.902649
0.128233 2.491 0.88627 0.875479 0.897062
0.12942 2.499 0.87713 0.865934 0.888327
0.130617 2.506 0.876638 0.865505 0.88777
0.131826 2.51 0.883588 0.872961 0.894215
0.133045 2.524 0.879671 0.868762 0.89058
0.134276 2.483 0.877706 0.866491 0.888921
0.135519 2.55 0.879842 0.868787 0.890898
0.136773 2.566 0.875707 0.864462 0.886952
0.138038 2.55 0.866317 0.855047 0.877588
0.139316 2.535 0.874201 0.86311 0.885293
0.140605 2.537 0.873825 0.862734 0.884915
0.141906 2.585 0.876403 0.865285 0.88752
0.143219 2.584 0.859521 0.84794 0.871101
0.144544 2.565 0.869022 0.857909 0.880136
0.145881 2.623 0.874552 0.863532 0.885572
0.147231 2.61 0.866654 0.855157 0.87815
0.148594 2.602 0.875039 0.863893 0.886184
0.149968 2.625 0.855598 0.843632 0.867565
0.151356 2.568 0.869295 0.857896 0.880694
0.152757 2.61 0.863082 0.851748 0.874416
0.15417 2.612 0.858653 0.846802 0.870504
0.155597 2.638 0.859555 0.847809 0.871301
0.157036 2.634 0.859897 0.848155 0.87164
0.158489 2.639 0.858933 0.847238 0.870629
0.159956 2.679 0.84974 0.837835 0.861646
0.161436 2.653 0.860925 0.849172 0.872678
0.16293 2.655 0.855448 0.843402 0.867493
0.164437 2.693 0.834251 0.821915 0.846588
0.165959 2.655 0.853512 0.841815 0.865209
0.167494 2.667 0.86008 0.848309 0.871852
0.169044 2.661 0.854574 0.842958 0.866189
0.170608 2.712 0.853184 0.841474 0.864894
0.172187 2.676 0.853277 0.841661 0.864893
0.17378 2.677 0.85763 0.84593 0.869331
0.175388 2.74 0.839325 0.82716 0.85149
0.177011 2.702 0.831743 0.819567 0.843919
0.178649 2.702 0.83547 0.823056 0.847884
0.180302 2.722 0.849939 0.838104 0.861774
0.18197 2.746 0.843429 0.831403 0.855454
0.183654 2.747 0.837049 0.824906 0.849192
0.185353 2.709 0.84211 0.830149 0.854071
0.187068 2.74 0.846458 0.834673 0.858243
0.188799 2.76 0.83473 0.822482 0.846978
0.190546 2.778 0.830036 0.817707 0.842365
0.192309 2.768 0.841897 0.830231 0.853564
0.194089 2.787 0.827838 0.815326 0.84035
0.195884 2.777 0.844933 0.833277 0.856589
0.197697 2.757 0.822814 0.810413 0.835216
0.199526 2.767 0.823047 0.810683 0.835411
0.201372 2.806 0.822609 0.810449 0.83477
0.203236 2.808 0.824947 0.812475 0.837419
0.205116 2.82 0.815733 0.803066 0.8284
0.207014 2.796 0.830507 0.818267 0.842747
0.20893 2.825 0.814774 0.802173 0.827374
0.210863 2.807 0.816678 0.803992 0.829365
0.212814 2.838 0.820096 0.80762 0.832572
0.214783 2.82 0.816625 0.803787 0.829463
0.21677 2.848 0.81629 0.803927 0.828653
0.218776 2.836 0.802445 0.789423 0.815468
0.2208 2.852 0.797788 0.78488 0.810697
0.222844 2.811 0.819683 0.807174 0.832192
0.224905 2.86 0.79356 0.780636 0.806484
0.226986 2.862 0.806935 0.794309 0.819561
0.229087 2.842 0.801321 0.788444 0.814198
0.231206 2.851 0.811171 0.798674 0.823667
0.233346 2.855 0.805765 0.793138 0.818392
0.235505 2.878 0.79659 0.783835 0.809345
0.237684 2.892 0.79592 0.783313 0.808527
0.239883 2.868 0.802764 0.789847 0.815681
0.242103 2.879 0.802773 0.790092 0.815455
0.244343 2.882 0.799775 0.786926 0.812623
0.246604 2.88 0.796497 0.783407 0.809587
0.248886 2.878 0.796205 0.783202 0.809208
0.251189 2.891 0.789334 0.776631 0.802037
0.253513 2.889 0.797272 0.784491 0.810053
0.255859 2.899 0.790686 0.777739 0.803633
0.258226 2.898 0.782294 0.769205 0.795383
0.260615 2.916 0.787507 0.774621 0.800394
0.263027 2.915 0.78169 0.768322 0.795057
0.265461 2.912 0.782632 0.769226 0.796039
0.267917 2.919 0.774564 0.761336 0.787793
0.270396 2.918 0.77576 0.762703 0.788817
0.272898 2.925 0.781169 0.768018 0.794321
0.275423 2.915 0.781162 0.768266 0.794059
0.277971 2.925 0.791039 0.778197 0.803881
0.280543 2.922 0.788292 0.775225 0.801358
0.283139 2.937 0.764797 0.751692 0.777902
0.285759 2.937 0.746485 0.733329 0.759641
0.288403 2.946 0.757134 0.743661 0.770607
0.291072 2.91 0.777405 0.764205 0.790606
0.293765 2.941 0.769166 0.755993 0.782339
0.296483 2.941 0.758194 0.745012 0.771376
0.299226 2.955 0.757869 0.744617 0.771121
0.301995 2.942 0.755372 0.742419 0.768326
0.304789 2.94 0.750618 0.737229 0.764007
0.30761 2.96 0.742332 0.728683 0.75598
0.310456 2.956 0.76699 0.754005 0.779975
0.313329 2.95 0.752993 0.739823 0.766164
0.316228 2.965 0.742835 0.729385 0.756285
0.319154 2.958 0.747214 0.73373 0.760697
0.322107 2.958 0.750543 0.737177 0.763908
0.325087 2.969 0.741775 0.728504 0.755046
0.328095 2.965 0.742185 0.728897 0.755473
0.331131 2.949 0.745447 0.73196 0.758934
0.334195 2.96 0.736533 0.723387 0.749678
0.337287 2.963 0.75157 0.738074 0.765066
0.340408 2.975 0.733401 0.720196 0.746606
0.343558 2.972 0.730983 0.717676 0.74429
0.346737 2.976 0.742301 0.728916 0.755685
0.349945 2.983 0.716753 0.703221 0.730285
0.353183 2.978 0.728457 0.715137 0.741778
0.356451 2.974 0.721424 0.708232 0.734615
0.359749 2.978 0.729563 0.716291 0.742834
0.363078 2.968 0.722523 0.708986 0.736059
0.366438 2.985 0.731871 0.718749 0.744994
0.369828 2.98 0.713766 0.700182 0.727349
0.37325 2.981 0.709909 0.696355 0.723463
0.376704 2.983 0.729761 0.716535 0.742988
0.380189 2.979 0.723406 0.710094 0.736719
0.383707 2.984 0.72142 0.708027 0.734814
0.387258 2.991 0.710371 0.69687 0.723873
0.390841 2.985 0.711691 0.698428 0.724953
0.394457 2.979 0.710876 0.697516 0.724235
0.398107 2.992 0.70541 0.692163 0.718657
0.401791 2.978 0.707206 0.693755 0.720656
0.405509 2.988 0.69912 0.685615 0.712625
0.409261 2.982 0.690099 0.676404 0.703795
0.413048 2.987 0.696153 0.682926 0.70938
0.416869 2.991 0.699767 0.68655 0.712985
0.420727 2.992 0.698972 0.685338 0.712607
0.42462 2.993 0.692098 0.678738 0.705458
0.428549 2.991 0.700939 0.687538 0.714341
0.432514 2.99 0.690419 0.677195 0.703643
0.436516 2.993 0.686773 0.673428 0.700119
0.440555 2.994 0.680304 0.667036 0.693571
0.444631 2.992 0.680528 0.667473 0.693583
0.448745 2.993 0.697293 0.683614 0.710973
0.452898 2.996 0.680226 0.666718 0.693735
0.457088 2.996 0.668684 0.655581 0.681786
0.461318 2.995 0.690447 0.677134 0.703761
0.465586 2.998 0.677194 0.664089 0.690298
0.469894 2.992 0.660755 0.647471 0.674039
0.474242 2.998 0.667703 0.654745 0.680661
0.47863 2.998 0.67703 0.663891 0.690169
0.483059 2.998 0.662814 0.649391 0.676237
0.487528 2.999 0.65813 0.644786 0.671474
0.49204 2.993 0.665672 0.653034 0.67831
0.496592 2.998 0.657507 0.644486 0.670528
0.501187 2.998 0.661115 0.648013 0.674216
0.505825 2.998 0.652775 0.639941 0.665608
0.510505 2.998 0.649448 0.636425 0.662472
0.515229 2.999 0.66744 0.654142 0.680738
0.519996 2.996 0.646509 0.633313 0.659705
0.524807 2.995 0.660299 0.64693 0.673667
0.529663 2.999 0.658071 0.644811 0.671331
0.534564 2.996 0.64849 0.635645 0.661335
0.539511 2.998 0.64343 0.63031 0.65655
0.544503 3 0.632612 0.619818 0.645405
0.549541 2.999 0.633772 0.621134 0.64641
0.554626 2.998 0.633 0.619794 0.646207
0.559758 2.999 0.623221 0.610361 0.63608
0.564937 2.998 0.641778 0.629052 0.654504
0.570164 2.997 0.62947 0.616369 0.64257
0.57544 3 0.630814 0.618284 0.643343
0.580764 2.999 0.629526 0.616605 0.642447
0.586138 2.999 0.613672 0.601274 0.62607
0.591562 2.998 0.625177 0.612664 0.63769
0.597035 3 0.620592 0.607885 0.633299
0.60256 2.999 0.607695 0.595166 0.620224
0.608135 3 0.613229 0.600787 0.62567
0.613762 3 0.612272 0.599792 0.624752
0.619441 3 0.606284 0.594161 0.618408
0.625173 2.999 0.600174 0.58763 0.612719
0.630957 3 0.601624 0.58934 0.613908
0.636796 3 0.609691 0.596819 0.622562
0.642688 2.999 0.605565 0.593166 0.617964
0.648634 3 0.59677 0.584497 0.609043
0.654636 3 0.603529 0.591238 0.615819
0.660693 3 0.594624 0.582391 0.606857
0.666807 2.999 0.598167 0.585542 0.610792
0.672977 3 0.59745 0.585192 0.609708
0.679204 3 0.5951 0.582987 0.607214
0.685488 3 0.585484 0.573372 0.597597
0.691831 2.999 0.592483 0.580246 0.604721
0.698232 3 0.593871 0.581354 0.606387
0.704693 3 0.581736 0.569831 0.593642
0.711214 3 0.580643 0.568515 0.592771
0.717794 3 0.575343 0.563406 0.58728
0.724436 2.999 0.579683 0.567417 0.591949
0.731139 3 0.570638 0.558957 0.582318
0.737904 3 0.577022 0.565082 0.588961
0.744732 3 0.569487 0.557392 0.581583
0.751623 3 0.569073 0.557425 0.580721
0.758578 3 0.562764 0.551142 0.574385
0.765597 3 0.564824 0.553128 0.576519
0.772681 3 0.560101 0.54846 0.571742
0.77983 3 0.55936 0.548059 0.570662
0.787046 3 0.563413 0.55169 0.575135
0.794328 3 0.561448 0.550235 0.572661
0.801678 3 0.55065 0.539358 0.561943
0.809096 3 0.559649 0.548124 0.571173
0.816582 3 0.552903 0.541443 0.564363
0.824138 3 0.545637 0.534488 0.556786
0.831764 3 0.545739 0.534471 0.557007
0.83946 3 0.541353 0.530143 0.552563
0.847227 3 0.543527 0.532438 0.554616
0.855067 3 0.53846 0.527379 0.549542
0.862979 3 0.527059 0.516588 0.537529
0.870964 3 0.534487 0.523493 0.54548
0.879023 3 0.538498 0.527412 0.549584
0.887156 3 0.531213 0.520484 0.541941
0.895365 3 0.539167 0.528375 0.54996
0.903649 3 0.536394 0.525299 0.547489
0.912011 3 0.528404 0.517957 0.53885
0.92045 3 0.520761 0.510209 0.531314
0.928966 3 0.52479 0.514008 0.535572
0.937562 3 0.528904 0.518399 0.539409
0.946237 3 0.51913 0.508767 0.529494
0.954993 3 0.524069 0.513573 0.534566
0.963829 3 0.515585 0.505212 0.525957
0.972747 3 0.511615 0.501564 0.521666
0.981748 3 0.509549 0.499068 0.52003
0.990832 3 0.510284 0.499976 0.520592
1 3 0.503058 0.493123 0.512993
1.00925 3 0.509644 0.499546 0.519743
1.01859 3 0.5159 0.505786 0.526015
1.02802 3 0.498096 0.488441 0.507751
1.03753 3 0.511774 0.501587 0.521961
1.04713 3 0.497918 0.488144 0.507692
1.05682 3 0.501223 0.491342 0.511105
1.0666 3 0.496025 0.486422 0.505628
1.07647 3 0.495564 0.4861 0.505028
1.08643 3 0.492654 0.483532 0.501777
1.09648 3 0.499244 0.489277 0.509211
1.10662 3 0.488477 0.479319 0.497634
1.11686 3 0.492855 0.4835 0.50221
1.1272 3 0.484579 0.475577 0.493581
1.13763 3 0.483399 0.474247 0.49255
1.14815 3 0.487632 0.478164 0.497101
1.15878 3 0.485649 0.476501 0.494798
1.1695 3 0.48227 0.473384 0.491156
1.18032 3 0.479771 0.470875 0.488668
1.19124 3 0.478447 0.469439 0.487456
1.20226 3 0.472347 0.463862 0.480832
1.21339 3 0.479614 0.470688 0.488539
1.22462 3 0.481598 0.472754 0.490443
1.23595 3 0.465294 0.456806 0.473782
1.24738 3 0.471379 0.462604 0.480154
1.25893 3 0.471404 0.462825 0.479983
1.27057 3 0.467662 0.459222 0.476102
1.28233 3 0.453086 0.445184 0.460989
1.2942 3 0.474357 0.465589 0.483124
1.30617 3 0.458415 0.450144 0.466686
1.31826 3 0.465675 0.457584 0.473765
1.33045 3 0.459231 0.4514 0.467062
1.34276 3 0.458982 0.450696 0.467269
1.35519 3 0.448318 0.440674 0.455963
1.36773 3 0.458596 0.45058 0.466611
1.38038 3 0.445574 0.438409 0.452739
1.39316 3 0.448614 0.440848 0.45638
1.40605 3 0.451807 0.443603 0.460011
1.41906 3 0.44343 0.436143 0.450716
1.43219 3 0.447045 0.439315 0.454776
1.44544 3 0.451102 0.443329 0.458876
1.45881 3 0.448454 0.440738 0.456171
1.47231 3 0.441226 0.433917 0.448535
1.48594 3 0.442417 0.435313 0.449521
1.49968 3 0.441708 0.434447 0.448969
1.51356 3 0.436232 0.429284 0.44318
1.52757 3 0.436023 0.429176 0.44287
1.5417 3 0.439778 0.432531 0.447025
1.55597 3 0.435179 0.427962 0.442395
1.57036 3 0.427752 0.421004 0.434499
1.58489 3 0.433738 0.426761 0.440715
1.59956 3 0.432144 0.425138 0.439151
1.61436 3 0.430456 0.423465 0.437447
1.6293 3 0.424885 0.418489 0.431281
1.64437 3 0.424071 0.417856 0.430286
1.65959 3 0.427821 0.420877 0.434765
1.67494 3 0.421803 0.415441 0.428165
1.69044 3 0.419223 0.413053 0.425393
1.70608 3 0.419963 0.413715 0.42621
1.72187 3 0.4186 0.41266 0.424539
1.7378 3 0.420847 0.414316 0.427377
1.75388 3 0.425547 0.418838 0.432256
1.77011 3 0.421044 0.414686 0.427402
1.78649 3 0.421285 0.414837 0.427733
1.80302 3 0.417297 0.411135 0.423458
1.8197 3 0.417325 0.411236 0.423414
1.83654 3 0.413295 0.407331 0.41926
1.85353 3 0.416749 0.410606 0.422892
1.87068 3 0.416965 0.411353 0.422577
1.88799 3 0.407356 0.402127 0.412585
1.90546 3 0.410483 0.404692 0.416273
1.92309 3 0.408425 0.402624 0.414226
1.94089 3 0.407063 0.401759 0.412368
1.95884 3 0.399474 0.394432 0.404516
1.97697 3 0.40602 0.400708 0.411333
1.99526 3 0.404926 0.399346 0.410506
2.01372 3 0.405638 0.400288 0.410987
2.03236 3 0.406031 0.400297 0.411765
2.05116 3 0.394864 0.389956 0.399772
2.07014 3 0.400296 0.394981 0.405611
2.0893 3 0.400068 0.395011 0.405126
2.10863 3 0.40335 0.397955 0.408746
2.12814 3 0.396654 0.391892 0.401417
2.14783 3 0.396055 0.391169 0.400942
2.1677 3 0.392403 0.387694 0.397112
2.18776 3 0.391991 0.387273 0.39671
2.208 3 0.395276 0.390455 0.400096
2.22844 3 0.391053 0.38613 0.395976
2.24905 3 0.389228 0.38499 0.393467
2.26986 3 0.39308 0.388234 0.397926
2.29087 3 0.389645 0.385209 0.394082
2.31206 3 0.389409 0.384875 0.393943
2.33346 3 0.384853 0.380679 0.389028
2.35505 3 0.386449 0.382631 0.390267
2.37684 3 0.387244 0.383094 0.391393
2.39883 3 0.387715 0.383394 0.392036
2.42103 3 0.387868 0.383504 0.392233
2.44343 3 0.382823 0.379049 0.386597
2.46604 3 0.381703 0.377736 0.385669
2.48886 3 0.381114 0.377308 0.38492
2.51189 3 0.379082 0.375371 0.382792
2.53513 3 0.380691 0.376819 0.384563
2.55859 3 0.384203 0.380045 0.388361
2.58226 3 0.377241 0.373488 0.380994
2.60615 3 0.38114 0.377127 0.385154
2.63027 3 0.379326 0.375437 0.383215
2.65461 3 0.37605 0.372463 0.379637
2.67917 3 0.378556 0.374686 0.382426
2.70396 3 0.372502 0.369345 0.375658
2.72898 3 0.378122 0.374295 0.381949
2.75423 3 0.373988 0.370579 0.377397
2.77971 3 0.372831 0.369576 0.376085
2.80543 3 0.372501 0.369234 0.375768
2.83139 3 0.373451 0.370196 0.376707
2.85759 3 0.37196 0.368763 0.375158
2.88403 3 0.372406 0.369263 0.37555
2.91072 3 0.368944 0.366032 0.371857
2.93765 3 0.368972 0.366022 0.371922
2.96483 3 0.369164 0.366037 0.372291
2.99226 3 0.368955 0.365784 0.372126
3.01995 3 0.368723 0.365455 0.371991
3.04789 3 0.368043 0.365253 0.370832
3.0761 3 0.367846 0.364801 0.370891
3.10456 3 0.366026 0.363242 0.368809
3.13329 3 0.367969 0.364785 0.371154
3.16228 3 0.366423 0.363323 0.369523
3.19154 3 0.363432 0.360981 0.365882
3.22107 3 0.362703 0.360298 0.365107
3.25087 3 0.36555 0.362839 0.36826
3.28095 3 0.365419 0.362552 0.368286
3.31131 3 0.363607 0.361058 0.366156
3.34195 3 0.363765 0.361128 0.366402
3.37287 3 0.360924 0.358613 0.363235
3.40408 3 0.361916 0.359389 0.364443
3.43558 3 0.363031 0.360476 0.365587
3.46737 3 0.360036 0.357798 0.362275
3.49945 3 0.362091 0.359567 0.364615
3.53183 3 0.359438 0.357201 0.361675
3.56451 3 0.360148 0.357652 0.362644
3.59749 3 0.360594 0.358124 0.363064
3.63078 3 0.35974 0.357519 0.361961
3.66438 3 0.356788 0.354969 0.358606
3.69828 3 0.359681 0.357353 0.362009
3.7325 3 0.356567 0.354688 0.358446
3.76704 3 0.356024 0.354219 0.357829
3.80189 3 0.354884 0.353047 0.35672
3.83707 3 0.356235 0.354172 0.358299
3.87258 3 0.355876 0.353953 0.3578
3.90841 3 0.356149 0.354169 0.35813
3.94457 3 0.355884 0.353856 0.357912
3.98107 3 0.353239 0.351483 0.354996
4.01791 3 0.3556 0.353473 0.357727
4.05509 3 0.354205 0.352442 0.355968
4.09261 3 0.353454 0.351647 0.355261
4.13048 3 0.351145 0.349657 0.352633
4.16869 3 0.352324 0.35065 0.353998
4.20727 3 0.354124 0.352262 0.355987
4.2462 3 0.353486 0.351817 0.355156
4.28549 3 0.353824 0.351969 0.355679
4.32514 3 0.35287 0.351116 0.354623
4.36516 3 0.352116 0.350213 0.354019
4.40555 3 0.350901 0.349299 0.352504
4.44631 3 0.350955 0.349396 0.352515
4.48745 3 0.351145 0.349541 0.352749
4.52898 3 0.350882 0.349268 0.352496
4.57088 3 0.348426 0.347145 0.349707
4.61318 3 0.349813 0.348199 0.351426
4.65586 3 0.348655 0.347285 0.350026
4.69894 3 0.348653 0.347339 0.349967
4.74242 3 0.349121 0.347728 0.350515
4.7863 3 0.347899 0.346639 0.349159
4.83059 3 0.347175 0.346 0.348349
4.87528 3 0.348883 0.347322 0.350445
4.9204 3 0.347233 0.345932 0.348534
4.96592 3 0.347086 0.345901 0.348271
5.01187 3 0.347279 0.346019 0.348539
5.05825 3 0.347022 0.345749 0.348295
5.10505 3 0.346278 0.344905 0.347651
5.15229 3 0.347397 0.345741 0.349053
5.19996 3 0.346368 0.344831 0.347904
5.24807 3 0.345663 0.344528 0.346799
5.29663 3 0.345865 0.344615 0.347116
5.34564 3 0.345409 0.344351 0.346467
5.39511 3 0.345004 0.343937 0.346072
5.44503 3 0.346143 0.344989 0.347298
5.49541 3 0.344615 0.343659 0.345572
5.54626 3 0.34491 0.343768 0.346051
5.59758 3 0.344547 0.343562 0.345531
5.64937 3 0.344541 0.343536 0.345546
5.70164 3 0.343797 0.342935 0.344659
5.7544 3 0.344189 0.343118 0.34526
5.80764 3 0.34481 0.343724 0.345896
5.86138 3 0.343289 0.342331 0.344247
5.91562 3 0.344208 0.34324 0.345177
5.97035 3 0.343298 0.342336 0.34426
6.0256 3 0.344026 0.343088 0.344964
6.08135 3 0.342581 0.341815 0.343348
6.13762 3 0.343397 0.342276 0.344518
6.19441 3 0.343229 0.342178 0.344281
6.25173 3 0.342325 0.341549 0.343101
6.30957 3 0.342615 0.341696 0.343534
6.36796 3 0.342621 0.341743 0.343499
6.42688 3 0.342342 0.341438 0.343246
6.48634 3 0.341288 0.340557 0.342019
6.54636 3 0.341985 0.341222 0.342749
6.60693 3 0.341427 0.340697 0.342157
6.66807 3 0.341693 0.340898 0.342488
6.72977 3 0.341621 0.340842 0.342401
6.79204 3 0.341045 0.340367 0.341723
6.85488 3 0.34092 0.340308 0.341532
6.91831 3 0.340643 0.34002 0.341266
6.98232 3 0.34039 0.339781 0.340999
7.04693 3 0.340292 0.339677 0.340907
7.11214 3 0.340637 0.339919 0.341356
7.17794 3 0.339478 0.338911 0.340045
7.24436 3 0.339599 0.339062 0.340137
7.31139 3 0.340353 0.339636 0.34107
7.37904 3 0.340002 0.339428 0.340576
7.44732 3 0.339875 0.339295 0.340454
7.51623 3 0.339645 0.339055 0.340235
7.58578 3 0.340016 0.33935 0.340682
7.65597 3 0.339064 0.338596 0.339532
7.72681 3 0.339362 0.338782 0.339942
7.7983 3 0.339305 0.338769 0.339841
7.87046 3 0.338771 0.33828 0.339263
7.94328 3 0.338895 0.338391 0.339399
8.01678 3 0.339041 0.338529 0.339554
8.09096 3 0.338711 0.338218 0.339205
8.16582 3 0.338607 0.338093 0.339121
8.24138 3 0.338923 0.338407 0.339438
8.31764 3 0.338472 0.337941 0.339003
8.3946 3 0.33867 0.338171 0.339169
8.47227 3 0.338144 0.337689 0.3386
8.55067 3 0.338541 0.338027 0.339056
8.62979 3 0.33807 0.337607 0.338533
8.70964 3 0.338476 0.337934 0.339019
8.79023 3 0.338045 0.337607 0.338484
8.87156 3 0.337566 0.337187 0.337945
8.95365 3 0.337584 0.337208 0.337959
9.03649 3 0.337815 0.3374 0.338229
9.12011 3 0.337612 0.337187 0.338037
9.2045 3 0.337606 0.337169 0.338042
9.28966 3 0.337092 0.336724 0.33746
9.37562 3 0.337528 0.337143 0.337913
9.46237 3 0.33737 0.337 0.337739
9.54993 3 0.337403 0.337053 0.337754
9.63829 3 0.337474 0.337042 0.337906
9.72747 3 0.337289 0.336933 0.337646
9.81748 3 0.337206 0.336862 0.337549
9.90832 3 0.337134 0.336791 0.337477
10 3 0.3373 0.336876 0.337724
10.0925 3 0.336775 0.336437 0.337112
10.1859 3 0.337232 0.336806 0.337659
10.2802 3 0.336725 0.336375 0.337075
10.3753 3 0.336767 0.336457 0.337077
10.4713 3 0.336565 0.336211 0.33692
10.5682 3 0.336507 0.336226 0.336789
10.666 3 0.336252 0.336003 0.3365
10.7647 3 0.336623 0.336287 0.336959
10.8643 3 0.33646 0.336145 0.336775
10.9648 3 0.336357 0.336024 0.336691
11.0662 3 0.336093 0.335832 0.336355
11.1686 3 0.336023 0.335782 0.336263
11.272 3 0.336097 0.335835 0.336358
11.3763 3 0.336205 0.335948 0.336462
11.4815 3 0.336041 0.335788 0.336294
11.5878 3 0.336174 0.335881 0.336467
11.695 3 0.335986 0.335718 0.336255
11.8032 3 0.336006 0.335738 0.336275
11.9124 3 0.335833 0.335624 0.336042
12.0226 3 0.335971 0.335716 0.336226
12.1339 3 0.335819 0.335595 0.336043
12.2462 3 0.335701 0.335474 0.335929
12.3595 3 0.335692 0.335454 0.335931
12.4738 3 0.335767 0.335548 0.335986
12.5893 3 0.335836 0.335574 0.336099
12.7057 3 0.335593 0.335371 0.335815
12.8233 3 0.335462 0.33526 0.335663
12.942 3 0.335534 0.335324 0.335745
13.0617 3 0.33555 0.335343 0.335757
13.1826 3 0.335256 0.335084 0.335427
13.3045 3 0.335413 0.335224 0.335603
13.4276 3 0.335355 0.335172 0.335537
13.5519 3 0.335344 0.335152 0.335535
13.6773 3 0.335317 0.335129 0.335506
13.8038 3 0.335318 0.335149 0.335488
13.9316 3 0.335221 0.335054 0.335389
14.0605 3 0.335145 0.334978 0.335311
14.1906 3 0.33521 0.335038 0.335382
14.3219 3 0.335143 0.334958 0.335329
14.4544 3 0.335031 0.334871 0.335191
14.5881 3 0.335134 0.334962 0.335305
14.7231 3 0.335071 0.334914 0.335228
14.8594 3 0.334977 0.334831 0.335123
14.9968 3 0.335081 0.334899 0.335263
15.1356 3 0.334949 0.334803 0.335094
15.2757 3 0.334821 0.334672 0.33497
15.417 3 0.334903 0.334769 0.335038
15.5597 3 0.33492 0.334772 0.335069
15.7036 3 0.33473 0.334591 0.334869
15.8489 3 0.334811 0.334684 0.334939
15.9956 3 0.334741 0.3346 0.334882
16.1436 3 0.33479 0.334646 0.334933
16.293 3 0.334796 0.33466 0.334932
16.4437 3 0.334625 0.334518 0.334733
16.5959 3 0.334652 0.334522 0.334783
16.7494 3 0.334628 0.334509 0.334747
16.9044 3 0.33454 0.334428 0.334653
17.0608 3 0.334574 0.334455 0.334693
17.2187 3 0.334645 0.334528 0.334763
17.378 3 0.334536 0.334423 0.334648
17.5388 3 0.334577 0.334459 0.334694
17.7011 3 0.334535 0.334425 0.334644
17.8649 3 0.334445 0.334353 0.334538
18.0302 3 0.334476 0.334361 0.33459
18.197 3 0.334456 0.334338 0.334575
18.3654 3 0.334472 0.334359 0.334585
18.5353 3 0.334447 0.334327 0.334566
18.7068 3 0.334415 0.33431 0.334521
18.8799 3 0.334383 0.334295 0.334471
19.0546 3 0.334469 0.334359 0.33458
19.2309 3 0.334267 0.334187 0.334348
19.4089 3 0.33434 0.334254 0.334427
19.5884 3 0.334237 0.334154 0.33432
19.7697 3 0.334273 0.334178 0.334369
19.9526 3 0.334199 0.334129 0.334269
20.1372 3 0.334299 0.334188 0.33441
20.3236 3 0.33419 0.334118 0.334262
20.5116 3 0.334149 0.334058 0.334239
20.7014 3 0.334157 0.334078 0.334236
20.893 3 0.334209 0.334126 0.334292
21.0863 3 0.334172 0.334093 0.33425
21.2814 3 0.334166 0.334089 0.334244
21.4783 3 0.334121 0.33405 0.334192
21.677 3 0.334096 0.334024 0.334168
21.8776 3 0.334091 0.334021 0.33416
22.08 3 0.33416 0.334057 0.334263
22.2844 3 0.334118 0.334048 0.334188
22.4905 3 0.334039 0.333969 0.334109
22.6986 3 0.334067 0.334 0.334134
22.9087 3 0.334073 0.333995 0.334151
23.1206 3 0.33404 0.333975 0.334105
23.3346 3 0.334003 0.333947 0.334058
23.5505 3 0.333987 0.333927 0.334047
23.7684 3 0.33396 0.333908 0.334012
23.9883 3 0.33395 0.333888 0.334012
24.2103 3 0.333962 0.333901 0.334022
24.4343 3 0.333994 0.333934 0.334054
24.6604 3 0.333909 0.333855 0.333962
24.8886 3 0.33394 0.333888 0.333993
25.1189 3 0.33395 0.333895 0.334004
25.3513 3 0.333917 0.333867 0.333966
25.5859 3 0.333902 0.333845 0.333958
25.8226 3 0.333876 0.333826 0.333925
26.0615 3 0.333874 0.333828 0.333921
26.3027 3 0.333911 0.333848 0.333974
26.5461 3 0.333836 0.333789 0.333883
26.7917 3 0.333891 0.333834 0.333947
27.0396 3 0.333808 0.333761 0.333856
27.2898 3 0.333815 0.333772 0.333858
27.5423 3 0.333856 0.333805 0.333907
27.7971 3 0.33386 0.333804 0.333916
28.0543 3 0.333761 0.333723 0.3338
28.3139 3 0.333793 0.33375 0.333836
28.5759 3 0.333798 0.333753 0.333843
28.8403 3 0.333791 0.333744 0.333837
29.1072 3 0.333774 0.333735 0.333814
29.3765 3 0.333762 0.333722 0.333802
29.6483 3 0.333786 0.333741 0.33383
29.9226 3 0.333733 0.333695 0.333772
30.1995 3 0.333725 0.333687 0.333764
30.4789 3 0.333729 0.333693 0.333764
30.761 3 0.333703 0.333669 0.333737
31.0456 3 0.333696 0.333663 0.33373
31.3329 3 0.333729 0.333692 0.333766
31.6228 3 0.333711 0.333676 0.333746
31.9154 3 0.333678 0.333646 0.333709
32.2107 3 0.333678 0.333646 0.333709
32.5087 3 0.333681 0.333649 0.333713
32.8095 3 0.333672 0.333637 0.333707
33.1131 3 0.333656 0.333627 0.333686
33.4195 3 0.333659 0.333628 0.333689
33.7287 3 0.333664 0.333633 0.333694
34.0408 3 0.333655 0.333624 0.333685
34.3558 3 0.333637 0.333612 0.333662
34.6737 3 0.333638 0.333608 0.333667
34.9945 3 0.333629 0.333603 0.333655
35.3183 3 0.333661 0.333626 0.333696
35.6451 3 0.333632 0.333604 0.33366
35.9749 3 0.333607 0.333581 0.333632
36.3078 3 0.333607 0.333581 0.333634
36.6438 3 0.333618 0.333591 0.333645
36.9828 3 0.333595 0.33357 0.33362
37.325 3 0.333598 0.333575 0.333621
37.6704 3 0.333587 0.333561 0.333613
38.0189 3 0.333577 0.333555 0.3336
38.3707 3 0.333602 0.333577 0.333627
38.7258 3 0.333588 0.333566 0.333611
39.0841 3 0.333556 0.333534 0.333577
39.4457 3 0.333564 0.333542 0.333586
39.8107 3 0.333567 0.333545 0.33359
40.1791 3 0.333542 0.333524 0.333559
40.5509 3 0.333553 0.33353 0.333576
40.9261 3 0.333544 0.333524 0.333563
41.3048 3 0.333534 0.333516 0.333551
41.6869 3 0.333553 0.33353 0.333575
42.0727 3 0.333559 0.333534 0.333584
42.462 3 0.333529 0.33351 0.333548
42.8549 3 0.333524 0.333507 0.333541
43.2514 3 0.333549 0.333527 0.33357
43.6516 3 0.333537 0.333518 0.333555
44.0555 3 0.333523 0.333506 0.333539
44.4631 3 0.333528 0.33351 0.333545
44.8745 3 0.333523 0.333502 0.333544
45.2898 3 0.333526 0.333508 0.333544
45.7088 3 0.33351 0.333493 0.333527
46.1318 3 0.3335 0.333483 0.333517
46.5586 3 0.333503 0.333482 0.333523
46.9894 3 0.333503 0.333488 0.333518
47.4242 3 0.333504 0.333484 0.333523
47.863 3 0.33349 0.333476 0.333505
48.3059 3 0.33348 0.333466 0.333494
48.7528 3 0.333484 0.333471 0.333497
49.204 3 0.333501 0.333486 0.333516
49.6592 3 0.333484 0.33347 0.333499
50.1187 3 0.33349 0.333475 0.333505
50.5825 3 0.333485 0.33347 0.3335
51.0505 3 0.333481 0.333466 0.333496
51.5229 3 0.333479 0.333466 0.333493
51.9996 3 0.33347 0.333458 0.333483
52.4807 3 0.333457 0.333445 0.333469
52.9663 3 0.333465 0.333453 0.333477
53.4564 3 0.333463 0.333451 0.333475
53.9511 3 0.333457 0.333445 0.333469
54.4503 3 0.333464 0.333453 0.333475
54.9541 3 0.333452 0.333441 0.333463
55.4626 3 0.333453 0.333442 0.333463
55.9758 3 0.333448 0.333438 0.333458
56.4937 3 0.333445 0.333435 0.333454
57.0164 3 0.333442 0.333432 0.333452
57.544 3 0.333448 0.333437 0.333459
58.0764 3 0.333435 0.333426 0.333444
58.6138 3 0.333432 0.333423 0.333442
59.1562 3 0.333442 0.333432 0.333451
59.7035 3 0.333439 0.333428 0.333449
60.256 3 0.333428 0.333419 0.333437
60.8135 3 0.333438 0.333428 0.333448
61.3762 3 0.333435 0.333425 0.333444
61.9441 3 0.33343 0.333421 0.333439
62.5173 3 0.333433 0.333424 0.333442
63.0957 3 0.333421 0.333413 0.333429
63.6796 3 0.33343 0.33342 0.333439
64.2688 3 0.333435 0.333425 0.333444
64.8634 3 0.333422 0.333413 0.333431
65.4636 3 0.333414 0.333407 0.333421
66.0693 3 0.333416 0.333409 0.333423
66.6807 3 0.333418 0.333409 0.333427
67.2977 3 0.333417 0.333409 0.333425
67.9204 3 0.333412 0.333405 0.333418
68.5488 3 0.33341 0.333403 0.333418
69.1831 3 0.33341 0.333403 0.333417
69.8232 3 0.333406 0.3334 0.333413
70.4693 3 0.333408 0.3334 0.333415
71.1214 3 0.333403 0.333397 0.333409
71.7794 3 0.333406 0.333398 0.333413
72.4436 3 0.33341 0.333402 0.333417
73.1139 3 0.333404 0.333398 0.333411
73.7904 3 0.333402 0.333396 0.333408
74.4732 3 0.333396 0.33339 0.333401
75.1623 3 0.3334 0.333393 0.333406
75.8578 3 0.333403 0.333396 0.33341
76.5597 3 0.333397 0.333392 0.333403
77.2681 3 0.333394 0.333388 0.3334
77.983 3 0.33339 0.333385 0.333395
78.7046 3 0.33339 0.333385 0.333395
79.4328 3 0.333389 0.333383 0.333394
80.1678 3 0.333392 0.333386 0.333397
80.9096 3 0.333396 0.333389 0.333403
81.6582 3 0.333387 0.333382 0.333392
82.4138 3 0.333389 0.333385 0.333394
83.1764 3 0.333389 0.333383 0.333394
83.946 3 0.333389 0.333383 0.333394
84.7227 3 0.333384 0.333379 0.33339
85.5067 3 0.333387 0.333383 0.333392
86.2979 3 0.333381 0.333377 0.333385
87.0964 3 0.333382 0.333377 0.333386
87.9023 3 0.333382 0.333378 0.333387
88.7156 3 0.333379 0.333374 0.333383
89.5365 3 0.333378 0.333374 0.333382
90.3649 3 0.33338 0.333374 0.333385
91.2011 3 0.333374 0.333371 0.333377
92.045 3 0.333372 0.333369 0.333375
92.8966 3 0.333376 0.333372 0.33338
93.7562 3 0.333381 0.333376 0.333386
94.6237 3 0.333378 0.333373 0.333382
95.4993 3 0.333373 0.333369 0.333377
96.3829 3 0.33337 0.333367 0.333373
97.2747 3 0.33337 0.333367 0.333373
98.1748 3 0.333373 0.333369 0.333378
99.0832 3 0.333373 0.333369 0.333378
