//tau lambda mean lower_bound upper_bound
0.01 1.17 0.99089 0.987366 0.994415
0.0100925 1.154 0.992456 0.989373 0.99554
0.0101859 1.157 0.989581 0.985948 0.993214
0.0102802 1.147 0.992591 0.989608 0.995573
0.0103753 1.175 0.988916 0.98526 0.992572
0.0104713 1.16 0.985833 0.981393 0.990274
0.0105682 1.169 0.989128 0.985403 0.992854
0.010666 1.187 0.989562 0.985953 0.99317
0.0107647 1.183 0.986986 0.982958 0.991013
0.0108643 1.169 0.989171 0.985516 0.992826
0.0109648 1.184 0.98877 0.985004 0.992535
0.0110662 1.195 0.987588 0.98361 0.991566
0.0111686 1.18 0.988476 0.98478 0.992171
0.011272 1.188 0.98922 0.985475 0.992964
0.0113763 1.186 0.989908 0.986283 0.993533
0.0114815 1.191 0.985964 0.981615 0.990314
0.0115878 1.17 0.986175 0.981949 0.990401
0.011695 1.184 0.989368 0.985816 0.992921
0.0118032 1.19 0.985663 0.981433 0.989894
0.0119124 1.173 0.990721 0.987437 0.994005
0.0120226 1.191 0.989017 0.98539 0.992643
0.0121339 1.16 0.988371 0.984441 0.992302
0.0122462 1.214 0.990116 0.986603 0.993628
0.0123595 1.205 0.988321 0.984403 0.992238
0.0124738 1.201 0.984564 0.980127 0.989002
0.0125893 1.186 0.99033 0.986961 0.993699
0.0127057 1.207 0.988176 0.984337 0.992016
0.0128233 1.214 0.988763 0.985081 0.992445
0.012942 1.207 0.988572 0.984955 0.992189
0.0130617 1.197 0.991224 0.987977 0.994471
0.0131826 1.212 0.988785 0.985149 0.992421
0.0133045 1.21 0.988366 0.984532 0.992199
0.0134276 1.21 0.987547 0.983847 0.991247
0.0135519 1.231 0.986353 0.982471 0.990234
0.0136773 1.22 0.985997 0.981774 0.990219
0.0138038 1.203 0.988075 0.984078 0.992072
0.0139316 1.224 0.984538 0.979937 0.989139
0.0140605 1.255 0.985391 0.981079 0.989703
0.0141906 1.218 0.987712 0.983696 0.991729
0.0143219 1.222 0.987531 0.983675 0.991387
0.0144544 1.22 0.985428 0.981204 0.989652
0.0145881 1.262 0.984455 0.979921 0.988988
0.0147231 1.221 0.988636 0.985213 0.99206
0.0148594 1.242 0.985326 0.981026 0.989627
0.0149968 1.227 0.987243 0.983334 0.991153
0.0151356 1.231 0.983409 0.978826 0.987992
0.0152757 1.261 0.984651 0.980027 0.989275
0.015417 1.226 0.986944 0.982912 0.990975
0.0155597 1.264 0.984747 0.980446 0.989049
0.0157036 1.26 0.983231 0.97852 0.987942
0.0158489 1.249 0.982468 0.977479 0.987456
0.0159956 1.253 0.985458 0.981092 0.989825
0.0161436 1.24 0.985005 0.980937 0.989073
0.016293 1.253 0.983076 0.978562 0.987589
0.0164437 1.276 0.983335 0.978948 0.987723
0.0165959 1.266 0.986354 0.982399 0.990309
0.0167494 1.28 0.981435 0.976567 0.986302
0.0169044 1.271 0.984799 0.98067 0.988929
0.0170608 1.261 0.982167 0.977212 0.987121
0.0172187 1.282 0.983566 0.979121 0.98801
0.017378 1.257 0.982216 0.977195 0.987237
0.0175388 1.291 0.98323 0.978549 0.987911
0.0177011 1.288 0.985762 0.981656 0.989869
0.0178649 1.248 0.986474 0.982419 0.990528
0.0180302 1.302 0.980216 0.975394 0.985038
0.018197 1.289 0.986154 0.98203 0.990278
0.0183654 1.272 0.985014 0.980896 0.989133
0.0185353 1.291 0.979087 0.973867 0.984307
0.0187068 1.267 0.984023 0.979634 0.988412
0.0188799 1.302 0.981638 0.976993 0.986284
0.0190546 1.301 0.985466 0.981276 0.989655
0.0192309 1.306 0.98091 0.975917 0.985903
0.0194089 1.311 0.980582 0.975643 0.985521
0.0195884 1.301 0.982425 0.977932 0.986919
0.0197697 1.311 0.982086 0.977476 0.986695
0.0199526 1.322 0.976289 0.970653 0.981924
0.0201372 1.317 0.983532 0.979253 0.987812
0.0203236 1.331 0.978411 0.973257 0.983565
0.0205116 1.327 0.98021 0.975326 0.985094
0.0207014 1.31 0.984725 0.980537 0.988914
0.020893 1.327 0.985843 0.981774 0.989911
0.0210863 1.323 0.97854 0.973175 0.983904
0.0212814 1.325 0.978955 0.973826 0.984083
0.0214783 1.348 0.976157 0.970643 0.981671
0.021677 1.346 0.982649 0.978176 0.987122
0.0218776 1.332 0.981024 0.976262 0.985786
0.02208 1.359 0.977281 0.972142 0.98242
0.0222844 1.349 0.976744 0.971205 0.982283
0.0224905 1.352 0.978454 0.973557 0.983351
0.0226986 1.338 0.980575 0.975525 0.985625
0.0229087 1.342 0.978868 0.973585 0.98415
0.0231206 1.356 0.982555 0.97816 0.986949
0.0233346 1.372 0.981033 0.976143 0.985922
0.0235505 1.387 0.976119 0.970568 0.981671
0.0237684 1.399 0.969941 0.963793 0.976089
0.0239883 1.373 0.978335 0.973013 0.983658
0.0242103 1.394 0.970535 0.964437 0.976633
0.0244343 1.399 0.977043 0.971812 0.982273
0.0246604 1.416 0.967157 0.960616 0.973698
0.0248886 1.401 0.976654 0.971337 0.981972
0.0251189 1.41 0.972829 0.966966 0.978693
0.0253513 1.398 0.974349 0.968705 0.979994
0.0255859 1.407 0.970496 0.964457 0.976535
0.0258226 1.417 0.977583 0.972565 0.982601
0.0260615 1.388 0.974724 0.969341 0.980108
0.0263027 1.4 0.973475 0.967811 0.979138
0.0265461 1.417 0.969641 0.963516 0.975767
0.0267917 1.43 0.974376 0.968891 0.97986
0.0270396 1.465 0.968585 0.962295 0.974876
0.0272898 1.398 0.977022 0.97193 0.982114
0.0275423 1.447 0.968269 0.962002 0.974537
0.0277971 1.457 0.970058 0.964049 0.976067
0.0280543 1.452 0.972052 0.966217 0.977887
0.0283139 1.441 0.978734 0.973762 0.983706
0.0285759 1.435 0.974961 0.969571 0.980352
0.0288403 1.415 0.974425 0.968906 0.979945
0.0291072 1.436 0.971992 0.965979 0.978005
0.0293765 1.432 0.96795 0.96161 0.974289
0.0296483 1.432 0.975249 0.970086 0.980412
0.0299226 1.488 0.96995 0.9638 0.976099
0.0301995 1.457 0.967846 0.961479 0.974214
0.0304789 1.443 0.968508 0.962256 0.974759
0.030761 1.454 0.975305 0.969926 0.980685
0.0310456 1.502 0.967954 0.961724 0.974183
0.0313329 1.471 0.971361 0.965607 0.977115
0.0316228 1.504 0.959234 0.952239 0.966229
0.0319154 1.489 0.963012 0.956277 0.969748
0.0322107 1.49 0.96768 0.961497 0.973864
0.0325087 1.475 0.970927 0.964873 0.976981
0.0328095 1.495 0.968156 0.961941 0.97437
0.0331131 1.527 0.967164 0.961041 0.973288
0.0334195 1.493 0.96856 0.962455 0.974665
0.0337287 1.483 0.967589 0.961356 0.973823
0.0340408 1.537 0.964159 0.957609 0.970709
0.0343558 1.564 0.96718 0.960799 0.97356
0.0346737 1.515 0.968871 0.962908 0.974833
0.0349945 1.577 0.964625 0.95805 0.971201
0.0353183 1.518 0.972944 0.967234 0.978653
0.0356451 1.594 0.962593 0.955851 0.969334
0.0359749 1.601 0.961613 0.954686 0.96854
0.0363078 1.538 0.965174 0.958467 0.97188
0.0366438 1.587 0.961454 0.954683 0.968225
0.0369828 1.592 0.966982 0.960831 0.973133
0.037325 1.538 0.962709 0.955963 0.969456
0.0376704 1.581 0.959304 0.952371 0.966238
0.0380189 1.593 0.960327 0.9535 0.967154
0.0383707 1.587 0.965657 0.959113 0.9722
0.0387258 1.586 0.961689 0.95501 0.968367
0.0390841 1.576 0.968581 0.962574 0.974587
0.0394457 1.619 0.961761 0.955008 0.968514
0.0398107 1.617 0.967286 0.961181 0.973392
0.0401791 1.605 0.964136 0.957524 0.970747
0.0405509 1.622 0.962641 0.955965 0.969316
0.0409261 1.625 0.955636 0.94824 0.963033
0.0413048 1.626 0.961883 0.955237 0.968528
0.0416869 1.637 0.95698 0.949778 0.964182
0.0420727 1.616 0.962123 0.955436 0.968809
0.042462 1.649 0.954711 0.947463 0.961959
0.0428549 1.654 0.958599 0.951604 0.965594
0.0432514 1.634 0.955025 0.947784 0.962266
0.0436516 1.653 0.957053 0.949918 0.964189
0.0440555 1.646 0.960107 0.953306 0.966907
0.0444631 1.682 0.961191 0.954498 0.967885
0.0448745 1.651 0.957532 0.950304 0.96476
0.0452898 1.676 0.945467 0.937199 0.953734
0.0457088 1.677 0.955989 0.948849 0.963129
0.0461318 1.704 0.952694 0.945123 0.960265
0.0465586 1.705 0.95688 0.949743 0.964016
0.0469894 1.72 0.953569 0.946162 0.960975
0.0474242 1.749 0.95432 0.947099 0.96154
0.047863 1.754 0.953225 0.945845 0.960605
0.0483059 1.701 0.952609 0.945063 0.960154
0.0487528 1.748 0.95249 0.944984 0.959995
0.049204 1.752 0.952702 0.945496 0.959908
0.0496592 1.706 0.955309 0.947925 0.962693
0.0501187 1.739 0.959478 0.952805 0.966151
0.0505825 1.78 0.946996 0.939068 0.954924
0.0510505 1.779 0.949618 0.941845 0.957391
0.0515229 1.784 0.952821 0.94552 0.960122
0.0519996 1.799 0.94875 0.940914 0.956587
0.0524807 1.783 0.953772 0.946584 0.960961
0.0529663 1.755 0.957726 0.950787 0.964665
0.0534564 1.779 0.94887 0.941136 0.956604
0.0539511 1.8 0.943692 0.935497 0.951887
0.0544503 1.799 0.952629 0.945121 0.960136
0.0549541 1.771 0.942159 0.933778 0.95054
0.0554626 1.796 0.947091 0.939206 0.954975
0.0559758 1.816 0.944876 0.936708 0.953044
0.0564937 1.818 0.943354 0.935175 0.951533
0.0570164 1.892 0.942158 0.934086 0.950229
0.057544 1.81 0.945958 0.938042 0.953874
0.0580764 1.877 0.942911 0.934873 0.95095
0.0586138 1.835 0.948476 0.940966 0.955987
0.0591562 1.879 0.946567 0.938979 0.954155
0.0597035 1.852 0.939009 0.930691 0.947328
0.060256 1.828 0.950349 0.942461 0.958236
0.0608135 1.885 0.942203 0.934131 0.950274
0.0613762 1.872 0.945339 0.937505 0.953172
0.0619441 1.878 0.940847 0.932498 0.949195
0.0625173 1.882 0.941191 0.932843 0.949539
0.0630957 1.927 0.930783 0.921801 0.939764
0.0636796 1.916 0.940655 0.932392 0.948918
0.0642688 1.918 0.93931 0.931085 0.947536
0.0648634 1.922 0.932908 0.924142 0.941673
0.0654636 1.947 0.934588 0.926035 0.94314
0.0660693 1.908 0.947137 0.939492 0.954781
0.0666807 1.881 0.941265 0.933065 0.949466
0.0672977 1.952 0.940357 0.93212 0.948594
0.0679204 1.958 0.939375 0.931144 0.947607
0.0685488 1.936 0.941691 0.933583 0.9498
0.0691831 1.913 0.941099 0.932825 0.949373
0.0698232 2.024 0.934732 0.926261 0.943203
0.0704693 1.997 0.926907 0.917872 0.935942
0.0711214 2.026 0.928938 0.920175 0.937701
0.0717794 1.955 0.938581 0.930282 0.946881
0.0724436 1.998 0.934614 0.925935 0.943294
0.0731139 2.041 0.927401 0.91827 0.936531
0.0737904 2.034 0.923808 0.91459 0.933026
0.0744732 2.034 0.932621 0.924239 0.941003
0.0751623 2.072 0.926276 0.917316 0.935237
0.0758578 2.09 0.923516 0.914147 0.932885
0.0765597 2.072 0.919531 0.910032 0.929029
0.0772681 2.066 0.927429 0.918509 0.936349
0.077983 2.061 0.923584 0.914182 0.932987
0.0787046 2.047 0.926839 0.917667 0.936012
0.0794328 2.083 0.921986 0.912431 0.931541
0.0801678 2.101 0.929767 0.921094 0.93844
0.0809096 2.127 0.921167 0.911922 0.930413
0.0816582 2.139 0.917352 0.907834 0.926869
0.0824138 2.159 0.91394 0.904183 0.923696
0.0831764 2.129 0.925594 0.916255 0.934934
0.083946 2.143 0.925169 0.915987 0.934351
0.0847227 2.122 0.912677 0.903017 0.922338
0.0855067 2.206 0.916215 0.906742 0.925687
0.0862979 2.155 0.9211 0.911802 0.930398
0.0870964 2.16 0.919776 0.910515 0.929036
0.0879023 2.205 0.917632 0.908018 0.927245
0.0887156 2.205 0.918523 0.90905 0.927995
0.0895365 2.185 0.911171 0.901251 0.921091
0.0903649 2.204 0.909952 0.900149 0.919754
0.0912011 2.223 0.9119 0.902103 0.921698
0.092045 2.195 0.918028 0.908278 0.927778
0.0928966 2.215 0.915346 0.905656 0.925036
0.0937562 2.218 0.909188 0.899139 0.919236
0.0946237 2.243 0.913429 0.903765 0.923093
0.0954993 2.28 0.90836 0.898358 0.918363
0.0963829 2.237 0.90973 0.899862 0.919598
0.0972747 2.273 0.914322 0.904961 0.923683
0.0981748 2.233 0.912151 0.902447 0.921855
0.0990832 2.286 0.908451 0.898752 0.918149
0.1 2.245 0.919106 0.909872 0.92834
0.100925 2.316 0.90388 0.893568 0.914193
0.101859 2.333 0.91021 0.900594 0.919827
0.102802 2.301 0.903005 0.892972 0.913039
0.103753 2.326 0.906537 0.896347 0.916726
0.104713 2.368 0.900488 0.890503 0.910472
0.105682 2.321 0.898683 0.888275 0.90909
0.10666 2.339 0.902139 0.892024 0.912253
0.107647 2.337 0.905024 0.894993 0.915055
0.108643 2.315 0.905297 0.895276 0.915318
0.109648 2.346 0.901026 0.890896 0.911157
0.110662 2.346 0.901834 0.891595 0.912073
0.111686 2.392 0.894008 0.883401 0.904614
0.11272 2.359 0.890448 0.879713 0.901183
0.113763 2.37 0.892467 0.881954 0.90298
0.114815 2.406 0.904008 0.893877 0.91414
0.115878 2.368 0.898878 0.888829 0.908928
0.11695 2.409 0.90004 0.889787 0.910292
0.118032 2.418 0.894641 0.884156 0.905125
0.119124 2.446 0.883831 0.873157 0.894506
0.120226 2.469 0.893214 0.88275 0.903677
0.121339 2.446 0.890256 0.879582 0.90093
0.122462 2.422 0.882298 0.871399 0.893197
0.123595 2.461 0.881268 0.870219 0.892318
0.124738 2.416 0.887537 0.876527 0.898547
0.125893 2.478 0.885876 0.875011 0.89674
0.127057 2.454 0.888215 0.87768 0.898749
0.128233 2.5 0.884783 0.874027 0.895539
0.12942 2.484 0.885193 0.874272 0.896115
0.130617 2.561 0.87642 0.865246 0.887593
0.131826 2.494 0.883037 0.872223 0.893852
0.133045 2.492 0.871512 0.860145 0.882879
0.134276 2.536 0.877155 0.865929 0.888381
0.135519 2.504 0.881143 0.870241 0.892045
0.136773 2.507 0.875011 0.863831 0.886191
0.138038 2.541 0.868036 0.856845 0.879228
0.139316 2.561 0.877357 0.866353 0.88836
0.140605 2.539 0.862584 0.851204 0.873965
0.141906 2.561 0.875085 0.864048 0.886122
0.143219 2.546 0.866655 0.8553 0.878009
0.144544 2.603 0.870473 0.858916 0.88203
0.145881 2.604 0.872359 0.861342 0.883376
0.147231 2.614 0.8589 0.847239 0.870562
0.148594 2.634 0.873216 0.861959 0.884474
0.149968 2.626 0.866586 0.855217 0.877955
0.151356 2.614 0.856452 0.844705 0.8682
0.152757 2.624 0.87405 0.862824 0.885276
0.15417 2.637 0.854826 0.842961 0.866692
0.155597 2.602 0.869952 0.858746 0.881159
0.157036 2.632 0.864338 0.852992 0.875683
0.158489 2.661 0.858511 0.846799 0.870223
0.159956 2.675 0.858604 0.846831 0.870377
0.161436 2.641 0.856312 0.844396 0.868227
0.16293 2.659 0.864545 0.853095 0.875994
0.164437 2.695 0.849915 0.83824 0.86159
0.165959 2.675 0.853933 0.841809 0.866058
0.167494 2.687 0.847217 0.835219 0.859214
0.169044 2.68 0.846644 0.834677 0.858611
0.170608 2.668 0.854098 0.842271 0.865925
0.172187 2.694 0.843691 0.831665 0.855716
0.17378 2.699 0.847495 0.83573 0.85926
0.175388 2.72 0.840391 0.828198 0.852584
0.177011 2.704 0.843294 0.831131 0.855458
0.178649 2.722 0.831855 0.819573 0.844137
0.180302 2.728 0.846614 0.83497 0.858258
0.18197 2.686 0.841473 0.829223 0.853722
0.183654 2.739 0.832869 0.820657 0.845082
0.185353 2.759 0.842798 0.830954 0.854643
0.187068 2.755 0.831932 0.819432 0.844432
0.188799 2.74 0.827486 0.81495 0.840021
0.190546 2.748 0.839198 0.827159 0.851236
0.192309 2.76 0.840959 0.82886 0.853059
0.194089 2.774 0.838485 0.826484 0.850486
0.195884 2.801 0.835185 0.822991 0.847378
0.197697 2.787 0.828269 0.815796 0.840743
0.199526 2.789 0.822799 0.810283 0.835315
0.201372 2.772 0.832841 0.820746 0.844936
0.203236 2.788 0.830121 0.817656 0.842585
0.205116 2.817 0.815637 0.803208 0.828067
0.207014 2.84 0.832399 0.820066 0.844732
0.20893 2.839 0.816297 0.804097 0.828497
0.210863 2.836 0.808645 0.796134 0.821155
0.212814 2.801 0.832541 0.82069 0.844393
0.214783 2.825 0.813202 0.800671 0.825732
0.21677 2.814 0.817977 0.805658 0.830297
0.218776 2.832 0.816022 0.80362 0.828424
0.2208 2.849 0.80526 0.792433 0.818087
0.222844 2.813 0.82254 0.810243 0.834837
0.224905 2.814 0.817945 0.805144 0.830746
0.226986 2.838 0.816716 0.804232 0.8292
0.229087 2.874 0.806128 0.793416 0.81884
0.231206 2.856 0.806973 0.794274 0.819672
0.233346 2.878 0.795596 0.782544 0.808648
0.235505 2.879 0.8027 0.789866 0.815533
0.237684 2.87 0.803533 0.790845 0.816222
0.239883 2.878 0.799521 0.786553 0.812489
0.242103 2.866 0.809257 0.796521 0.821994
0.244343 2.906 0.793225 0.780495 0.805954
0.246604 2.865 0.804085 0.79145 0.816721
0.248886 2.892 0.793369 0.780478 0.80626
0.251189 2.895 0.784054 0.771068 0.797041
0.253513 2.9 0.796242 0.783375 0.809108
0.255859 2.912 0.788707 0.775737 0.801676
0.258226 2.923 0.782949 0.769789 0.796109
0.260615 2.899 0.786761 0.773919 0.799603
0.263027 2.901 0.790382 0.777264 0.8035
0.265461 2.907 0.78312 0.769933 0.796306
0.267917 2.895 0.781628 0.768379 0.794876
0.270396 2.913 0.779604 0.76685 0.792358
0.272898 2.935 0.784958 0.771794 0.798122
0.275423 2.928 0.778885 0.765672 0.792099
0.277971 2.926 0.785829 0.77316 0.798497
0.280543 2.937 0.784751 0.771733 0.797769
0.283139 2.933 0.785266 0.772231 0.798302
0.285759 2.931 0.76383 0.750523 0.777137
0.288403 2.931 0.779828 0.767 0.792656
0.291072 2.949 0.767418 0.754287 0.78055
0.293765 2.927 0.775426 0.762135 0.788716
0.296483 2.936 0.75846 0.745581 0.771338
0.299226 2.937 0.765763 0.752745 0.778781
0.301995 2.945 0.760292 0.747003 0.773582
0.304789 2.945 0.758478 0.745386 0.77157
0.30761 2.953 0.769437 0.756274 0.782599
0.310456 2.953 0.752892 0.739502 0.766282
0.313329 2.942 0.76535 0.752084 0.778615
0.316228 2.958 0.747454 0.734089 0.76082
0.319154 2.962 0.759489 0.746278 0.7727
0.322107 2.959 0.743552 0.730356 0.756747
0.325087 2.968 0.741191 0.727933 0.754449
0.328095 2.962 0.746386 0.73299 0.759782
0.331131 2.977 0.745371 0.732111 0.758631
0.334195 2.967 0.741604 0.728284 0.754923
0.337287 2.963 0.74447 0.731315 0.757625
0.340408 2.979 0.742499 0.729155 0.755843
0.343558 2.958 0.738063 0.724776 0.751349
0.346737 2.965 0.733353 0.719878 0.746828
0.349945 2.978 0.725579 0.712229 0.73893
0.353183 2.963 0.731025 0.717644 0.744405
0.356451 2.982 0.731931 0.718779 0.745082
0.359749 2.981 0.705745 0.692434 0.719056
0.363078 2.983 0.735345 0.721999 0.748692
0.366438 2.987 0.726776 0.713403 0.74015
0.369828 2.983 0.722362 0.709068 0.735655
0.37325 2.978 0.717774 0.704253 0.731295
0.376704 2.983 0.714462 0.700977 0.727948
0.380189 2.981 0.716148 0.702608 0.729688
0.383707 2.981 0.717243 0.70395 0.730535
0.387258 2.983 0.711754 0.698398 0.725111
0.390841 2.991 0.714847 0.70149 0.728204
0.394457 2.98 0.710105 0.696621 0.723589
0.398107 2.992 0.696075 0.682698 0.709453
0.401791 2.987 0.703814 0.690645 0.716983
0.405509 2.986 0.705065 0.691743 0.718387
0.409261 2.994 0.698499 0.685285 0.711713
0.413048 2.983 0.687348 0.674091 0.700605
0.416869 2.992 0.706449 0.693069 0.71983
0.420727 2.99 0.70417 0.690599 0.71774
0.42462 2.992 0.6754 0.661953 0.688847
0.428549 2.988 0.703861 0.690532 0.717191
0.432514 2.992 0.698666 0.685339 0.711992
0.436516 2.996 0.697179 0.683933 0.710426
0.440555 2.991 0.681545 0.668245 0.694846
0.444631 2.988 0.688979 0.675668 0.702289
0.448745 2.995 0.681663 0.668335 0.694991
0.452898 2.989 0.690314 0.677215 0.703413
0.457088 2.996 0.66755 0.654382 0.680719
0.461318 2.995 0.676992 0.663643 0.690341
0.465586 2.997 0.678777 0.665761 0.691792
0.469894 2.994 0.667031 0.653722 0.68034
0.474242 2.995 0.665972 0.652644 0.6793
0.47863 2.995 0.66021 0.647256 0.673164
0.483059 2.993 0.674472 0.660918 0.688025
0.487528 2.989 0.667736 0.654466 0.681006
0.49204 2.996 0.652174 0.639035 0.665313
0.496592 2.995 0.656163 0.643006 0.669321
0.501187 2.991 0.658818 0.645459 0.672177
0.505825 2.997 0.667354 0.654255 0.680453
0.510505 3 0.655796 0.642808 0.668784
0.515229 2.999 0.643507 0.630324 0.65669
0.519996 2.996 0.649331 0.636275 0.662388
0.524807 2.997 0.650477 0.637318 0.663636
0.529663 2.999 0.641694 0.628308 0.65508
0.534564 2.999 0.649968 0.636763 0.663174
0.539511 3 0.638212 0.625171 0.651253
0.544503 2.999 0.645306 0.63258 0.658031
0.549541 2.999 0.638694 0.625489 0.651898
0.554626 2.997 0.63559 0.622912 0.648267
0.559758 2.999 0.636749 0.623713 0.649785
0.564937 2.998 0.650835 0.637526 0.664143
0.570164 3 0.641114 0.628323 0.653905
0.57544 3 0.635318 0.622517 0.648119
0.580764 2.998 0.62695 0.613942 0.639958
0.586138 3 0.619688 0.607142 0.632234
0.591562 2.998 0.625824 0.612858 0.63879
0.597035 2.998 0.61611 0.603507 0.628714
0.60256 2.999 0.628702 0.615865 0.641539
0.608135 3 0.615901 0.603535 0.628268
0.613762 2.999 0.615682 0.603049 0.628316
0.619441 3 0.623279 0.610648 0.63591
0.625173 3 0.603474 0.591094 0.615854
0.630957 3 0.608276 0.596003 0.620549
0.636796 3 0.601202 0.588893 0.613512
0.642688 3 0.609891 0.597561 0.622221
0.648634 2.999 0.585614 0.573507 0.59772
0.654636 2.999 0.59948 0.587298 0.611663
0.660693 3 0.588359 0.576424 0.600293
0.666807 3 0.599123 0.586953 0.611293
0.672977 3 0.588674 0.576635 0.600714
0.679204 3 0.585491 0.573511 0.597472
0.685488 2.998 0.601967 0.589531 0.614403
0.691831 3 0.581577 0.569687 0.593467
0.698232 3 0.582423 0.57038 0.594466
0.704693 3 0.592569 0.580414 0.604723
0.711214 3 0.592836 0.580437 0.605235
0.717794 3 0.578264 0.566429 0.590099
0.724436 3 0.589369 0.577216 0.601521
0.731139 3 0.585152 0.573009 0.597294
0.737904 3 0.578367 0.56636 0.590374
0.744732 3 0.565949 0.554267 0.577631
0.751623 2.999 0.570313 0.558594 0.582032
0.758578 3 0.567659 0.556088 0.57923
0.765597 3 0.564207 0.552541 0.575874
0.772681 3 0.559804 0.548322 0.571285
0.77983 3 0.559818 0.548337 0.571299
0.787046 3 0.565237 0.553653 0.576822
0.794328 3 0.549913 0.539014 0.560813
0.801678 3 0.558288 0.546913 0.569663
0.809096 3 0.548498 0.537509 0.559487
0.816582 3 0.547964 0.537032 0.558896
0.824138 3 0.550559 0.539457 0.561661
0.831764 3 0.547265 0.536032 0.558497
0.83946 3 0.549035 0.537816 0.560253
0.847227 3 0.540573 0.52943 0.551717
0.855067 3 0.539201 0.528466 0.549937
0.862979 3 0.536723 0.525904 0.547543
0.870964 3 0.528222 0.517788 0.538656
0.879023 3 0.529497 0.519034 0.53996
0.887156 2.999 0.531686 0.521041 0.542331
0.895365 3 0.537097 0.525877 0.548318
0.903649 3 0.534528 0.523844 0.545212
0.912011 3 0.529827 0.518975 0.54068
0.92045 3 0.522639 0.512056 0.533222
0.928966 3 0.529024 0.51826 0.539789
0.937562 3 0.521965 0.511423 0.532506
0.946237 3 0.513988 0.504012 0.523965
0.954993 3 0.513869 0.503445 0.524292
0.963829 3 0.512945 0.502731 0.523158
0.972747 3 0.507573 0.497785 0.517362
0.981748 3 0.522752 0.512458 0.533046
0.990832 3 0.505709 0.495813 0.515604
1 3 0.517669 0.507157 0.528181
1.00925 3 0.512307 0.501909 0.522706
1.01859 3 0.505348 0.495213 0.515483
1.02802 3 0.507903 0.498026 0.51778
1.03753 3 0.500961 0.490933 0.510989
1.04713 3 0.490074 0.480705 0.499444
1.05682 3 0.497097 0.487574 0.506619
1.0666 3 0.501068 0.491428 0.510708
1.07647 3 0.495355 0.485629 0.50508
1.08643 3 0.492203 0.483042 0.501364
1.09648 3 0.488996 0.479627 0.498365
1.10662 3 0.494667 0.485399 0.503935
1.11686 3 0.489937 0.480614 0.499259
1.1272 3 0.491788 0.482229 0.501346
1.13763 3 0.485011 0.476142 0.49388
1.14815 3 0.485334 0.475894 0.494774
1.15878 3 0.484438 0.475378 0.493499
1.1695 3 0.476699 0.467941 0.485457
1.18032 3 0.479735 0.47054 0.488931
1.19124 3 0.479109 0.469916 0.488301
1.20226 3 0.472074 0.463661 0.480486
1.21339 3 0.468795 0.460346 0.477244
1.22462 3 0.476856 0.467718 0.485994
1.23595 3 0.474189 0.465254 0.483125
1.24738 3 0.467849 0.459136 0.476562
1.25893 3 0.473344 0.464624 0.482064
1.27057 3 0.467514 0.45893 0.476097
1.28233 3 0.47134 0.46242 0.480261
1.2942 3 0.463644 0.455324 0.471964
1.30617 3 0.460004 0.451657 0.468352
1.31826 3 0.469748 0.461305 0.478192
1.33045 3 0.463773 0.455274 0.472273
1.34276 3 0.456324 0.448201 0.464447
1.35519 3 0.452168 0.444875 0.459461
1.36773 3 0.458791 0.450636 0.466945
1.38038 3 0.443339 0.435944 0.450733
1.39316 3 0.451728 0.443906 0.45955
1.40605 3 0.451716 0.444005 0.459426
1.41906 3 0.452754 0.444927 0.46058
1.43219 3 0.449807 0.442259 0.457356
1.44544 3 0.447159 0.439534 0.454783
1.45881 3 0.442632 0.435247 0.450018
1.47231 3 0.446532 0.439068 0.453996
1.48594 3 0.447177 0.439745 0.45461
1.49968 3 0.440116 0.433154 0.447079
1.51356 3 0.440758 0.433616 0.447899
1.52757 3 0.437555 0.430694 0.444416
1.5417 3 0.44215 0.434755 0.449545
1.55597 3 0.436448 0.429349 0.443548
1.57036 3 0.436275 0.429413 0.443137
1.58489 3 0.430836 0.424209 0.437463
1.59956 3 0.432159 0.425212 0.439105
1.61436 3 0.428479 0.422228 0.43473
1.6293 3 0.428617 0.42173 0.435503
1.64437 3 0.425753 0.419232 0.432274
1.65959 3 0.426353 0.419904 0.432801
1.67494 3 0.426325 0.420172 0.432478
1.69044 3 0.422693 0.416197 0.429188
1.70608 3 0.426193 0.419225 0.433162
1.72187 3 0.424685 0.41829 0.43108
1.7378 3 0.423008 0.417018 0.428998
1.75388 3 0.415887 0.410101 0.421673
1.77011 3 0.422684 0.416178 0.429189
1.78649 3 0.418783 0.412771 0.424795
1.80302 3 0.422483 0.416033 0.428933
1.8197 3 0.41335 0.407469 0.419232
1.83654 3 0.411224 0.405505 0.416943
1.85353 3 0.414722 0.408637 0.420807
1.87068 3 0.412317 0.406541 0.418092
1.88799 3 0.412769 0.407018 0.418521
1.90546 3 0.409833 0.404141 0.415526
1.92309 3 0.405687 0.400389 0.410985
1.94089 3 0.404264 0.398854 0.409673
1.95884 3 0.404461 0.39932 0.409601
1.97697 3 0.410452 0.404607 0.416297
1.99526 3 0.403641 0.398177 0.409104
2.01372 3 0.403546 0.398257 0.408835
2.03236 3 0.398039 0.393286 0.402792
2.05116 3 0.398428 0.393428 0.403428
2.07014 3 0.405315 0.399964 0.410667
2.0893 3 0.399099 0.393721 0.404476
2.10863 3 0.401605 0.396535 0.406674
2.12814 3 0.398805 0.393696 0.403913
2.14783 3 0.397788 0.393028 0.402549
2.1677 3 0.39625 0.391631 0.40087
2.18776 3 0.39555 0.390978 0.400123
2.208 3 0.393195 0.388569 0.39782
2.22844 3 0.391795 0.387321 0.396268
2.24905 3 0.393378 0.388589 0.398166
2.26986 3 0.394986 0.390145 0.399828
2.29087 3 0.390918 0.386317 0.395519
2.31206 3 0.39453 0.389595 0.399464
2.33346 3 0.388356 0.384081 0.392631
2.35505 3 0.389341 0.385141 0.393541
2.37684 3 0.387323 0.383214 0.391432
2.39883 3 0.389246 0.384903 0.393589
2.42103 3 0.384437 0.380205 0.388668
2.44343 3 0.385845 0.381748 0.389943
2.46604 3 0.388372 0.383967 0.392777
2.48886 3 0.38132 0.377387 0.385253
2.51189 3 0.384416 0.380448 0.388384
2.53513 3 0.37788 0.374511 0.381249
2.55859 3 0.384844 0.38061 0.389078
2.58226 3 0.378536 0.375045 0.382028
2.60615 3 0.381724 0.377781 0.385666
2.63027 3 0.383448 0.379602 0.387293
2.65461 3 0.37833 0.374652 0.382008
2.67917 3 0.376177 0.373008 0.379346
2.70396 3 0.378431 0.374807 0.382054
2.72898 3 0.377119 0.373693 0.380545
2.75423 3 0.375119 0.371941 0.378297
2.77971 3 0.379952 0.376141 0.383764
2.80543 3 0.375459 0.372159 0.37876
2.83139 3 0.374346 0.370968 0.377723
2.85759 3 0.375456 0.371891 0.37902
2.88403 3 0.373786 0.370546 0.377027
2.91072 3 0.374547 0.371259 0.377836
2.93765 3 0.371985 0.368797 0.375174
2.96483 3 0.371993 0.368813 0.375172
2.99226 3 0.373022 0.369496 0.376548
3.01995 3 0.37183 0.368658 0.375001
3.04789 3 0.368326 0.365417 0.371236
3.0761 3 0.370337 0.367412 0.373262
3.10456 3 0.371345 0.368381 0.374308
3.13329 3 0.369416 0.366252 0.37258
3.16228 3 0.366223 0.363522 0.368923
3.19154 3 0.36478 0.36228 0.36728
3.22107 3 0.366549 0.363738 0.36936
3.25087 3 0.368469 0.365402 0.371536
3.28095 3 0.364838 0.362378 0.367297
3.31131 3 0.365636 0.362913 0.368358
3.34195 3 0.365896 0.363127 0.368664
3.37287 3 0.363988 0.361508 0.366469
3.40408 3 0.363634 0.361056 0.366211
3.43558 3 0.360381 0.358207 0.362554
3.46737 3 0.362618 0.360348 0.364887
3.49945 3 0.364862 0.362266 0.367458
3.53183 3 0.361575 0.359294 0.363857
3.56451 3 0.36112 0.358694 0.363546
3.59749 3 0.359621 0.357456 0.361787
3.63078 3 0.361402 0.359106 0.363699
3.66438 3 0.359143 0.357025 0.36126
3.69828 3 0.35819 0.356307 0.360073
3.7325 3 0.359823 0.357825 0.361821
3.76704 3 0.358658 0.356377 0.360939
3.80189 3 0.358543 0.356428 0.360658
3.83707 3 0.358719 0.356738 0.360701
3.87258 3 0.356582 0.354668 0.358495
3.90841 3 0.356361 0.354434 0.358288
3.94457 3 0.356016 0.354235 0.357798
3.98107 3 0.355301 0.353518 0.357085
4.01791 3 0.355795 0.353778 0.357813
4.05509 3 0.356227 0.354398 0.358056
4.09261 3 0.356577 0.354473 0.358681
4.13048 3 0.355539 0.353687 0.357392
4.16869 3 0.355452 0.353453 0.357451
4.20727 3 0.353683 0.351948 0.355417
4.2462 3 0.354051 0.352296 0.355807
4.28549 3 0.35252 0.350866 0.354174
4.32514 3 0.352419 0.350816 0.354022
4.36516 3 0.353797 0.352111 0.355482
4.40555 3 0.35226 0.350675 0.353845
4.44631 3 0.352411 0.350861 0.353961
4.48745 3 0.353001 0.351282 0.354721
4.52898 3 0.352658 0.35112 0.354195
4.57088 3 0.35209 0.350578 0.353602
4.61318 3 0.351901 0.350464 0.353339
4.65586 3 0.351528 0.350002 0.353055
4.69894 3 0.350139 0.348645 0.351633
4.74242 3 0.351441 0.349929 0.352952
4.7863 3 0.352134 0.350389 0.353879
4.83059 3 0.351127 0.349681 0.352573
4.87528 3 0.350377 0.349016 0.351739
4.9204 3 0.349811 0.348433 0.351189
4.96592 3 0.348113 0.34689 0.349336
5.01187 3 0.350166 0.348662 0.351669
5.05825 3 0.348132 0.346791 0.349473
5.10505 3 0.348829 0.347567 0.350092
5.15229 3 0.349775 0.348288 0.351262
5.19996 3 0.348804 0.347557 0.350051
5.24807 3 0.348894 0.347632 0.350156
5.29663 3 0.34772 0.34655 0.34889
5.34564 3 0.34721 0.345974 0.348445
5.39511 3 0.347252 0.346106 0.348397
5.44503 3 0.346965 0.345835 0.348095
5.49541 3 0.346675 0.345607 0.347743
5.54626 3 0.348123 0.346852 0.349395
5.59758 3 0.347391 0.346181 0.3486
5.64937 3 0.346946 0.345825 0.348068
5.70164 3 0.346448 0.345415 0.34748
5.7544 3 0.346337 0.345216 0.347459
5.80764 3 0.345804 0.344801 0.346808
5.86138 3 0.346122 0.3451 0.347144
5.91562 3 0.344934 0.343968 0.3459
5.97035 3 0.344831 0.344 0.345663
6.0256 3 0.345249 0.344186 0.346313
6.08135 3 0.344886 0.343968 0.345804
6.13762 3 0.345775 0.344803 0.346747
6.19441 3 0.344292 0.343366 0.345219
6.25173 3 0.344657 0.343745 0.345569
6.30957 3 0.344639 0.343645 0.345633
6.36796 3 0.343815 0.342948 0.344682
6.42688 3 0.344416 0.343538 0.345294
6.48634 3 0.343773 0.3429 0.344645
6.54636 3 0.344566 0.343652 0.34548
6.60693 3 0.343006 0.34223 0.343783
6.66807 3 0.344563 0.34352 0.345606
6.72977 3 0.343779 0.342874 0.344685
6.79204 3 0.343876 0.342971 0.344782
6.85488 3 0.342714 0.341977 0.34345
6.91831 3 0.343404 0.342588 0.344219
6.98232 3 0.343241 0.342321 0.344161
7.04693 3 0.342795 0.342005 0.343585
7.11214 3 0.34214 0.341384 0.342896
7.17794 3 0.342254 0.341519 0.342989
7.24436 3 0.341959 0.34133 0.342588
7.31139 3 0.342248 0.341562 0.342934
7.37904 3 0.342213 0.341527 0.342898
7.44732 3 0.341546 0.340916 0.342175
7.51623 3 0.341961 0.341257 0.342664
7.58578 3 0.341591 0.340946 0.342237
7.65597 3 0.3414 0.340785 0.342015
7.72681 3 0.341475 0.340868 0.342083
7.7983 3 0.341738 0.341011 0.342465
7.87046 3 0.34131 0.34068 0.34194
7.94328 3 0.341427 0.340753 0.3421
8.01678 3 0.34095 0.34036 0.341539
8.09096 3 0.341209 0.340582 0.341837
8.16582 3 0.340865 0.340249 0.341482
8.24138 3 0.340519 0.339908 0.341131
8.31764 3 0.341123 0.340489 0.341757
8.3946 3 0.340314 0.339779 0.340848
8.47227 3 0.340549 0.339887 0.341211
8.55067 3 0.340461 0.339843 0.341079
8.62979 3 0.340497 0.339919 0.341074
8.70964 3 0.3405 0.339962 0.341038
8.79023 3 0.340026 0.339527 0.340525
8.87156 3 0.340533 0.339897 0.341168
8.95365 3 0.339833 0.339337 0.34033
9.03649 3 0.340005 0.339494 0.340517
9.12011 3 0.339839 0.339338 0.34034
9.2045 3 0.339712 0.339195 0.340229
9.28966 3 0.340345 0.339808 0.340881
9.37562 3 0.33996 0.339461 0.340458
9.46237 3 0.339293 0.338836 0.33975
9.54993 3 0.339444 0.339008 0.339879
9.63829 3 0.339471 0.338979 0.339962
9.72747 3 0.339377 0.338942 0.339812
9.81748 3 0.339232 0.338796 0.339668
9.90832 3 0.339316 0.338887 0.339744
10 3 0.338905 0.338506 0.339305
10.0925 3 0.339085 0.338663 0.339506
10.1859 3 0.339142 0.338699 0.339586
10.2802 3 0.338924 0.338503 0.339345
10.3753 3 0.338813 0.338406 0.339221
10.4713 3 0.338556 0.338194 0.338917
10.5682 3 0.338644 0.338264 0.339023
10.666 3 0.33873 0.338323 0.339138
10.7647 3 0.338397 0.338032 0.338762
10.8643 3 0.338448 0.338041 0.338854
10.9648 3 0.338188 0.337839 0.338536
11.0662 3 0.338331 0.337946 0.338717
11.1686 3 0.338608 0.338203 0.339013
11.272 3 0.338488 0.338064 0.338912
11.3763 3 0.338197 0.337842 0.338551
11.4815 3 0.338271 0.3379 0.338642
11.5878 3 0.338205 0.33782 0.33859
11.695 3 0.338039 0.337695 0.338383
11.8032 3 0.338166 0.337844 0.338487
11.9124 3 0.338012 0.337691 0.338332
12.0226 3 0.33828 0.337847 0.338713
12.1339 3 0.33796 0.33764 0.33828
12.2462 3 0.338402 0.338032 0.338773
12.3595 3 0.337676 0.337398 0.337955
12.4738 3 0.338006 0.337667 0.338345
12.5893 3 0.33784 0.337531 0.338149
12.7057 3 0.338022 0.337681 0.338364
12.8233 3 0.337809 0.337499 0.33812
12.942 3 0.337933 0.337593 0.338273
13.0617 3 0.337678 0.337382 0.337974
13.1826 3 0.337639 0.337342 0.337935
13.3045 3 0.337525 0.337223 0.337826
13.4276 3 0.337447 0.337144 0.33775
13.5519 3 0.337431 0.337127 0.337736
13.6773 3 0.337711 0.337399 0.338024
13.8038 3 0.33731 0.337026 0.337594
13.9316 3 0.337411 0.337132 0.337691
14.0605 3 0.33725 0.336997 0.337502
14.1906 3 0.337376 0.337105 0.337647
14.3219 3 0.337436 0.337138 0.337733
14.4544 3 0.337242 0.33697 0.337514
14.5881 3 0.337329 0.337048 0.33761
14.7231 3 0.337059 0.336828 0.33729
14.8594 3 0.337271 0.336994 0.337548
14.9968 3 0.337138 0.336875 0.337401
15.1356 3 0.337223 0.336946 0.337499
15.2757 3 0.337302 0.337027 0.337577
15.417 3 0.337045 0.336801 0.337288
15.5597 3 0.337186 0.336923 0.337449
15.7036 3 0.337192 0.336924 0.33746
15.8489 3 0.337085 0.336838 0.337332
15.9956 3 0.337033 0.336771 0.337295
16.1436 3 0.336841 0.336616 0.337066
16.293 3 0.337063 0.336818 0.337308
16.4437 3 0.337008 0.33675 0.337265
16.5959 3 0.336793 0.336565 0.33702
16.7494 3 0.336933 0.336691 0.337176
16.9044 3 0.336886 0.33664 0.337133
17.0608 3 0.336822 0.336596 0.337049
17.2187 3 0.336707 0.336491 0.336924
17.378 3 0.33664 0.336413 0.336867
17.5388 3 0.33671 0.336493 0.336928
17.7011 3 0.337001 0.336703 0.337298
17.8649 3 0.336869 0.336645 0.337092
18.0302 3 0.336692 0.336464 0.336919
18.197 3 0.336613 0.336408 0.336818
18.3654 3 0.336821 0.336603 0.337039
18.5353 3 0.336472 0.336264 0.336681
18.7068 3 0.336855 0.33661 0.3371
18.8799 3 0.336636 0.336429 0.336844
19.0546 3 0.336533 0.336326 0.336741
19.2309 3 0.336482 0.33628 0.336683
19.4089 3 0.336377 0.336194 0.336561
19.5884 3 0.33658 0.336367 0.336792
19.7697 3 0.336392 0.336191 0.336594
19.9526 3 0.336544 0.33634 0.336747
20.1372 3 0.336342 0.336144 0.33654
20.3236 3 0.336271 0.336074 0.336468
20.5116 3 0.336465 0.336246 0.336683
20.7014 3 0.336289 0.336099 0.33648
20.893 3 0.336438 0.336233 0.336643
21.0863 3 0.336474 0.33626 0.336689
21.2814 3 0.33648 0.336283 0.336676
21.4783 3 0.336244 0.336059 0.33643
21.677 3 0.336443 0.336252 0.336635
21.8776 3 0.336401 0.336221 0.336581
22.08 3 0.336376 0.336179 0.336574
22.2844 3 0.336551 0.33634 0.336762
22.4905 3 0.336287 0.336092 0.336482
22.6986 3 0.336147 0.335981 0.336313
22.9087 3 0.336176 0.335993 0.33636
23.1206 3 0.33624 0.33606 0.336419
23.3346 3 0.336377 0.33619 0.336564
23.5505 3 0.336251 0.336068 0.336434
23.7684 3 0.336302 0.33611 0.336494
23.9883 3 0.336211 0.336028 0.336394
24.2103 3 0.336233 0.336052 0.336414
24.4343 3 0.336346 0.336164 0.336527
24.6604 3 0.336193 0.336015 0.336371
24.8886 3 0.33609 0.335918 0.336262
25.1189 3 0.336236 0.336058 0.336414
25.3513 3 0.336072 0.335889 0.336254
25.5859 3 0.336181 0.335999 0.336363
25.8226 3 0.336176 0.336 0.336353
26.0615 3 0.336123 0.335948 0.336299
26.3027 3 0.336126 0.335953 0.336299
26.5461 3 0.336096 0.335926 0.336266
26.7917 3 0.336001 0.335832 0.336171
27.0396 3 0.335984 0.335819 0.336149
27.2898 3 0.336138 0.335958 0.336319
27.5423 3 0.336064 0.335887 0.336241
27.7971 3 0.335909 0.335743 0.336076
28.0543 3 0.335889 0.335716 0.336062
28.3139 3 0.336056 0.335884 0.336227
28.5759 3 0.336082 0.335905 0.336258
28.8403 3 0.336003 0.335835 0.33617
29.1072 3 0.335944 0.335765 0.336122
29.3765 3 0.336001 0.335834 0.336168
29.6483 3 0.335783 0.335631 0.335935
29.9226 3 0.335888 0.335737 0.33604
30.1995 3 0.335987 0.335828 0.336146
30.4789 3 0.335966 0.335803 0.336128
30.761 3 0.335789 0.335638 0.335941
31.0456 3 0.335842 0.335689 0.335996
31.3329 3 0.335938 0.335774 0.336102
31.6228 3 0.336043 0.335874 0.336211
31.9154 3 0.335819 0.335663 0.335976
32.2107 3 0.335928 0.335761 0.336094
32.5087 3 0.335764 0.33561 0.335919
32.8095 3 0.335942 0.335778 0.336107
33.1131 3 0.335944 0.335776 0.336113
33.4195 3 0.335939 0.335782 0.336096
33.7287 3 0.335699 0.335553 0.335846
34.0408 3 0.33591 0.335747 0.336072
34.3558 3 0.335728 0.335576 0.33588
34.6737 3 0.336045 0.335883 0.336207
34.9945 3 0.335679 0.335537 0.335821
35.3183 3 0.335797 0.335643 0.335951
35.6451 3 0.335918 0.335753 0.336082
35.9749 3 0.335864 0.335705 0.336024
36.3078 3 0.335767 0.335623 0.33591
36.6438 3 0.335807 0.335654 0.335961
36.9828 3 0.335813 0.335656 0.33597
37.325 3 0.335835 0.335683 0.335986
37.6704 3 0.335805 0.335662 0.335947
38.0189 3 0.335902 0.335733 0.336072
38.3707 3 0.335692 0.335545 0.335839
38.7258 3 0.335811 0.335656 0.335966
39.0841 3 0.33583 0.335671 0.335989
39.4457 3 0.335796 0.335635 0.335958
39.8107 3 0.335857 0.3357 0.336015
40.1791 3 0.335776 0.33562 0.335931
40.5509 3 0.335828 0.335672 0.335984
40.9261 3 0.335844 0.33568 0.336008
41.3048 3 0.335708 0.335563 0.335853
41.6869 3 0.335683 0.335536 0.33583
42.0727 3 0.335814 0.335656 0.335972
42.462 3 0.335755 0.335614 0.335896
42.8549 3 0.335765 0.335616 0.335915
43.2514 3 0.335709 0.335564 0.335853
43.6516 3 0.335714 0.335577 0.33585
44.0555 3 0.335824 0.335666 0.335982
44.4631 3 0.335704 0.335549 0.33586
44.8745 3 0.335917 0.335755 0.336079
45.2898 3 0.335615 0.33547 0.335761
45.7088 3 0.335694 0.335551 0.335836
46.1318 3 0.335735 0.335582 0.335888
46.5586 3 0.335714 0.335564 0.335864
46.9894 3 0.335717 0.335574 0.33586
47.4242 3 0.335711 0.335566 0.335856
47.863 3 0.335759 0.335609 0.33591
48.3059 3 0.33576 0.335605 0.335916
48.7528 3 0.335699 0.335554 0.335843
49.204 3 0.335659 0.335503 0.335814
49.6592 3 0.33571 0.335561 0.335859
50.1187 3 0.335652 0.335505 0.335799
50.5825 3 0.335597 0.335456 0.335739
51.0505 3 0.3357 0.335552 0.335847
51.5229 3 0.335662 0.335522 0.335802
51.9996 3 0.335674 0.335525 0.335823
52.4807 3 0.335625 0.335482 0.335768
52.9663 3 0.335594 0.335456 0.335731
53.4564 3 0.335767 0.335611 0.335924
53.9511 3 0.335733 0.33559 0.335877
54.4503 3 0.335565 0.335429 0.335701
54.9541 3 0.335646 0.335501 0.33579
55.4626 3 0.335693 0.335537 0.335849
55.9758 3 0.335641 0.3355 0.335783
56.4937 3 0.3357 0.335549 0.335851
57.0164 3 0.335746 0.335598 0.335893
57.544 3 0.335694 0.335553 0.335835
58.0764 3 0.335595 0.335461 0.335729
58.6138 3 0.335715 0.335567 0.335862
59.1562 3 0.335695 0.335547 0.335843
59.7035 3 0.335731 0.335586 0.335876
60.256 3 0.335792 0.33564 0.335944
60.8135 3 0.335722 0.335572 0.335871
61.3762 3 0.335651 0.335507 0.335795
61.9441 3 0.335685 0.335546 0.335823
62.5173 3 0.335596 0.335456 0.335736
63.0957 3 0.335836 0.335677 0.335996
63.6796 3 0.335643 0.335496 0.335791
64.2688 3 0.335585 0.335444 0.335726
64.8634 3 0.335674 0.335525 0.335823
65.4636 3 0.335567 0.33543 0.335704
66.0693 3 0.335782 0.335633 0.33593
66.6807 3 0.335498 0.335364 0.335631
67.2977 3 0.335576 0.335433 0.335719
67.9204 3 0.33558 0.33544 0.33572
68.5488 3 0.335524 0.335385 0.335663
69.1831 3 0.335562 0.335422 0.335703
69.8232 3 0.335621 0.33548 0.335763
70.4693 3 0.335537 0.335402 0.335671
71.1214 3 0.33561 0.335465 0.335755
71.7794 3 0.335708 0.335564 0.335851
72.4436 3 0.335636 0.335497 0.335775
73.1139 3 0.335598 0.335454 0.335743
73.7904 3 0.335517 0.335378 0.335656
74.4732 3 0.335637 0.335496 0.335778
75.1623 3 0.335618 0.335478 0.335759
75.8578 3 0.335652 0.335505 0.335799
76.5597 3 0.335638 0.335494 0.335783
77.2681 3 0.335583 0.335443 0.335723
77.983 3 0.335621 0.335484 0.335757
78.7046 3 0.335678 0.335538 0.335818
79.4328 3 0.33547 0.335338 0.335602
80.1678 3 0.335546 0.335411 0.335682
80.9096 3 0.335705 0.335552 0.335859
81.6582 3 0.335529 0.335389 0.335669
82.4138 3 0.335623 0.335482 0.335765
83.1764 3 0.335532 0.335396 0.335669
83.946 3 0.335534 0.335395 0.335672
84.7227 3 0.335537 0.335401 0.335674
85.5067 3 0.335657 0.335519 0.335796
86.2979 3 0.335558 0.33542 0.335696
87.0964 3 0.335659 0.335518 0.3358
87.9023 3 0.335604 0.335462 0.335746
88.7156 3 0.335408 0.335281 0.335535
89.5365 3 0.335631 0.335493 0.335768
90.3649 3 0.335599 0.335457 0.33574
91.2011 3 0.335518 0.33539 0.335647
92.045 3 0.335524 0.33539 0.335657
92.8966 3 0.335606 0.335461 0.335751
93.7562 3 0.335516 0.335381 0.335651
94.6237 3 0.335611 0.33547 0.335752
95.4993 3 0.335544 0.335407 0.335682
96.3829 3 0.335676 0.335535 0.335816
97.2747 3 0.33548 0.335347 0.335613
98.1748 3 0.335408 0.335277 0.335538
99.0832 3 0.335569 0.33543 0.335707
