//tau lambda mean lower_bound upper_bound
0.01 1.179 0.989961 0.986405 0.993517
0.0100925 1.186 0.989712 0.986078 0.993345
0.0101859 1.144 0.991791 0.988468 0.995113
0.0102802 1.175 0.985941 0.981692 0.99019
0.0103753 1.158 0.991312 0.988049 0.994576
0.0104713 1.163 0.991625 0.988463 0.994788
0.0105682 1.175 0.993086 0.990269 0.995903
0.010666 1.187 0.991298 0.988065 0.994531
0.0107647 1.18 0.986162 0.981981 0.990343
0.0108643 1.175 0.986741 0.982478 0.991005
0.0109648 1.188 0.987642 0.983661 0.991624
0.0110662 1.169 0.992187 0.989155 0.99522
0.0111686 1.19 0.989939 0.986389 0.993488
0.011272 1.184 0.99231 0.989247 0.995372
0.0113763 1.19 0.987883 0.984216 0.991549
0.0114815 1.184 0.987397 0.983349 0.991446
0.0115878 1.197 0.987455 0.983567 0.991342
0.011695 1.179 0.988958 0.985226 0.99269
0.0118032 1.19 0.989547 0.986194 0.992899
0.0119124 1.208 0.985277 0.980722 0.989832
0.0120226 1.195 0.987208 0.983371 0.991046
0.0121339 1.199 0.985747 0.981231 0.990263
0.0122462 1.222 0.984185 0.979455 0.988914
0.0123595 1.197 0.98502 0.980715 0.989325
0.0124738 1.195 0.986929 0.982881 0.990978
0.0125893 1.212 0.987427 0.983429 0.991424
0.0127057 1.235 0.985633 0.98139 0.989876
0.0128233 1.188 0.988265 0.984472 0.992058
0.012942 1.214 0.989812 0.986332 0.993292
0.0130617 1.219 0.985194 0.980911 0.989478
0.0131826 1.2 0.989812 0.986179 0.993445
0.0133045 1.217 0.983854 0.979239 0.98847
0.0134276 1.201 0.987093 0.98291 0.991277
0.0135519 1.213 0.985394 0.981039 0.98975
0.0136773 1.247 0.983955 0.979439 0.988472
0.0138038 1.21 0.98845 0.984874 0.992026
0.0139316 1.212 0.987999 0.984164 0.991833
0.0140605 1.239 0.987825 0.983899 0.99175
0.0141906 1.213 0.988291 0.984415 0.992167
0.0143219 1.224 0.988191 0.984439 0.991944
0.0144544 1.249 0.984092 0.979458 0.988726
0.0145881 1.264 0.983042 0.978422 0.987662
0.0147231 1.238 0.984127 0.979536 0.988719
0.0148594 1.251 0.984078 0.979593 0.988563
0.0149968 1.22 0.990025 0.986785 0.993264
0.0151356 1.23 0.986528 0.982394 0.990662
0.0152757 1.241 0.985074 0.980787 0.989361
0.015417 1.246 0.986242 0.982148 0.990337
0.0155597 1.247 0.986608 0.982396 0.990819
0.0157036 1.268 0.983258 0.978764 0.987753
0.0158489 1.266 0.985046 0.980777 0.989315
0.0159956 1.26 0.985149 0.980913 0.989385
0.0161436 1.265 0.983614 0.97914 0.988087
0.016293 1.271 0.983704 0.979258 0.98815
0.0164437 1.264 0.982972 0.978298 0.987647
0.0165959 1.285 0.984516 0.980244 0.988787
0.0167494 1.284 0.982563 0.978008 0.987117
0.0169044 1.265 0.982781 0.978133 0.98743
0.0170608 1.284 0.980177 0.975072 0.985282
0.0172187 1.262 0.986044 0.981946 0.990143
0.017378 1.278 0.983904 0.979471 0.988336
0.0175388 1.273 0.98468 0.9803 0.989059
0.0177011 1.292 0.985137 0.980954 0.989319
0.0178649 1.303 0.980776 0.975844 0.985708
0.0180302 1.3 0.976948 0.97148 0.982416
0.018197 1.295 0.981027 0.976085 0.985969
0.0183654 1.323 0.978359 0.973134 0.983584
0.0185353 1.321 0.979384 0.974315 0.984453
0.0187068 1.311 0.981579 0.976694 0.986463
0.0188799 1.3 0.977964 0.972548 0.983379
0.0190546 1.31 0.980808 0.975887 0.98573
0.0192309 1.308 0.978675 0.973537 0.983812
0.0194089 1.326 0.980042 0.974864 0.985221
0.0195884 1.339 0.979024 0.973845 0.984204
0.0197697 1.319 0.97664 0.971273 0.982008
0.0199526 1.302 0.982321 0.977892 0.986751
0.0201372 1.336 0.979307 0.974174 0.98444
0.0203236 1.297 0.984887 0.98075 0.989023
0.0205116 1.323 0.980651 0.975691 0.98561
0.0207014 1.338 0.977316 0.971984 0.982648
0.020893 1.332 0.981405 0.976696 0.986113
0.0210863 1.321 0.985007 0.98074 0.989275
0.0212814 1.324 0.980309 0.975435 0.985184
0.0214783 1.373 0.977595 0.972328 0.982861
0.021677 1.374 0.975715 0.970067 0.981363
0.0218776 1.377 0.979492 0.97455 0.984434
0.02208 1.375 0.979262 0.974347 0.984178
0.0222844 1.356 0.97922 0.974081 0.984358
0.0224905 1.374 0.983191 0.978634 0.987748
0.0226986 1.345 0.977636 0.972376 0.982897
0.0229087 1.372 0.981109 0.976329 0.985888
0.0231206 1.347 0.977663 0.972409 0.982917
0.0233346 1.354 0.973924 0.968072 0.979775
0.0235505 1.377 0.973444 0.967672 0.979217
0.0237684 1.356 0.978607 0.973448 0.983767
0.0239883 1.366 0.977281 0.972218 0.982344
0.0242103 1.369 0.978561 0.973352 0.983771
0.0244343 1.35 0.978716 0.973575 0.983858
0.0246604 1.368 0.974405 0.968481 0.980329
0.0248886 1.376 0.977564 0.972362 0.982765
0.0251189 1.411 0.976262 0.971014 0.981511
0.0253513 1.395 0.975954 0.970397 0.98151
0.0255859 1.389 0.981437 0.976769 0.986105
0.0258226 1.379 0.976175 0.970628 0.981722
0.0260615 1.457 0.974425 0.968818 0.980032
0.0263027 1.401 0.977047 0.971822 0.982271
0.0265461 1.428 0.974272 0.968563 0.979981
0.0267917 1.419 0.978513 0.973574 0.983453
0.0270396 1.44 0.972101 0.966063 0.978139
0.0272898 1.413 0.97301 0.9671 0.97892
0.0275423 1.425 0.97618 0.97069 0.981671
0.0277971 1.459 0.972761 0.96705 0.978472
0.0280543 1.476 0.972769 0.967074 0.978465
0.0283139 1.43 0.974604 0.969034 0.980173
0.0285759 1.468 0.97518 0.969739 0.980622
0.0288403 1.436 0.973472 0.967854 0.979091
0.0291072 1.5 0.969806 0.963927 0.975685
0.0293765 1.467 0.972338 0.966468 0.978209
0.0296483 1.462 0.96969 0.963686 0.975693
0.0299226 1.457 0.971665 0.965504 0.977827
0.0301995 1.489 0.978119 0.973309 0.982928
0.0304789 1.535 0.971428 0.965871 0.976984
0.030761 1.464 0.973698 0.968059 0.979337
0.0310456 1.52 0.973408 0.968041 0.978775
0.0313329 1.511 0.972039 0.966132 0.977945
0.0316228 1.51 0.968394 0.962296 0.974493
0.0319154 1.525 0.965633 0.959135 0.972131
0.0322107 1.529 0.968759 0.962738 0.97478
0.0325087 1.513 0.968675 0.962492 0.974858
0.0328095 1.494 0.969785 0.963809 0.975762
0.0331131 1.56 0.968241 0.962173 0.974308
0.0334195 1.54 0.968268 0.962179 0.974358
0.0337287 1.591 0.964368 0.957992 0.970745
0.0340408 1.49 0.967181 0.961024 0.973338
0.0343558 1.561 0.960757 0.953627 0.967887
0.0346737 1.57 0.97295 0.967385 0.978515
0.0349945 1.596 0.968657 0.962486 0.974828
0.0353183 1.592 0.96399 0.957316 0.970664
0.0356451 1.521 0.972363 0.966506 0.978221
0.0359749 1.598 0.960974 0.954131 0.967817
0.0363078 1.548 0.966408 0.960195 0.97262
0.0366438 1.594 0.965729 0.959576 0.971882
0.0369828 1.575 0.962426 0.955743 0.96911
0.037325 1.609 0.962713 0.955974 0.969452
0.0376704 1.624 0.96353 0.956798 0.970262
0.0380189 1.583 0.965102 0.958522 0.971681
0.0383707 1.646 0.963731 0.95728 0.970182
0.0387258 1.649 0.955508 0.948097 0.96292
0.0390841 1.614 0.959435 0.952232 0.966637
0.0394457 1.591 0.964037 0.957409 0.970665
0.0398107 1.659 0.965621 0.959442 0.9718
0.0401791 1.611 0.963058 0.95652 0.969596
0.0405509 1.636 0.960978 0.954278 0.967678
0.0409261 1.68 0.963687 0.957258 0.970115
0.0413048 1.66 0.948857 0.941005 0.95671
0.0416869 1.677 0.958741 0.951822 0.965659
0.0420727 1.651 0.958696 0.951545 0.965847
0.042462 1.671 0.956873 0.949581 0.964165
0.0428549 1.692 0.957053 0.949933 0.964172
0.0432514 1.711 0.957824 0.950673 0.964975
0.0436516 1.664 0.954315 0.94688 0.96175
0.0440555 1.724 0.959412 0.952447 0.966377
0.0444631 1.687 0.954222 0.94695 0.961495
0.0448745 1.735 0.949679 0.941679 0.957678
0.0452898 1.669 0.96055 0.95367 0.96743
0.0457088 1.751 0.951296 0.943682 0.95891
0.0461318 1.739 0.958874 0.952038 0.965711
0.0465586 1.75 0.95014 0.942191 0.958088
0.0469894 1.713 0.95799 0.950963 0.965016
0.0474242 1.679 0.955653 0.94845 0.962855
0.047863 1.79 0.948543 0.940581 0.956504
0.0483059 1.781 0.948985 0.941133 0.956838
0.0487528 1.818 0.952245 0.944919 0.959572
0.049204 1.754 0.951449 0.943981 0.958917
0.0496592 1.793 0.949206 0.941603 0.95681
0.0501187 1.81 0.948737 0.941019 0.956454
0.0505825 1.794 0.951564 0.944019 0.959109
0.0510505 1.844 0.943905 0.935898 0.951911
0.0515229 1.821 0.95396 0.946597 0.961322
0.0519996 1.83 0.945828 0.938015 0.953642
0.0524807 1.839 0.942396 0.933928 0.950864
0.0529663 1.851 0.952103 0.944881 0.959325
0.0534564 1.84 0.950514 0.9429 0.958128
0.0539511 1.819 0.949344 0.941584 0.957104
0.0544503 1.854 0.956485 0.949396 0.963574
0.0549541 1.897 0.942699 0.934439 0.950959
0.0554626 1.831 0.945544 0.937527 0.953562
0.0559758 1.852 0.952337 0.944908 0.959767
0.0564937 1.885 0.948574 0.940952 0.956197
0.0570164 1.869 0.94594 0.937738 0.954142
0.057544 1.884 0.941543 0.9332 0.949886
0.0580764 1.93 0.941166 0.93291 0.949422
0.0586138 1.89 0.953753 0.946626 0.960879
0.0591562 1.883 0.944276 0.936133 0.95242
0.0597035 1.96 0.945303 0.937238 0.953369
0.060256 1.919 0.938875 0.930635 0.947115
0.0608135 1.965 0.940204 0.931935 0.948472
0.0613762 1.99 0.933523 0.924657 0.942389
0.0619441 1.991 0.934691 0.925858 0.943525
0.0625173 1.942 0.945996 0.938235 0.953757
0.0630957 1.982 0.938417 0.929878 0.946956
0.0636796 1.993 0.936605 0.928137 0.945073
0.0642688 2.035 0.93794 0.92957 0.94631
0.0648634 2.005 0.943117 0.935285 0.95095
0.0654636 2.018 0.937608 0.929051 0.946164
0.0660693 2.049 0.935201 0.926824 0.943578
0.0666807 2.038 0.92801 0.918716 0.937305
0.0672977 2.065 0.92702 0.918013 0.936027
0.0679204 2.119 0.931752 0.922786 0.940718
0.0685488 2.022 0.937514 0.928935 0.946093
0.0691831 2.113 0.93641 0.927928 0.944891
0.0698232 2.137 0.930171 0.921173 0.939169
0.0704693 2.068 0.933544 0.924737 0.94235
0.0711214 2.126 0.926886 0.917919 0.935853
0.0717794 2.119 0.933862 0.925384 0.942339
0.0724436 2.129 0.933862 0.925364 0.942361
0.0731139 2.15 0.925019 0.915821 0.934216
0.0737904 2.167 0.92203 0.912684 0.931377
0.0744732 2.161 0.930246 0.921305 0.939187
0.0751623 2.232 0.929767 0.920875 0.938659
0.0758578 2.223 0.929958 0.921 0.938916
0.0765597 2.183 0.924222 0.915135 0.93331
0.0772681 2.202 0.922691 0.91328 0.932102
0.077983 2.204 0.919976 0.910615 0.929338
0.0787046 2.199 0.92218 0.912822 0.931539
0.0794328 2.22 0.927665 0.918839 0.936492
0.0801678 2.21 0.919366 0.909546 0.929186
0.0809096 2.236 0.92252 0.913132 0.931909
0.0816582 2.276 0.919383 0.909997 0.928769
0.0824138 2.235 0.931544 0.922999 0.940088
0.0831764 2.297 0.921204 0.911934 0.930475
0.083946 2.235 0.921683 0.912289 0.931077
0.0847227 2.302 0.924719 0.915343 0.934095
0.0855067 2.319 0.920621 0.911435 0.929806
0.0862979 2.358 0.919741 0.910367 0.929115
0.0870964 2.337 0.911681 0.901752 0.92161
0.0879023 2.36 0.918682 0.909522 0.927841
0.0887156 2.39 0.917743 0.908438 0.927048
0.0895365 2.399 0.917408 0.908106 0.926711
0.0903649 2.366 0.914573 0.904914 0.924232
0.0912011 2.32 0.918753 0.909144 0.928362
0.092045 2.425 0.905555 0.895448 0.915661
0.0928966 2.421 0.908553 0.898493 0.918613
0.0937562 2.433 0.909395 0.89951 0.91928
0.0946237 2.405 0.913368 0.903688 0.923047
0.0954993 2.412 0.911085 0.901338 0.920833
0.0963829 2.421 0.908817 0.898887 0.918747
0.0972747 2.54 0.903684 0.893598 0.91377
0.0981748 2.483 0.91045 0.900662 0.920239
0.0990832 2.476 0.911312 0.901555 0.921069
0.1 2.476 0.91021 0.900443 0.919977
0.100925 2.456 0.912783 0.903291 0.922275
0.101859 2.529 0.899744 0.88951 0.909979
0.102802 2.554 0.898144 0.887662 0.908625
0.103753 2.533 0.904373 0.894228 0.914517
0.104713 2.534 0.901443 0.891285 0.911602
0.105682 2.556 0.905229 0.895167 0.915291
0.10666 2.564 0.90421 0.893976 0.914444
0.107647 2.595 0.899868 0.88969 0.910045
0.108643 2.598 0.899413 0.888998 0.909828
0.109648 2.589 0.908282 0.898127 0.918437
0.110662 2.69 0.897936 0.887358 0.908513
0.111686 2.642 0.894604 0.884294 0.904914
0.11272 2.635 0.897679 0.887546 0.907811
0.113763 2.697 0.897613 0.887183 0.908042
0.114815 2.647 0.89837 0.888079 0.908661
0.115878 2.704 0.885836 0.875061 0.896611
0.11695 2.698 0.894335 0.883833 0.904837
0.118032 2.726 0.882329 0.871358 0.893301
0.119124 2.76 0.885392 0.874636 0.896148
0.120226 2.687 0.893566 0.882995 0.904137
0.121339 2.787 0.88472 0.873734 0.895705
0.122462 2.704 0.890691 0.879855 0.901527
0.123595 2.803 0.884506 0.873496 0.895515
0.124738 2.776 0.884707 0.873801 0.895614
0.125893 2.783 0.879089 0.867751 0.890428
0.127057 2.782 0.895089 0.884433 0.905746
0.128233 2.825 0.876724 0.865407 0.888041
0.12942 2.82 0.879621 0.868589 0.890652
0.130617 2.831 0.894788 0.884288 0.905289
0.131826 2.853 0.887756 0.877341 0.898171
0.133045 2.806 0.876609 0.865517 0.8877
0.134276 2.867 0.877704 0.866532 0.888875
0.135519 2.886 0.876244 0.864903 0.887586
0.136773 2.945 0.873217 0.861946 0.884488
0.138038 2.875 0.878469 0.86736 0.889579
0.139316 3.003 0.86824 0.85687 0.879611
0.140605 2.88 0.877705 0.866651 0.888759
0.141906 2.949 0.87496 0.863583 0.886337
0.143219 2.956 0.862565 0.850737 0.874393
0.144544 3.051 0.877126 0.866101 0.888152
0.145881 3.031 0.868008 0.856534 0.879482
0.147231 3.045 0.876351 0.86551 0.887192
0.148594 2.985 0.859769 0.848166 0.871373
0.149968 3.076 0.863185 0.851634 0.874735
0.151356 3.099 0.861189 0.849486 0.872892
0.152757 3.081 0.864728 0.853251 0.876204
0.15417 3.069 0.857292 0.84528 0.869303
0.155597 3.074 0.859376 0.847861 0.870891
0.157036 3.141 0.858214 0.846266 0.870161
0.158489 3.104 0.858945 0.847386 0.870504
0.159956 3.14 0.843531 0.831317 0.855746
0.161436 3.097 0.853324 0.841518 0.865131
0.16293 3.201 0.849378 0.837296 0.861459
0.164437 3.176 0.851713 0.839919 0.863508
0.165959 3.117 0.856054 0.844507 0.867601
0.167494 3.158 0.86161 0.850114 0.873106
0.169044 3.235 0.846173 0.834188 0.858158
0.170608 3.202 0.853156 0.841393 0.86492
0.172187 3.174 0.854262 0.842358 0.866165
0.17378 3.233 0.842639 0.830276 0.855003
0.175388 3.249 0.845314 0.833295 0.857333
0.177011 3.246 0.850635 0.838676 0.862593
0.178649 3.268 0.851049 0.839122 0.862976
0.180302 3.236 0.839859 0.827566 0.852152
0.18197 3.3 0.837897 0.825586 0.850207
0.183654 3.312 0.844316 0.832 0.856632
0.185353 3.307 0.841411 0.829137 0.853685
0.187068 3.346 0.833301 0.820947 0.845654
0.188799 3.364 0.841504 0.829577 0.853431
0.190546 3.314 0.831935 0.819384 0.844486
0.192309 3.366 0.837959 0.82592 0.849998
0.194089 3.447 0.815183 0.802633 0.827732
0.195884 3.382 0.82454 0.811632 0.837448
0.197697 3.37 0.832524 0.820006 0.845043
0.199526 3.42 0.822041 0.809148 0.834934
0.201372 3.463 0.819663 0.807162 0.832165
0.203236 3.445 0.831385 0.819108 0.843662
0.205116 3.448 0.825222 0.812719 0.837724
0.207014 3.419 0.829037 0.816564 0.841511
0.20893 3.486 0.816042 0.803169 0.828915
0.210863 3.486 0.820365 0.807777 0.832954
0.212814 3.475 0.818831 0.80607 0.831591
0.214783 3.453 0.819932 0.807353 0.832512
0.21677 3.464 0.818317 0.805543 0.831092
0.218776 3.53 0.807782 0.794821 0.820743
0.2208 3.533 0.807792 0.794849 0.820735
0.222844 3.55 0.806839 0.794094 0.819583
0.224905 3.543 0.807894 0.795094 0.820694
0.226986 3.585 0.806752 0.79396 0.819543
0.229087 3.571 0.804796 0.79193 0.817662
0.231206 3.556 0.81424 0.801543 0.826937
0.233346 3.616 0.788958 0.775791 0.802125
0.235505 3.554 0.799145 0.785811 0.812479
0.237684 3.567 0.805251 0.79227 0.818231
0.239883 3.613 0.800372 0.787599 0.813145
0.242103 3.655 0.786499 0.773466 0.799532
0.244343 3.658 0.804909 0.791984 0.817835
0.246604 3.599 0.789174 0.77581 0.802537
0.248886 3.641 0.78672 0.773344 0.800096
0.251189 3.658 0.793534 0.780525 0.806542
0.253513 3.669 0.779856 0.76657 0.793142
0.255859 3.671 0.780686 0.767293 0.794079
0.258226 3.663 0.78992 0.77681 0.803029
0.260615 3.699 0.782694 0.769418 0.795969
0.263027 3.709 0.786475 0.773329 0.799621
0.265461 3.666 0.779907 0.766338 0.793477
0.267917 3.725 0.780114 0.766768 0.79346
0.270396 3.724 0.776208 0.762904 0.789512
0.272898 3.743 0.768511 0.75522 0.781802
0.275423 3.736 0.771429 0.757832 0.785025
0.277971 3.737 0.77283 0.759368 0.786292
0.280543 3.71 0.758445 0.744736 0.772154
0.283139 3.772 0.769687 0.756331 0.783044
0.285759 3.806 0.76493 0.751557 0.778303
0.288403 3.777 0.760255 0.746925 0.773586
0.291072 3.76 0.76896 0.755677 0.782243
0.293765 3.763 0.761736 0.74808 0.775392
0.296483 3.758 0.762479 0.748863 0.776096
0.299226 3.787 0.764392 0.750907 0.777877
0.301995 3.812 0.754971 0.741089 0.768853
0.304789 3.843 0.742547 0.729074 0.756021
0.30761 3.835 0.739517 0.725715 0.75332
0.310456 3.845 0.757883 0.744369 0.771396
0.313329 3.811 0.752893 0.739359 0.766427
0.316228 3.815 0.750908 0.737263 0.764553
0.319154 3.844 0.746489 0.732824 0.760155
0.322107 3.851 0.757828 0.744294 0.771362
0.325087 3.851 0.730338 0.716367 0.74431
0.328095 3.864 0.74919 0.735558 0.762823
0.331131 3.886 0.737877 0.724188 0.751567
0.334195 3.892 0.733126 0.719496 0.746756
0.337287 3.864 0.728591 0.714575 0.742606
0.340408 3.89 0.73093 0.71729 0.74457
0.343558 3.912 0.73753 0.724024 0.751036
0.346737 3.878 0.725395 0.711576 0.739214
0.349945 3.883 0.72587 0.711795 0.739946
0.353183 3.88 0.724087 0.710235 0.737939
0.356451 3.884 0.724429 0.710715 0.738143
0.359749 3.912 0.712776 0.698924 0.726629
0.363078 3.903 0.718595 0.704493 0.732698
0.366438 3.909 0.710219 0.696463 0.723975
0.369828 3.91 0.709627 0.695571 0.723683
0.37325 3.913 0.706368 0.692464 0.720272
0.376704 3.912 0.70979 0.69608 0.7235
0.380189 3.927 0.701614 0.687602 0.715626
0.383707 3.937 0.697854 0.683877 0.711831
0.387258 3.929 0.70429 0.6906 0.71798
0.390841 3.942 0.702543 0.688596 0.71649
0.394457 3.939 0.701545 0.687483 0.715607
0.398107 3.944 0.692944 0.67902 0.706868
0.401791 3.947 0.691986 0.678094 0.705878
0.405509 3.953 0.678022 0.66413 0.691914
0.409261 3.953 0.692799 0.678856 0.706743
0.413048 3.959 0.67804 0.664344 0.691735
0.416869 3.965 0.670604 0.656693 0.684514
0.420727 3.957 0.683328 0.669552 0.697103
0.42462 3.948 0.690735 0.676642 0.704828
0.428549 3.954 0.684052 0.670029 0.698074
0.432514 3.96 0.682375 0.668321 0.696429
0.436516 3.956 0.682054 0.66843 0.695679
0.440555 3.957 0.671528 0.657387 0.68567
0.444631 3.961 0.668261 0.654527 0.681994
0.448745 3.963 0.666933 0.652926 0.68094
0.452898 3.962 0.662341 0.648274 0.676408
0.457088 3.98 0.658546 0.644587 0.672506
0.461318 3.96 0.681731 0.667844 0.695618
0.465586 3.974 0.66104 0.646962 0.675118
0.469894 3.981 0.652383 0.638715 0.666051
0.474242 3.984 0.650708 0.636796 0.664621
0.47863 3.983 0.646632 0.632693 0.660571
0.483059 3.984 0.655697 0.641925 0.669468
0.487528 3.971 0.653479 0.639774 0.667185
0.49204 3.98 0.650616 0.636708 0.664524
0.496592 3.987 0.648703 0.634899 0.662508
0.501187 3.984 0.656125 0.642469 0.669782
0.505825 3.99 0.640964 0.627492 0.654437
0.510505 3.985 0.647068 0.633427 0.660709
0.515229 3.987 0.637829 0.624182 0.651476
0.519996 3.984 0.636898 0.623149 0.650646
0.524807 3.986 0.638039 0.624257 0.651822
0.529663 3.99 0.629273 0.615738 0.642808
0.534564 3.991 0.626289 0.612669 0.639909
0.539511 3.994 0.613798 0.600282 0.627315
0.544503 3.995 0.626192 0.612526 0.639858
0.549541 3.991 0.625168 0.611569 0.638767
0.554626 3.994 0.6193 0.605401 0.633198
0.559758 3.993 0.609993 0.596457 0.623528
0.564937 3.996 0.615135 0.601682 0.628589
0.570164 3.989 0.614583 0.600912 0.628254
0.57544 3.994 0.601891 0.588584 0.615197
0.580764 3.996 0.606473 0.593052 0.619894
0.586138 3.999 0.611116 0.597686 0.624546
0.591562 3.996 0.60214 0.588591 0.615688
0.597035 3.996 0.594333 0.581013 0.607652
0.60256 3.996 0.601582 0.587981 0.615184
0.608135 3.996 0.602988 0.589348 0.616628
0.613762 3.999 0.583677 0.570353 0.597002
0.619441 3.999 0.587701 0.574397 0.601005
0.625173 3.995 0.582935 0.569755 0.596115
0.630957 4 0.581825 0.568588 0.595062
0.636796 3.998 0.57545 0.562264 0.588636
0.642688 3.991 0.586283 0.572968 0.599599
0.648634 3.999 0.570007 0.557386 0.582629
0.654636 3.999 0.572707 0.559498 0.585916
0.660693 3.993 0.57067 0.557351 0.583989
0.666807 3.999 0.578609 0.565748 0.59147
0.672977 3.998 0.570398 0.557257 0.58354
0.679204 3.999 0.562542 0.550063 0.575021
0.685488 3.995 0.564957 0.552058 0.577857
0.691831 4 0.576869 0.56369 0.590047
0.698232 3.999 0.559148 0.546291 0.572006
0.704693 4 0.55804 0.544794 0.571285
0.711214 3.996 0.548949 0.536133 0.561765
0.717794 4 0.554076 0.541183 0.56697
0.724436 3.999 0.549114 0.536068 0.56216
0.731139 4 0.552943 0.54041 0.565477
0.737904 3.998 0.533999 0.521555 0.546444
0.744732 4 0.546521 0.534056 0.558987
0.751623 4 0.554923 0.542072 0.567775
0.758578 4 0.545996 0.533493 0.558499
0.765597 4 0.532073 0.519843 0.544303
0.772681 4 0.540469 0.528072 0.552867
0.77983 4 0.531397 0.519031 0.543763
0.787046 3.998 0.53349 0.521009 0.545971
0.794328 4 0.531042 0.518908 0.543176
0.801678 4 0.513497 0.501623 0.525371
0.809096 3.998 0.522076 0.510043 0.534109
0.816582 4 0.527652 0.515438 0.539866
0.824138 4 0.520784 0.50847 0.533098
0.831764 4 0.51581 0.50364 0.527981
0.83946 4 0.506489 0.494895 0.518082
0.847227 4 0.511691 0.500075 0.523308
0.855067 4 0.510434 0.498538 0.522331
0.862979 3.999 0.495385 0.483613 0.507156
0.870964 3.999 0.500588 0.488931 0.512244
0.879023 4 0.501289 0.489612 0.512966
0.887156 4 0.493566 0.482059 0.505073
0.895365 4 0.504882 0.493121 0.516643
0.903649 4 0.500017 0.48807 0.511964
0.912011 4 0.498151 0.486343 0.509959
0.92045 4 0.500885 0.488537 0.513234
0.928966 4 0.480145 0.468973 0.491317
0.937562 4 0.484341 0.472941 0.495741
0.946237 3.999 0.481681 0.470258 0.493103
0.954993 4 0.475757 0.464764 0.486749
0.963829 4 0.47868 0.467625 0.489735
0.972747 4 0.471766 0.461132 0.482401
0.981748 4 0.48099 0.469476 0.492505
0.990832 4 0.462877 0.452136 0.473618
1 4 0.46861 0.457584 0.479635
1.00925 4 0.472053 0.460818 0.483288
1.01859 4 0.470751 0.459886 0.481615
1.02802 4 0.463451 0.452768 0.474134
1.03753 4 0.467437 0.456452 0.478422
1.04713 4 0.460453 0.449947 0.470959
1.05682 4 0.461659 0.450935 0.472384
1.0666 4 0.453008 0.442377 0.46364
1.07647 4 0.454394 0.44376 0.465029
1.08643 4 0.453971 0.443761 0.46418
1.09648 4 0.451604 0.44099 0.462217
1.10662 4 0.44976 0.439247 0.460272
1.11686 4 0.443542 0.433516 0.453568
1.1272 4 0.44267 0.432933 0.452407
1.13763 4 0.452467 0.441614 0.463319
1.14815 4 0.434243 0.424048 0.444437
1.15878 4 0.443323 0.432893 0.453754
1.1695 4 0.428557 0.419149 0.437964
1.18032 4 0.426546 0.417008 0.436083
1.19124 4 0.432104 0.422562 0.441647
1.20226 4 0.441815 0.4314 0.452231
1.21339 4 0.428886 0.419318 0.438454
1.22462 4 0.419937 0.410361 0.429513
1.23595 4 0.430703 0.420718 0.440687
1.24738 4 0.427476 0.417663 0.437288
1.25893 4 0.415413 0.406399 0.424427
1.27057 4 0.415877 0.407007 0.424746
1.28233 4 0.404895 0.396432 0.413358
1.2942 4 0.414071 0.405048 0.423094
1.30617 4 0.40879 0.400035 0.417544
1.31826 4 0.410804 0.401723 0.419884
1.33045 4 0.410418 0.401416 0.41942
1.34276 4 0.407897 0.399008 0.416786
1.35519 4 0.399278 0.390276 0.40828
1.36773 4 0.402434 0.393717 0.411151
1.38038 4 0.394083 0.385659 0.402507
1.39316 4 0.401563 0.392935 0.410192
1.40605 4 0.393654 0.385489 0.401819
1.41906 4 0.397938 0.389759 0.406116
1.43219 4 0.393836 0.38546 0.402213
1.44544 4 0.390516 0.382381 0.398651
1.45881 4 0.39026 0.381951 0.39857
1.47231 4 0.391743 0.383687 0.399798
1.48594 4 0.38372 0.375875 0.391565
1.49968 4 0.385701 0.377957 0.393445
1.51356 4 0.388831 0.380622 0.39704
1.52757 4 0.384269 0.376402 0.392135
1.5417 4 0.385616 0.377301 0.393931
1.55597 4 0.377926 0.370304 0.385549
1.57036 4 0.380988 0.372895 0.389081
1.58489 4 0.371042 0.363612 0.378472
1.59956 4 0.378299 0.370778 0.38582
1.61436 4 0.372317 0.365049 0.379584
1.6293 4 0.37175 0.364135 0.379365
1.64437 4 0.37287 0.365397 0.380344
1.65959 4 0.364598 0.357783 0.371413
1.67494 4 0.365463 0.358751 0.372175
1.69044 4 0.363589 0.356341 0.370837
1.70608 4 0.354891 0.348533 0.361249
1.72187 4 0.356876 0.35037 0.363383
1.7378 4 0.362456 0.355423 0.369488
1.75388 4 0.358752 0.351582 0.365922
1.77011 4 0.356765 0.350079 0.363451
1.78649 4 0.352606 0.34624 0.358972
1.80302 4 0.349683 0.343287 0.35608
1.8197 4 0.350613 0.344475 0.35675
1.83654 4 0.351698 0.345321 0.358075
1.85353 4 0.349702 0.34325 0.356154
1.87068 4 0.349508 0.342992 0.356024
1.88799 4 0.345575 0.339666 0.351484
1.90546 4 0.345969 0.339871 0.352066
1.92309 4 0.340327 0.334305 0.346349
1.94089 4 0.342589 0.336674 0.348503
1.95884 4 0.338416 0.333134 0.343698
1.97697 4 0.33677 0.330998 0.342541
1.99526 4 0.337724 0.331677 0.343771
2.01372 4 0.333729 0.328152 0.339306
2.03236 4 0.343601 0.337505 0.349696
2.05116 4 0.335001 0.329445 0.340557
2.07014 4 0.336369 0.330822 0.341917
2.0893 4 0.340331 0.334142 0.34652
2.10863 4 0.330771 0.325277 0.336265
2.12814 4 0.327675 0.322313 0.333037
2.14783 4 0.33063 0.32535 0.335911
2.1677 4 0.328826 0.323619 0.334033
2.18776 4 0.320966 0.316169 0.325763
2.208 4 0.325318 0.32027 0.330366
2.22844 4 0.325701 0.320813 0.330589
2.24905 4 0.324707 0.319538 0.329875
2.26986 4 0.316777 0.312387 0.321167
2.29087 4 0.319351 0.314567 0.324135
2.31206 4 0.324003 0.319081 0.328925
2.33346 4 0.320702 0.315658 0.325747
2.35505 4 0.31614 0.311539 0.32074
2.37684 4 0.319618 0.314952 0.324284
2.39883 4 0.316758 0.312157 0.321359
2.42103 4 0.313731 0.309318 0.318144
2.44343 4 0.310735 0.306582 0.314888
2.46604 4 0.316645 0.312022 0.321267
2.48886 4 0.312335 0.308075 0.316595
2.51189 4 0.309278 0.304999 0.313557
2.53513 4 0.312382 0.307987 0.316778
2.55859 4 0.306849 0.303074 0.310623
2.58226 4 0.309721 0.305662 0.31378
2.60615 4 0.308336 0.304362 0.31231
2.63027 4 0.309176 0.305074 0.313278
2.65461 4 0.30584 0.301906 0.309773
2.67917 4 0.308155 0.303865 0.312446
2.70396 4 0.302412 0.29861 0.306215
2.72898 4 0.305206 0.301439 0.308972
2.75423 4 0.302782 0.299047 0.306517
2.77971 4 0.302563 0.298983 0.306143
2.80543 4 0.300186 0.296362 0.304009
2.83139 4 0.30093 0.297378 0.304481
2.85759 4 0.297951 0.294426 0.301476
2.88403 4 0.298491 0.295077 0.301905
2.91072 4 0.297573 0.294169 0.300978
2.93765 4 0.297824 0.294475 0.301172
2.96483 4 0.295235 0.291914 0.298556
2.99226 4 0.295856 0.292449 0.299263
3.01995 4 0.293905 0.290838 0.296971
3.04789 4 0.296059 0.292842 0.299276
3.0761 4 0.293337 0.290113 0.296562
3.10456 4 0.292811 0.289834 0.295788
3.13329 4 0.291708 0.288921 0.294496
3.16228 4 0.290783 0.2878 0.293765
3.19154 4 0.290468 0.287343 0.293593
3.22107 4 0.290808 0.287746 0.29387
3.25087 4 0.293004 0.289844 0.296164
3.28095 4 0.287887 0.285238 0.290537
3.31131 4 0.288287 0.285492 0.291081
3.34195 4 0.286825 0.284127 0.289523
3.37287 4 0.286839 0.284154 0.289523
3.40408 4 0.285097 0.282567 0.287628
3.43558 4 0.283845 0.281367 0.286322
3.46737 4 0.284027 0.281648 0.286405
3.49945 4 0.285741 0.283077 0.288405
3.53183 4 0.284168 0.281654 0.286682
3.56451 4 0.282685 0.280298 0.285072
3.59749 4 0.28301 0.280445 0.285574
3.63078 4 0.282714 0.280319 0.285109
3.66438 4 0.28244 0.280048 0.284832
3.69828 4 0.283055 0.280453 0.285657
3.7325 4 0.280846 0.278762 0.282931
3.76704 4 0.279185 0.277071 0.281299
3.80189 4 0.27781 0.275888 0.279732
3.83707 4 0.280144 0.277997 0.282292
3.87258 4 0.278199 0.276189 0.280208
3.90841 4 0.278861 0.276806 0.280916
3.94457 4 0.278207 0.276182 0.280231
3.98107 4 0.277388 0.275311 0.279465
4.01791 4 0.27768 0.275644 0.279717
4.05509 4 0.277087 0.275108 0.279066
4.09261 4 0.275519 0.273461 0.277578
4.13048 4 0.27433 0.272655 0.276006
4.16869 4 0.277358 0.27528 0.279435
4.20727 4 0.273334 0.271615 0.275054
4.2462 4 0.274536 0.272733 0.276339
4.28549 4 0.273952 0.272173 0.275731
4.32514 4 0.274358 0.272408 0.276308
4.36516 4 0.273785 0.272013 0.275557
4.40555 4 0.272221 0.270526 0.273916
4.44631 4 0.271681 0.270093 0.27327
4.48745 4 0.271054 0.269549 0.272559
4.52898 4 0.271199 0.269705 0.272694
4.57088 4 0.27115 0.269506 0.272795
4.61318 4 0.270113 0.268631 0.271595
4.65586 4 0.270218 0.268731 0.271704
4.69894 4 0.269457 0.268064 0.27085
4.74242 4 0.269409 0.267992 0.270827
4.7863 4 0.26945 0.268002 0.270899
4.83059 4 0.268527 0.267208 0.269845
4.87528 4 0.268085 0.266721 0.269449
4.9204 4 0.26981 0.268138 0.271482
4.96592 4 0.267219 0.265973 0.268466
5.01187 4 0.268382 0.26688 0.269884
5.05825 4 0.267159 0.265755 0.268563
5.10505 4 0.266973 0.265692 0.268254
5.15229 4 0.266788 0.265382 0.268194
5.19996 4 0.267381 0.266089 0.268673
5.24807 4 0.265842 0.264612 0.267073
5.29663 4 0.265595 0.264427 0.266762
5.34564 4 0.264792 0.263727 0.265856
5.39511 4 0.264946 0.263682 0.26621
5.44503 4 0.264389 0.263331 0.265447
5.49541 4 0.265486 0.264266 0.266707
5.54626 4 0.263861 0.262783 0.264939
5.59758 4 0.264046 0.263 0.265093
5.64937 4 0.265236 0.264115 0.266357
5.70164 4 0.263738 0.262693 0.264782
5.7544 4 0.263943 0.262865 0.265021
5.80764 4 0.263869 0.262694 0.265044
5.86138 4 0.263041 0.261958 0.264125
5.91562 4 0.262341 0.26142 0.263261
5.97035 4 0.263161 0.262101 0.264221
6.0256 4 0.261961 0.261073 0.26285
6.08135 4 0.261634 0.260842 0.262426
6.13762 4 0.262717 0.261795 0.26364
6.19441 4 0.262177 0.26121 0.263143
6.25173 4 0.262443 0.261366 0.263521
6.30957 4 0.261623 0.260761 0.262485
6.36796 4 0.260974 0.260164 0.261784
6.42688 4 0.260797 0.26001 0.261584
6.48634 4 0.26064 0.259835 0.261445
6.54636 4 0.260771 0.259964 0.261578
6.60693 4 0.260232 0.259458 0.261006
6.66807 4 0.260103 0.259308 0.260898
6.72977 4 0.259922 0.25919 0.260654
6.79204 4 0.259727 0.25906 0.260394
6.85488 4 0.259266 0.258546 0.259985
6.91831 4 0.25929 0.258599 0.25998
6.98232 4 0.259481 0.2587 0.260262
7.04693 4 0.259162 0.258451 0.259872
7.11214 4 0.259388 0.258674 0.260102
7.17794 4 0.25898 0.2583 0.259659
7.24436 4 0.258401 0.257808 0.258994
7.31139 4 0.259306 0.258564 0.260048
7.37904 4 0.258458 0.257806 0.25911
7.44732 4 0.257999 0.257457 0.258542
7.51623 4 0.258178 0.257542 0.258813
7.58578 4 0.257936 0.257326 0.258545
7.65597 4 0.257911 0.257283 0.258539
7.72681 4 0.257303 0.256744 0.257863
7.7983 4 0.257426 0.256837 0.258016
7.87046 4 0.257094 0.25652 0.257668
7.94328 4 0.257733 0.257139 0.258326
8.01678 4 0.257089 0.256553 0.257625
8.09096 4 0.256855 0.25634 0.257369
8.16582 4 0.257153 0.256552 0.257754
8.24138 4 0.257009 0.256498 0.257521
8.31764 4 0.256154 0.2557 0.256608
8.3946 4 0.256064 0.255628 0.2565
8.47227 4 0.256319 0.255812 0.256827
8.55067 4 0.25678 0.256221 0.257339
8.62979 4 0.255923 0.255495 0.256351
8.70964 4 0.256241 0.255762 0.256719
8.79023 4 0.256123 0.255683 0.256564
8.87156 4 0.255831 0.255419 0.256243
8.95365 4 0.255759 0.255319 0.256198
9.03649 4 0.255814 0.255348 0.25628
9.12011 4 0.255372 0.254954 0.255789
9.2045 4 0.255346 0.254868 0.255823
9.28966 4 0.254972 0.254634 0.255311
9.37562 4 0.255213 0.254797 0.255629
9.46237 4 0.255774 0.255276 0.256273
9.54993 4 0.255019 0.254639 0.255398
9.63829 4 0.254571 0.254214 0.254929
9.72747 4 0.254962 0.25457 0.255355
9.81748 4 0.254867 0.254442 0.255292
9.90832 4 0.254506 0.254179 0.254834
10 4 0.254811 0.254411 0.255212
10.0925 4 0.254615 0.254238 0.254992
10.1859 4 0.254441 0.254117 0.254765
10.2802 4 0.254527 0.254193 0.254862
10.3753 4 0.254073 0.253759 0.254386
10.4713 4 0.254266 0.253942 0.25459
10.5682 4 0.253816 0.253545 0.254086
10.666 4 0.254063 0.253756 0.25437
10.7647 4 0.253919 0.25364 0.254199
10.8643 4 0.253866 0.253575 0.254158
10.9648 4 0.25384 0.253549 0.25413
11.0662 4 0.253611 0.253325 0.253896
11.1686 4 0.253539 0.253264 0.253813
11.272 4 0.253776 0.25351 0.254041
11.3763 4 0.253506 0.253225 0.253786
11.4815 4 0.253499 0.253232 0.253765
11.5878 4 0.253533 0.253263 0.253804
11.695 4 0.253402 0.253137 0.253666
11.8032 4 0.25331 0.253041 0.25358
11.9124 4 0.253112 0.252863 0.253362
12.0226 4 0.253346 0.253117 0.253575
12.1339 4 0.253192 0.252961 0.253423
12.2462 4 0.253067 0.252829 0.253306
12.3595 4 0.252973 0.252758 0.253189
12.4738 4 0.253077 0.252854 0.253299
12.5893 4 0.253162 0.252924 0.253399
12.7057 4 0.252822 0.252619 0.253025
12.8233 4 0.252765 0.25254 0.25299
12.942 4 0.252827 0.252613 0.253041
13.0617 4 0.25264 0.25246 0.252821
13.1826 4 0.252663 0.252452 0.252874
13.3045 4 0.252587 0.252403 0.252772
13.4276 4 0.252551 0.252344 0.252759
13.5519 4 0.252294 0.252115 0.252473
13.6773 4 0.252743 0.252523 0.252963
13.8038 4 0.252502 0.252292 0.252711
13.9316 4 0.2524 0.252226 0.252574
14.0605 4 0.252437 0.252255 0.252619
14.1906 4 0.252293 0.252118 0.252468
14.3219 4 0.25244 0.252241 0.252638
14.4544 4 0.252146 0.251978 0.252313
14.5881 4 0.252152 0.251996 0.252308
14.7231 4 0.25223 0.252071 0.252388
14.8594 4 0.251979 0.251826 0.252133
14.9968 4 0.252113 0.251933 0.252294
15.1356 4 0.252002 0.251851 0.252154
15.2757 4 0.251976 0.251823 0.252129
15.417 4 0.25193 0.251778 0.252082
15.5597 4 0.251963 0.251822 0.252104
15.7036 4 0.25183 0.251696 0.251964
15.8489 4 0.251893 0.251742 0.252045
15.9956 4 0.251856 0.251707 0.252005
16.1436 4 0.251695 0.251564 0.251826
16.293 4 0.251563 0.251458 0.251669
16.4437 4 0.251577 0.251446 0.251709
16.5959 4 0.251701 0.251581 0.251821
16.7494 4 0.251701 0.251573 0.251828
16.9044 4 0.251512 0.2514 0.251623
17.0608 4 0.251497 0.251385 0.251609
17.2187 4 0.251651 0.25151 0.251792
17.378 4 0.251593 0.251466 0.251721
17.5388 4 0.251465 0.251354 0.251576
17.7011 4 0.251526 0.251411 0.251641
17.8649 4 0.251466 0.251357 0.251576
18.0302 4 0.251503 0.251382 0.251625
18.197 4 0.251418 0.251306 0.25153
18.3654 4 0.251366 0.251259 0.251473
18.5353 4 0.251424 0.251308 0.251539
18.7068 4 0.251393 0.25128 0.251505
18.8799 4 0.2513 0.25119 0.251409
19.0546 4 0.251261 0.251166 0.251355
19.2309 4 0.251197 0.25111 0.251284
19.4089 4 0.251185 0.251101 0.25127
19.5884 4 0.251153 0.25107 0.251236
19.7697 4 0.251179 0.251083 0.251275
19.9526 4 0.251195 0.251099 0.25129
20.1372 4 0.251153 0.251067 0.251238
20.3236 4 0.251134 0.251047 0.251222
20.5116 4 0.25111 0.25103 0.25119
20.7014 4 0.251065 0.250979 0.251151
20.893 4 0.25108 0.250999 0.251161
21.0863 4 0.251148 0.251058 0.251237
21.2814 4 0.250974 0.250902 0.251046
21.4783 4 0.251032 0.250952 0.251112
21.677 4 0.250962 0.250885 0.251039
21.8776 4 0.250963 0.250883 0.251042
22.08 4 0.250928 0.25086 0.250997
22.2844 4 0.250971 0.250896 0.251046
22.4905 4 0.250897 0.250834 0.25096
22.6986 4 0.250943 0.250869 0.251017
22.9087 4 0.250854 0.250795 0.250914
23.1206 4 0.250885 0.250817 0.250952
23.3346 4 0.250824 0.250764 0.250884
23.5505 4 0.250836 0.25077 0.250903
23.7684 4 0.250838 0.250777 0.250898
23.9883 4 0.250825 0.250767 0.250882
24.2103 4 0.250752 0.250694 0.250809
24.4343 4 0.250793 0.250735 0.25085
24.6604 4 0.250829 0.250768 0.25089
24.8886 4 0.250777 0.250717 0.250837
25.1189 4 0.250768 0.25071 0.250826
25.3513 4 0.250706 0.250651 0.250762
25.5859 4 0.250658 0.250606 0.250711
25.8226 4 0.25071 0.250651 0.250769
26.0615 4 0.250757 0.250699 0.250815
26.3027 4 0.250666 0.250614 0.250718
26.5461 4 0.250652 0.250603 0.2507
26.7917 4 0.25065 0.2506 0.250701
27.0396 4 0.250664 0.250614 0.250715
27.2898 4 0.250635 0.250586 0.250683
27.5423 4 0.250631 0.250584 0.250678
27.7971 4 0.250609 0.250563 0.250654
28.0543 4 0.250623 0.250573 0.250673
28.3139 4 0.250601 0.250553 0.250649
28.5759 4 0.250552 0.25051 0.250595
28.8403 4 0.250553 0.250511 0.250595
29.1072 4 0.250543 0.2505 0.250586
29.3765 4 0.250548 0.25051 0.250586
29.6483 4 0.250528 0.250489 0.250566
29.9226 4 0.250545 0.250499 0.25059
30.1995 4 0.250521 0.250483 0.250559
30.4789 4 0.250522 0.250484 0.25056
30.761 4 0.250529 0.250485 0.250573
31.0456 4 0.250495 0.250458 0.250531
31.3329 4 0.250501 0.250462 0.250539
31.6228 4 0.250473 0.250437 0.250509
31.9154 4 0.250469 0.250432 0.250506
32.2107 4 0.250466 0.250427 0.250505
32.5087 4 0.250424 0.250393 0.250455
32.8095 4 0.250437 0.250404 0.25047
33.1131 4 0.250436 0.250404 0.250469
33.4195 4 0.250428 0.250396 0.250461
33.7287 4 0.250435 0.250399 0.250471
34.0408 4 0.250387 0.250358 0.250416
34.3558 4 0.250417 0.250385 0.250449
34.6737 4 0.250418 0.250385 0.25045
34.9945 4 0.250396 0.250365 0.250427
35.3183 4 0.250345 0.250319 0.250371
35.6451 4 0.250359 0.250332 0.250387
35.9749 4 0.250352 0.250327 0.250376
36.3078 4 0.250351 0.250323 0.250378
36.6438 4 0.25036 0.250331 0.250389
36.9828 4 0.250348 0.250321 0.250376
37.325 4 0.250342 0.250316 0.250369
37.6704 4 0.250317 0.250293 0.25034
38.0189 4 0.250338 0.250312 0.250364
38.3707 4 0.25032 0.250295 0.250344
38.7258 4 0.250291 0.25027 0.250312
39.0841 4 0.250308 0.250283 0.250333
39.4457 4 0.250301 0.250279 0.250323
39.8107 4 0.250302 0.250279 0.250326
40.1791 4 0.25027 0.25025 0.25029
40.5509 4 0.250277 0.250255 0.2503
40.9261 4 0.250313 0.250287 0.250338
41.3048 4 0.250277 0.250257 0.250297
41.6869 4 0.250259 0.25024 0.250278
42.0727 4 0.25028 0.250259 0.250301
42.462 4 0.250254 0.250234 0.250274
42.8549 4 0.250254 0.250235 0.250274
43.2514 4 0.250259 0.25024 0.250277
43.6516 4 0.250244 0.250225 0.250263
44.0555 4 0.250248 0.250229 0.250266
44.4631 4 0.250229 0.250211 0.250246
44.8745 4 0.250232 0.250214 0.25025
45.2898 4 0.250222 0.250206 0.250238
45.7088 4 0.250223 0.250206 0.250239
46.1318 4 0.25022 0.250203 0.250237
46.5586 4 0.250219 0.250203 0.250236
46.9894 4 0.250211 0.250195 0.250226
47.4242 4 0.250205 0.250188 0.250221
47.863 4 0.250224 0.250205 0.250243
48.3059 4 0.250192 0.250177 0.250208
48.7528 4 0.250199 0.250185 0.250213
49.204 4 0.250192 0.250178 0.250207
49.6592 4 0.250197 0.250181 0.250212
50.1187 4 0.250181 0.250167 0.250194
50.5825 4 0.250178 0.250165 0.250191
51.0505 4 0.25018 0.250167 0.250194
51.5229 4 0.250163 0.250151 0.250174
51.9996 4 0.250188 0.250174 0.250202
52.4807 4 0.25018 0.250167 0.250193
52.9663 4 0.250183 0.250168 0.250197
53.4564 4 0.250157 0.250145 0.250169
53.9511 4 0.250151 0.250139 0.250162
54.4503 4 0.250164 0.250151 0.250178
54.9541 4 0.250148 0.250136 0.250159
55.4626 4 0.250157 0.250144 0.250169
55.9758 4 0.250152 0.25014 0.250165
56.4937 4 0.250139 0.250128 0.25015
57.0164 4 0.25015 0.250138 0.250161
57.544 4 0.25014 0.25013 0.250151
58.0764 4 0.250141 0.25013 0.250152
58.6138 4 0.25014 0.25013 0.250151
59.1562 4 0.250122 0.250113 0.250131
59.7035 4 0.250132 0.250121 0.250143
60.256 4 0.250125 0.250116 0.250134
60.8135 4 0.250131 0.250121 0.25014
61.3762 4 0.250134 0.250123 0.250144
61.9441 4 0.250121 0.250112 0.25013
62.5173 4 0.250117 0.250108 0.250126
63.0957 4 0.250115 0.250105 0.250124
63.6796 4 0.250118 0.25011 0.250127
64.2688 4 0.250114 0.250105 0.250123
64.8634 4 0.250118 0.250108 0.250128
65.4636 4 0.250114 0.250105 0.250124
66.0693 4 0.250107 0.250099 0.250115
66.6807 4 0.250107 0.250099 0.250114
67.2977 4 0.250105 0.250097 0.250113
67.9204 4 0.250105 0.250097 0.250113
68.5488 4 0.250103 0.250095 0.25011
69.1831 4 0.250099 0.250091 0.250107
69.8232 4 0.250097 0.250089 0.250105
70.4693 4 0.250093 0.250086 0.250099
71.1214 4 0.25009 0.250083 0.250096
71.7794 4 0.25009 0.250083 0.250097
72.4436 4 0.250091 0.250084 0.250097
73.1139 4 0.250088 0.250082 0.250095
73.7904 4 0.25009 0.250082 0.250098
74.4732 4 0.250095 0.250087 0.250102
75.1623 4 0.250087 0.250081 0.250094
75.8578 4 0.250083 0.250077 0.250089
76.5597 4 0.250076 0.250069 0.250082
77.2681 4 0.250079 0.250073 0.250085
77.983 4 0.25008 0.250073 0.250086
78.7046 4 0.250074 0.250069 0.25008
79.4328 4 0.250073 0.250068 0.250078
80.1678 4 0.250074 0.250069 0.25008
80.9096 4 0.250068 0.250063 0.250073
81.6582 4 0.250072 0.250066 0.250077
82.4138 4 0.25007 0.250064 0.250075
83.1764 4 0.250066 0.250061 0.250071
83.946 4 0.250069 0.250063 0.250074
84.7227 4 0.250066 0.250061 0.250072
85.5067 4 0.250062 0.250057 0.250067
86.2979 4 0.250066 0.250061 0.250072
87.0964 4 0.250059 0.250054 0.250064
87.9023 4 0.250063 0.250058 0.250069
88.7156 4 0.250057 0.250052 0.250061
89.5365 4 0.250061 0.250057 0.250066
90.3649 4 0.250057 0.250053 0.250061
91.2011 4 0.250056 0.250052 0.25006
92.045 4 0.250054 0.25005 0.250057
92.8966 4 0.250057 0.250052 0.250062
93.7562 4 0.250053 0.250049 0.250057
94.6237 4 0.25005 0.250047 0.250054
95.4993 4 0.250051 0.250047 0.250054
96.3829 4 0.25005 0.250046 0.250054
97.2747 4 0.250051 0.250047 0.250055
98.1748 4 0.250049 0.250045 0.250053
99.0832 4 0.25005 0.250046 0.250054
