//tau lambda mean lower_bound upper_bound
0.01 1.158 0.992507 0.989471 0.995543
0.0100925 1.168 0.98994 0.986276 0.993605
0.0101859 1.169 0.988998 0.985187 0.992808
0.0102802 1.146 0.990082 0.986594 0.993571
0.0103753 1.171 0.986727 0.982538 0.990915
0.0104713 1.163 0.98743 0.983246 0.991613
0.0105682 1.171 0.985739 0.981306 0.990172
0.010666 1.169 0.990601 0.98713 0.994072
0.0107647 1.184 0.986691 0.982567 0.990815
0.0108643 1.163 0.987899 0.984076 0.991722
0.0109648 1.171 0.988076 0.98406 0.992093
0.0110662 1.16 0.988758 0.984844 0.992672
0.0111686 1.172 0.990194 0.986725 0.993663
0.011272 1.176 0.988674 0.984825 0.992522
0.0113763 1.178 0.990376 0.98678 0.993973
0.0114815 1.18 0.990064 0.986359 0.99377
0.0115878 1.2 0.988536 0.984872 0.9922
0.011695 1.186 0.988451 0.984572 0.992329
0.0118032 1.183 0.985826 0.981613 0.990038
0.0119124 1.183 0.992741 0.990011 0.995471
0.0120226 1.186 0.987742 0.983812 0.991671
0.0121339 1.172 0.987404 0.983393 0.991415
0.0122462 1.197 0.987139 0.983091 0.991187
0.0123595 1.224 0.985189 0.980907 0.989472
0.0124738 1.194 0.990228 0.986789 0.993667
0.0125893 1.189 0.989627 0.986162 0.993093
0.0127057 1.217 0.987756 0.983793 0.991718
0.0128233 1.18 0.990245 0.986888 0.993603
0.012942 1.213 0.987592 0.983848 0.991336
0.0130617 1.198 0.989835 0.986284 0.993387
0.0131826 1.208 0.990455 0.987313 0.993597
0.0133045 1.2 0.987637 0.983544 0.991731
0.0134276 1.193 0.988158 0.984466 0.991849
0.0135519 1.231 0.986346 0.982349 0.990342
0.0136773 1.215 0.986961 0.982833 0.991089
0.0138038 1.203 0.98771 0.98374 0.991679
0.0139316 1.224 0.985203 0.980804 0.989602
0.0140605 1.243 0.987105 0.983118 0.991092
0.0141906 1.228 0.986363 0.982216 0.99051
0.0143219 1.215 0.990315 0.987047 0.993583
0.0144544 1.227 0.984329 0.979882 0.988776
0.0145881 1.264 0.983279 0.978481 0.988078
0.0147231 1.229 0.988862 0.985363 0.992361
0.0148594 1.27 0.985514 0.9814 0.989629
0.0149968 1.225 0.986657 0.982583 0.990731
0.0151356 1.221 0.985231 0.980817 0.989644
0.0152757 1.242 0.989634 0.985947 0.993321
0.015417 1.237 0.981163 0.976214 0.986112
0.0155597 1.262 0.982965 0.978169 0.987762
0.0157036 1.255 0.987016 0.982903 0.99113
0.0158489 1.262 0.982948 0.978173 0.987724
0.0159956 1.25 0.983567 0.978861 0.988273
0.0161436 1.253 0.983476 0.979128 0.987824
0.016293 1.242 0.984109 0.97953 0.988689
0.0164437 1.263 0.983669 0.979163 0.988176
0.0165959 1.283 0.981985 0.977311 0.98666
0.0167494 1.276 0.981709 0.977103 0.986315
0.0169044 1.298 0.980274 0.975409 0.985139
0.0170608 1.278 0.978599 0.973333 0.983865
0.0172187 1.272 0.983182 0.978592 0.987771
0.017378 1.277 0.982495 0.97763 0.98736
0.0175388 1.286 0.981901 0.977038 0.986764
0.0177011 1.266 0.985992 0.981959 0.990024
0.0178649 1.271 0.983035 0.978554 0.987516
0.0180302 1.303 0.98164 0.977 0.98628
0.018197 1.294 0.984543 0.980142 0.988944
0.0183654 1.3 0.983843 0.979367 0.988319
0.0185353 1.314 0.978514 0.973339 0.983688
0.0187068 1.289 0.982547 0.977944 0.987151
0.0188799 1.304 0.984291 0.979919 0.988663
0.0190546 1.293 0.980216 0.975199 0.985233
0.0192309 1.342 0.978989 0.973696 0.984281
0.0194089 1.312 0.9768 0.971263 0.982336
0.0195884 1.305 0.983845 0.979581 0.98811
0.0197697 1.318 0.976879 0.9715 0.982258
0.0199526 1.32 0.979696 0.974523 0.984868
0.0201372 1.349 0.979697 0.974666 0.984727
0.0203236 1.324 0.98304 0.978745 0.987335
0.0205116 1.326 0.979028 0.973942 0.984115
0.0207014 1.349 0.982127 0.977407 0.986846
0.020893 1.316 0.980957 0.976058 0.985857
0.0210863 1.346 0.978111 0.972783 0.98344
0.0212814 1.332 0.974963 0.969454 0.980473
0.0214783 1.344 0.979847 0.974657 0.985037
0.021677 1.373 0.970617 0.964493 0.976741
0.0218776 1.334 0.977836 0.972544 0.983129
0.02208 1.345 0.976921 0.971571 0.982272
0.0222844 1.347 0.978471 0.973319 0.983624
0.0224905 1.38 0.978035 0.972995 0.983076
0.0226986 1.331 0.981266 0.976427 0.986104
0.0229087 1.405 0.9779 0.972733 0.983067
0.0231206 1.359 0.983928 0.979628 0.988227
0.0233346 1.397 0.979245 0.974243 0.984248
0.0235505 1.384 0.974105 0.968307 0.979902
0.0237684 1.418 0.974968 0.969311 0.980625
0.0239883 1.381 0.978667 0.973444 0.983891
0.0242103 1.401 0.973245 0.967593 0.978898
0.0244343 1.379 0.971086 0.964951 0.97722
0.0246604 1.422 0.973975 0.968299 0.97965
0.0248886 1.435 0.970348 0.964246 0.97645
0.0251189 1.427 0.973926 0.968291 0.979561
0.0253513 1.409 0.975361 0.969819 0.980902
0.0255859 1.393 0.976611 0.971302 0.98192
0.0258226 1.403 0.973382 0.967791 0.978973
0.0260615 1.417 0.976139 0.970882 0.981396
0.0263027 1.407 0.970898 0.964695 0.977101
0.0265461 1.417 0.97087 0.964848 0.976891
0.0267917 1.45 0.970182 0.964142 0.976223
0.0270396 1.429 0.978494 0.973403 0.983585
0.0272898 1.442 0.972776 0.967038 0.978513
0.0275423 1.43 0.972033 0.966254 0.977811
0.0277971 1.455 0.973008 0.967255 0.97876
0.0280543 1.452 0.974183 0.968793 0.979573
0.0283139 1.45 0.973475 0.967855 0.979094
0.0285759 1.48 0.971477 0.965484 0.977471
0.0288403 1.433 0.974711 0.969074 0.980349
0.0291072 1.446 0.970934 0.964739 0.977128
0.0293765 1.493 0.969657 0.963707 0.975607
0.0296483 1.442 0.972686 0.966848 0.978525
0.0299226 1.529 0.968195 0.961957 0.974434
0.0301995 1.48 0.971243 0.965316 0.97717
0.0304789 1.488 0.972018 0.966147 0.977888
0.030761 1.536 0.970319 0.96426 0.976379
0.0310456 1.498 0.971012 0.965186 0.976838
0.0313329 1.481 0.964148 0.957472 0.970824
0.0316228 1.515 0.96879 0.962807 0.974773
0.0319154 1.525 0.966825 0.960782 0.972868
0.0322107 1.517 0.971057 0.96525 0.976864
0.0325087 1.519 0.965378 0.958781 0.971975
0.0328095 1.542 0.969136 0.963096 0.975176
0.0331131 1.514 0.967778 0.961472 0.974084
0.0334195 1.478 0.971684 0.965726 0.977642
0.0337287 1.566 0.968653 0.96253 0.974776
0.0340408 1.568 0.969245 0.96318 0.975311
0.0343558 1.543 0.971097 0.965264 0.97693
0.0346737 1.54 0.963548 0.956838 0.970257
0.0349945 1.549 0.971549 0.96568 0.977419
0.0353183 1.584 0.962299 0.955323 0.969276
0.0356451 1.589 0.961895 0.954889 0.9689
0.0359749 1.617 0.960204 0.953195 0.967212
0.0363078 1.582 0.963351 0.956744 0.969957
0.0366438 1.625 0.959095 0.952 0.966189
0.0369828 1.59 0.958886 0.951593 0.966178
0.037325 1.594 0.960626 0.953804 0.967448
0.0376704 1.611 0.966472 0.960134 0.972811
0.0380189 1.6 0.966875 0.960461 0.97329
0.0383707 1.6 0.964942 0.958538 0.971346
0.0387258 1.603 0.967188 0.96086 0.973517
0.0390841 1.684 0.962486 0.955872 0.969099
0.0394457 1.625 0.963273 0.956651 0.969895
0.0398107 1.607 0.962361 0.955746 0.968975
0.0401791 1.649 0.959279 0.952546 0.966012
0.0405509 1.664 0.953885 0.946431 0.961338
0.0409261 1.689 0.95701 0.950025 0.963995
0.0413048 1.645 0.956826 0.949796 0.963857
0.0416869 1.603 0.969272 0.963376 0.975167
0.0420727 1.727 0.957674 0.950804 0.964544
0.042462 1.693 0.957258 0.950171 0.964345
0.0428549 1.667 0.957102 0.949873 0.964331
0.0432514 1.684 0.955387 0.948159 0.962615
0.0436516 1.689 0.957315 0.950296 0.964335
0.0440555 1.702 0.954226 0.946821 0.961631
0.0444631 1.749 0.954208 0.946635 0.96178
0.0448745 1.728 0.955641 0.948356 0.962926
0.0452898 1.747 0.958405 0.951312 0.965498
0.0457088 1.758 0.957571 0.950599 0.964543
0.0461318 1.759 0.952067 0.944633 0.9595
0.0465586 1.78 0.949183 0.941539 0.956827
0.0469894 1.729 0.960638 0.953972 0.967305
0.0474242 1.756 0.953128 0.945921 0.960335
0.047863 1.793 0.95457 0.947234 0.961905
0.0483059 1.718 0.959877 0.953191 0.966563
0.0487528 1.743 0.954446 0.947239 0.961653
0.049204 1.781 0.95998 0.953354 0.966607
0.0496592 1.779 0.959833 0.953119 0.966547
0.0501187 1.806 0.952723 0.945321 0.960126
0.0505825 1.809 0.947996 0.940132 0.955859
0.0510505 1.825 0.946298 0.938429 0.954166
0.0515229 1.817 0.950182 0.942463 0.9579
0.0519996 1.806 0.95337 0.94587 0.96087
0.0524807 1.821 0.945343 0.937427 0.953259
0.0529663 1.867 0.945335 0.937242 0.953428
0.0534564 1.854 0.952337 0.944721 0.959953
0.0539511 1.866 0.94625 0.938413 0.954087
0.0544503 1.876 0.946207 0.938431 0.953983
0.0549541 1.83 0.954998 0.947771 0.962224
0.0554626 1.877 0.944352 0.936155 0.952549
0.0559758 1.919 0.946946 0.939075 0.954818
0.0564937 1.874 0.949086 0.941124 0.957048
0.0570164 1.915 0.942172 0.934205 0.950139
0.057544 1.849 0.949172 0.941392 0.956953
0.0580764 1.974 0.940378 0.932057 0.948698
0.0586138 1.928 0.947847 0.939944 0.955751
0.0591562 1.884 0.95052 0.942936 0.958104
0.0597035 1.97 0.947516 0.939848 0.955184
0.060256 1.942 0.941033 0.932925 0.949141
0.0608135 1.993 0.945368 0.937477 0.953259
0.0613762 1.914 0.939131 0.930535 0.947728
0.0619441 1.973 0.939586 0.93132 0.947853
0.0625173 2.02 0.932532 0.923758 0.941305
0.0630957 1.988 0.93797 0.92952 0.94642
0.0636796 1.967 0.937797 0.929486 0.946108
0.0642688 2.027 0.940155 0.931841 0.948469
0.0648634 1.956 0.939783 0.931289 0.948278
0.0654636 2.069 0.937701 0.929411 0.945991
0.0660693 2.075 0.934432 0.925854 0.94301
0.0666807 1.963 0.942929 0.934908 0.950949
0.0672977 2.084 0.934205 0.925498 0.942913
0.0679204 2.113 0.929591 0.920583 0.938599
0.0685488 2.018 0.938121 0.929781 0.94646
0.0691831 2.069 0.938072 0.929659 0.946485
0.0698232 2.09 0.936968 0.928507 0.945428
0.0704693 2.132 0.922899 0.913477 0.932321
0.0711214 2.137 0.927471 0.91835 0.936593
0.0717794 2.141 0.931809 0.923035 0.940582
0.0724436 2.103 0.93048 0.921755 0.939204
0.0731139 2.12 0.933235 0.924749 0.941721
0.0737904 2.145 0.929526 0.920545 0.938507
0.0744732 2.183 0.930463 0.92168 0.939246
0.0751623 2.113 0.935595 0.927069 0.944122
0.0758578 2.209 0.93102 0.922366 0.939675
0.0765597 2.178 0.92246 0.913148 0.931771
0.0772681 2.162 0.930501 0.921657 0.939345
0.077983 2.259 0.926616 0.917576 0.935655
0.0787046 2.214 0.924879 0.91565 0.934107
0.0794328 2.22 0.925534 0.916464 0.934603
0.0801678 2.248 0.928371 0.919357 0.937385
0.0809096 2.241 0.921892 0.912654 0.93113
0.0816582 2.266 0.922806 0.913538 0.932074
0.0824138 2.265 0.916713 0.906997 0.926429
0.0831764 2.244 0.918072 0.908656 0.927488
0.083946 2.298 0.919414 0.909904 0.928924
0.0847227 2.288 0.916101 0.906502 0.9257
0.0855067 2.329 0.917138 0.907633 0.926643
0.0862979 2.298 0.919259 0.909708 0.928811
0.0870964 2.307 0.923551 0.91435 0.932752
0.0879023 2.306 0.918237 0.908759 0.927715
0.0887156 2.382 0.912504 0.902667 0.92234
0.0895365 2.372 0.911691 0.901645 0.921737
0.0903649 2.31 0.922371 0.913133 0.93161
0.0912011 2.394 0.902631 0.892224 0.913038
0.092045 2.421 0.906518 0.896557 0.916479
0.0928966 2.373 0.918316 0.9091 0.927532
0.0937562 2.417 0.900941 0.890745 0.911137
0.0946237 2.427 0.905787 0.895707 0.915867
0.0954993 2.371 0.920707 0.911391 0.930022
0.0963829 2.407 0.91909 0.90953 0.928649
0.0972747 2.541 0.90551 0.895471 0.91555
0.0981748 2.482 0.91465 0.905052 0.924247
0.0990832 2.412 0.911219 0.901468 0.920969
0.1 2.491 0.903695 0.89346 0.913929
0.100925 2.564 0.899589 0.889267 0.909911
0.101859 2.517 0.907261 0.897136 0.917385
0.102802 2.61 0.896793 0.886259 0.907327
0.103753 2.535 0.897504 0.886935 0.908073
0.104713 2.589 0.904073 0.893832 0.914314
0.105682 2.616 0.895626 0.88493 0.906322
0.10666 2.589 0.907773 0.898101 0.917444
0.107647 2.556 0.91735 0.907811 0.92689
0.108643 2.531 0.911732 0.902002 0.921461
0.109648 2.65 0.902312 0.892196 0.912429
0.110662 2.638 0.895348 0.88507 0.905626
0.111686 2.641 0.895225 0.884661 0.905789
0.11272 2.628 0.895726 0.885102 0.90635
0.113763 2.74 0.892209 0.881715 0.902703
0.114815 2.678 0.893446 0.882859 0.904033
0.115878 2.64 0.888594 0.877712 0.899477
0.11695 2.701 0.884733 0.873722 0.895744
0.118032 2.682 0.89345 0.88289 0.90401
0.119124 2.742 0.886044 0.875302 0.896786
0.120226 2.745 0.885093 0.874188 0.895998
0.121339 2.754 0.890136 0.879457 0.900816
0.122462 2.727 0.888542 0.877688 0.899396
0.123595 2.699 0.893109 0.882794 0.903423
0.124738 2.788 0.896931 0.886398 0.907464
0.125893 2.762 0.891878 0.881044 0.902713
0.127057 2.848 0.885507 0.874601 0.896412
0.128233 2.827 0.87861 0.867487 0.889733
0.12942 2.814 0.878536 0.867431 0.889641
0.130617 2.828 0.879196 0.868053 0.890339
0.131826 2.858 0.885568 0.874522 0.896615
0.133045 2.879 0.879193 0.868147 0.890239
0.134276 2.899 0.873561 0.862179 0.884942
0.135519 2.941 0.868161 0.85661 0.879713
0.136773 2.921 0.876016 0.864837 0.887195
0.138038 2.854 0.88322 0.872314 0.894127
0.139316 2.902 0.86666 0.854968 0.878352
0.140605 2.913 0.876439 0.865247 0.887631
0.141906 2.946 0.870976 0.859844 0.882107
0.143219 3.016 0.871901 0.860909 0.882893
0.144544 3.027 0.869084 0.857811 0.880357
0.145881 2.981 0.868882 0.857314 0.880451
0.147231 3.008 0.875256 0.864305 0.886207
0.148594 3.016 0.868722 0.857359 0.880086
0.149968 3.092 0.867971 0.856397 0.879546
0.151356 3.044 0.864207 0.852813 0.8756
0.152757 3.098 0.864365 0.853124 0.875607
0.15417 3.038 0.844516 0.832053 0.856978
0.155597 3.109 0.862218 0.850559 0.873877
0.157036 3.171 0.850623 0.838896 0.86235
0.158489 3.099 0.855192 0.843337 0.867047
0.159956 3.148 0.857962 0.846146 0.869779
0.161436 3.143 0.852061 0.840033 0.864089
0.16293 3.234 0.852007 0.84038 0.863635
0.164437 3.12 0.846913 0.835002 0.858825
0.165959 3.163 0.857044 0.845397 0.868691
0.167494 3.15 0.85165 0.839689 0.863611
0.169044 3.166 0.847345 0.835596 0.859094
0.170608 3.214 0.850241 0.838416 0.862066
0.172187 3.169 0.848604 0.836593 0.860615
0.17378 3.227 0.842698 0.830674 0.854721
0.175388 3.264 0.837684 0.825347 0.85002
0.177011 3.237 0.844356 0.83202 0.856691
0.178649 3.2 0.845218 0.833254 0.857182
0.180302 3.272 0.853226 0.841608 0.864844
0.18197 3.258 0.827604 0.815136 0.840071
0.183654 3.357 0.841257 0.829316 0.853197
0.185353 3.238 0.847551 0.835453 0.859648
0.187068 3.33 0.830262 0.817908 0.842617
0.188799 3.313 0.832905 0.820468 0.845343
0.190546 3.335 0.827765 0.815383 0.840146
0.192309 3.305 0.835961 0.823483 0.84844
0.194089 3.352 0.842298 0.829971 0.854626
0.195884 3.392 0.827148 0.814584 0.839712
0.197697 3.389 0.83248 0.820079 0.844881
0.199526 3.394 0.824521 0.811821 0.837222
0.201372 3.373 0.822339 0.809354 0.835323
0.203236 3.464 0.828871 0.816415 0.841328
0.205116 3.457 0.827902 0.815771 0.840034
0.207014 3.433 0.821215 0.808701 0.833729
0.20893 3.455 0.821363 0.808903 0.833824
0.210863 3.511 0.82088 0.808262 0.833498
0.212814 3.528 0.825289 0.81287 0.837707
0.214783 3.502 0.820357 0.80772 0.832993
0.21677 3.548 0.807714 0.794877 0.82055
0.218776 3.541 0.807459 0.794802 0.820115
0.2208 3.562 0.796154 0.782925 0.809383
0.222844 3.551 0.810497 0.797254 0.823739
0.224905 3.538 0.810882 0.798219 0.823546
0.226986 3.551 0.805461 0.792441 0.81848
0.229087 3.584 0.81237 0.799634 0.825107
0.231206 3.548 0.811174 0.798325 0.824023
0.233346 3.575 0.799724 0.786791 0.812657
0.235505 3.58 0.807343 0.794335 0.820352
0.237684 3.585 0.793069 0.779873 0.806265
0.239883 3.584 0.798127 0.785388 0.810866
0.242103 3.581 0.801796 0.788746 0.814846
0.244343 3.613 0.795661 0.782472 0.80885
0.246604 3.644 0.788104 0.774967 0.801241
0.248886 3.653 0.776256 0.763081 0.789431
0.251189 3.64 0.798575 0.785436 0.811714
0.253513 3.65 0.783128 0.769724 0.796532
0.255859 3.672 0.780019 0.76656 0.793477
0.258226 3.71 0.782263 0.769064 0.795462
0.260615 3.68 0.786862 0.773894 0.799829
0.263027 3.677 0.786902 0.773599 0.800206
0.265461 3.707 0.782559 0.769134 0.795983
0.267917 3.684 0.786164 0.772756 0.799571
0.270396 3.743 0.776305 0.763174 0.789436
0.272898 3.731 0.764109 0.750388 0.77783
0.275423 3.723 0.775159 0.761883 0.788435
0.277971 3.757 0.766448 0.753164 0.779732
0.280543 3.693 0.781392 0.767975 0.794809
0.283139 3.758 0.759722 0.746159 0.773286
0.285759 3.762 0.738419 0.72483 0.752008
0.288403 3.787 0.752657 0.739073 0.766242
0.291072 3.766 0.763127 0.74962 0.776634
0.293765 3.787 0.757355 0.743787 0.770924
0.296483 3.775 0.754262 0.740805 0.767718
0.299226 3.79 0.752936 0.739226 0.766646
0.301995 3.829 0.745963 0.732072 0.759854
0.304789 3.81 0.766195 0.752978 0.779412
0.30761 3.781 0.749222 0.735762 0.762683
0.310456 3.809 0.746556 0.733004 0.760109
0.313329 3.816 0.745799 0.732162 0.759435
0.316228 3.857 0.734248 0.720509 0.747986
0.319154 3.794 0.745297 0.731414 0.759181
0.322107 3.837 0.737476 0.72371 0.751242
0.325087 3.851 0.728739 0.715174 0.742304
0.328095 3.862 0.72824 0.714384 0.742096
0.331131 3.85 0.732595 0.718945 0.746244
0.334195 3.888 0.730058 0.716452 0.743664
0.337287 3.88 0.734133 0.720399 0.747866
0.340408 3.866 0.728239 0.714457 0.742021
0.343558 3.876 0.727549 0.713919 0.741178
0.346737 3.883 0.725294 0.711327 0.739261
0.349945 3.889 0.725508 0.711795 0.739221
0.353183 3.899 0.72629 0.712307 0.740273
0.356451 3.892 0.714325 0.700639 0.72801
0.359749 3.917 0.705364 0.691602 0.719126
0.363078 3.89 0.721171 0.7072 0.735142
0.366438 3.914 0.724115 0.710454 0.737777
0.369828 3.897 0.701911 0.687901 0.715921
0.37325 3.906 0.719654 0.705703 0.733606
0.376704 3.91 0.710149 0.696472 0.723826
0.380189 3.921 0.707557 0.69354 0.721574
0.383707 3.917 0.709823 0.696016 0.72363
0.387258 3.929 0.717997 0.704339 0.731655
0.390841 3.931 0.699886 0.685838 0.713934
0.394457 3.938 0.70085 0.687061 0.714639
0.398107 3.941 0.692561 0.678731 0.706391
0.401791 3.935 0.698538 0.684619 0.712456
0.405509 3.949 0.691649 0.677853 0.705445
0.409261 3.956 0.693002 0.678995 0.707009
0.413048 3.951 0.674852 0.660883 0.68882
0.416869 3.96 0.679974 0.666205 0.693744
0.420727 3.966 0.686719 0.673086 0.700352
0.42462 3.973 0.682952 0.669344 0.69656
0.428549 3.969 0.684122 0.670094 0.698149
0.432514 3.98 0.679887 0.665916 0.693858
0.436516 3.964 0.677688 0.663768 0.691609
0.440555 3.955 0.675942 0.662067 0.689816
0.444631 3.963 0.668575 0.654338 0.682811
0.448745 3.952 0.677473 0.663865 0.691081
0.452898 3.977 0.657296 0.643483 0.671109
0.457088 3.969 0.660635 0.646598 0.674671
0.461318 3.966 0.668715 0.65496 0.682469
0.465586 3.977 0.655286 0.641373 0.669199
0.469894 3.978 0.650576 0.636835 0.664317
0.474242 3.978 0.648272 0.634459 0.662085
0.47863 3.982 0.650703 0.637017 0.664389
0.483059 3.982 0.659598 0.645825 0.673371
0.487528 3.985 0.647465 0.633596 0.661334
0.49204 3.981 0.648611 0.634494 0.662727
0.496592 3.991 0.64551 0.631645 0.659375
0.501187 3.991 0.64415 0.630829 0.657471
0.505825 3.992 0.630271 0.616307 0.644234
0.510505 3.99 0.637565 0.623967 0.651162
0.515229 3.978 0.634216 0.620116 0.648315
0.519996 3.98 0.636513 0.623043 0.649983
0.524807 3.993 0.622457 0.608717 0.636198
0.529663 3.991 0.618305 0.604652 0.631958
0.534564 3.99 0.622399 0.608849 0.635949
0.539511 3.992 0.613327 0.599963 0.626691
0.544503 3.987 0.629854 0.616298 0.64341
0.549541 3.991 0.622342 0.608623 0.636061
0.554626 3.993 0.607987 0.594669 0.621304
0.559758 3.988 0.60843 0.594601 0.622259
0.564937 3.99 0.621716 0.608302 0.635129
0.570164 3.988 0.619051 0.605531 0.632572
0.57544 3.994 0.604697 0.591195 0.618199
0.580764 3.993 0.615913 0.602413 0.629412
0.586138 3.994 0.60915 0.595628 0.622671
0.591562 3.999 0.59258 0.579157 0.606003
0.597035 3.997 0.605283 0.59196 0.618607
0.60256 3.996 0.595212 0.581873 0.608551
0.608135 3.997 0.583245 0.569965 0.596525
0.613762 3.994 0.591603 0.578177 0.605029
0.619441 3.99 0.588762 0.575601 0.601923
0.625173 3.994 0.595496 0.581744 0.609249
0.630957 3.996 0.589089 0.575727 0.602451
0.636796 3.998 0.583345 0.57005 0.59664
0.642688 3.997 0.576861 0.563849 0.589874
0.648634 3.999 0.569701 0.556688 0.582715
0.654636 3.997 0.577553 0.564458 0.590648
0.660693 3.998 0.588132 0.574953 0.601311
0.666807 3.995 0.570861 0.557639 0.584083
0.672977 3.999 0.560279 0.547394 0.573164
0.679204 3.997 0.56383 0.550655 0.577006
0.685488 3.998 0.569386 0.556515 0.582257
0.691831 3.997 0.553109 0.540231 0.565987
0.698232 4 0.549583 0.53728 0.561887
0.704693 4 0.551047 0.538074 0.56402
0.711214 4 0.549426 0.536753 0.562099
0.717794 3.998 0.556339 0.543413 0.569266
0.724436 4 0.539952 0.527465 0.552439
0.731139 3.999 0.54805 0.535128 0.560972
0.737904 4 0.547115 0.534303 0.559926
0.744732 3.999 0.54181 0.529165 0.554455
0.751623 3.999 0.5623 0.549171 0.575429
0.758578 4 0.535767 0.523104 0.54843
0.765597 4 0.531289 0.518852 0.543726
0.772681 4 0.529744 0.517543 0.541944
0.77983 4 0.533019 0.520678 0.54536
0.787046 4 0.524918 0.512734 0.537103
0.794328 4 0.516983 0.505244 0.528722
0.801678 4 0.527097 0.514837 0.539357
0.809096 4 0.520617 0.508418 0.532816
0.816582 4 0.530933 0.518283 0.543583
0.824138 4 0.523812 0.511567 0.536058
0.831764 4 0.510889 0.498983 0.522795
0.83946 4 0.509196 0.497092 0.5213
0.847227 4 0.509082 0.496899 0.521265
0.855067 4 0.515 0.503265 0.526736
0.862979 4 0.521263 0.509045 0.533481
0.870964 4 0.507992 0.496068 0.519915
0.879023 4 0.491524 0.480075 0.502974
0.887156 4 0.50378 0.492037 0.515523
0.895365 4 0.50424 0.492596 0.515884
0.903649 4 0.499601 0.487782 0.511421
0.912011 4 0.499461 0.487817 0.511104
0.92045 4 0.49365 0.481772 0.505529
0.928966 4 0.483732 0.472809 0.494655
0.937562 4 0.482475 0.471296 0.493654
0.946237 4 0.481665 0.470526 0.492804
0.954993 4 0.475629 0.464309 0.48695
0.963829 4 0.475613 0.464478 0.486748
0.972747 4 0.480948 0.469727 0.492169
0.981748 4 0.493973 0.48224 0.505706
0.990832 4 0.462788 0.452305 0.473271
1 4 0.46923 0.458298 0.480162
1.00925 4 0.46785 0.457325 0.478374
1.01859 4 0.471884 0.460778 0.48299
1.02802 4 0.463134 0.452402 0.473865
1.03753 4 0.462889 0.452124 0.473655
1.04713 4 0.465653 0.454995 0.47631
1.05682 4 0.459771 0.449094 0.470447
1.0666 4 0.459204 0.448651 0.469758
1.07647 4 0.466846 0.455926 0.477765
1.08643 4 0.455893 0.445013 0.466773
1.09648 4 0.44517 0.434715 0.455625
1.10662 4 0.441537 0.431238 0.451835
1.11686 4 0.438929 0.428949 0.448909
1.1272 4 0.444399 0.434459 0.454338
1.13763 4 0.436078 0.426225 0.44593
1.14815 4 0.433444 0.423936 0.442951
1.15878 4 0.435827 0.425785 0.445869
1.1695 4 0.437066 0.427182 0.44695
1.18032 4 0.427317 0.417947 0.436686
1.19124 4 0.432712 0.423061 0.442363
1.20226 4 0.430291 0.420661 0.43992
1.21339 4 0.434262 0.424742 0.443782
1.22462 4 0.426897 0.417151 0.436643
1.23595 4 0.427466 0.417728 0.437204
1.24738 4 0.428926 0.419298 0.438555
1.25893 4 0.413837 0.40491 0.422763
1.27057 4 0.424261 0.414814 0.433708
1.28233 4 0.416037 0.406725 0.42535
1.2942 4 0.414858 0.405966 0.42375
1.30617 4 0.417139 0.407992 0.426286
1.31826 4 0.407701 0.398922 0.41648
1.33045 4 0.40885 0.400112 0.417588
1.34276 4 0.407457 0.398734 0.416179
1.35519 4 0.4024 0.393771 0.411028
1.36773 4 0.403337 0.394679 0.411995
1.38038 4 0.39648 0.388061 0.404899
1.39316 4 0.40318 0.394373 0.411987
1.40605 4 0.395169 0.387052 0.403287
1.41906 4 0.400726 0.391832 0.409619
1.43219 4 0.396282 0.387774 0.404791
1.44544 4 0.394715 0.386371 0.403058
1.45881 4 0.391878 0.383446 0.400311
1.47231 4 0.385828 0.377804 0.393852
1.48594 4 0.393722 0.385464 0.401981
1.49968 4 0.388249 0.38028 0.396218
1.51356 4 0.384365 0.376474 0.392255
1.52757 4 0.381904 0.373825 0.389983
1.5417 4 0.379783 0.371944 0.387621
1.55597 4 0.372881 0.365691 0.380071
1.57036 4 0.384197 0.376152 0.392241
1.58489 4 0.382933 0.374882 0.390984
1.59956 4 0.377905 0.370384 0.385426
1.61436 4 0.37988 0.372128 0.387632
1.6293 4 0.374787 0.367369 0.382205
1.64437 4 0.363005 0.355893 0.370118
1.65959 4 0.36612 0.358809 0.373431
1.67494 4 0.369866 0.362546 0.377186
1.69044 4 0.364139 0.357456 0.370822
1.70608 4 0.366246 0.358716 0.373776
1.72187 4 0.36713 0.360059 0.374202
1.7378 4 0.358037 0.351778 0.364296
1.75388 4 0.361929 0.355285 0.368573
1.77011 4 0.356863 0.35025 0.363476
1.78649 4 0.358223 0.351541 0.364905
1.80302 4 0.354355 0.347956 0.360753
1.8197 4 0.353039 0.346747 0.359331
1.83654 4 0.34894 0.342661 0.35522
1.85353 4 0.353982 0.347576 0.360389
1.87068 4 0.353075 0.346819 0.359332
1.88799 4 0.348389 0.342266 0.354513
1.90546 4 0.350279 0.344254 0.356303
1.92309 4 0.34928 0.342663 0.355897
1.94089 4 0.347003 0.340743 0.353264
1.95884 4 0.33987 0.333983 0.345756
1.97697 4 0.337897 0.332168 0.343625
1.99526 4 0.338918 0.333177 0.344659
2.01372 4 0.336904 0.331487 0.342321
2.03236 4 0.335669 0.329926 0.341411
2.05116 4 0.33834 0.332547 0.344134
2.07014 4 0.341722 0.335997 0.347447
2.0893 4 0.338376 0.332596 0.344156
2.10863 4 0.337511 0.331816 0.343206
2.12814 4 0.330239 0.325316 0.335161
2.14783 4 0.334102 0.328431 0.339773
2.1677 4 0.32953 0.324127 0.334934
2.18776 4 0.327718 0.322908 0.332529
2.208 4 0.320805 0.31628 0.325329
2.22844 4 0.32762 0.322358 0.332883
2.24905 4 0.331551 0.326325 0.336777
2.26986 4 0.322667 0.317933 0.327401
2.29087 4 0.322788 0.318247 0.327329
2.31206 4 0.325963 0.321001 0.330926
2.33346 4 0.322419 0.317475 0.327363
2.35505 4 0.323247 0.31841 0.328083
2.37684 4 0.316767 0.312287 0.321248
2.39883 4 0.314519 0.310357 0.318682
2.42103 4 0.319668 0.314868 0.324468
2.44343 4 0.313768 0.30932 0.318217
2.46604 4 0.316748 0.312385 0.321111
2.48886 4 0.311987 0.307412 0.316562
2.51189 4 0.311166 0.306812 0.31552
2.53513 4 0.311413 0.307294 0.315531
2.55859 4 0.311561 0.307283 0.315838
2.58226 4 0.31438 0.31021 0.318549
2.60615 4 0.312121 0.307617 0.316625
2.63027 4 0.306395 0.302378 0.310411
2.65461 4 0.309899 0.305835 0.313963
2.67917 4 0.30621 0.302198 0.310222
2.70396 4 0.301387 0.297839 0.304934
2.72898 4 0.305641 0.301804 0.309478
2.75423 4 0.30403 0.300454 0.307606
2.77971 4 0.303689 0.300069 0.307308
2.80543 4 0.301593 0.297808 0.305377
2.83139 4 0.302403 0.298737 0.306069
2.85759 4 0.300643 0.29685 0.304436
2.88403 4 0.30054 0.296887 0.304192
2.91072 4 0.297783 0.294326 0.30124
2.93765 4 0.29955 0.296396 0.302705
2.96483 4 0.296627 0.293639 0.299615
2.99226 4 0.298991 0.295556 0.302426
3.01995 4 0.29707 0.293916 0.300224
3.04789 4 0.297438 0.294159 0.300717
3.0761 4 0.294986 0.291992 0.29798
3.10456 4 0.29439 0.291403 0.297377
3.13329 4 0.2946 0.291572 0.297627
3.16228 4 0.293374 0.290345 0.296403
3.19154 4 0.291371 0.288588 0.294153
3.22107 4 0.291872 0.28903 0.294714
3.25087 4 0.290041 0.287147 0.292935
3.28095 4 0.290857 0.28823 0.293484
3.31131 4 0.288808 0.286068 0.291548
3.34195 4 0.2888 0.285835 0.291766
3.37287 4 0.288065 0.285262 0.290867
3.40408 4 0.288726 0.285944 0.291507
3.43558 4 0.289622 0.286705 0.292538
3.46737 4 0.289528 0.286331 0.292725
3.49945 4 0.286204 0.283668 0.28874
3.53183 4 0.286658 0.28418 0.289136
3.56451 4 0.285816 0.28341 0.288223
3.59749 4 0.285427 0.282618 0.288235
3.63078 4 0.282771 0.280426 0.285115
3.66438 4 0.284607 0.281591 0.287623
3.69828 4 0.282798 0.280432 0.285163
3.7325 4 0.283088 0.280751 0.285425
3.76704 4 0.282474 0.280026 0.284921
3.80189 4 0.27969 0.277637 0.281744
3.83707 4 0.279544 0.277588 0.2815
3.87258 4 0.28209 0.279651 0.284529
3.90841 4 0.278963 0.276985 0.280942
3.94457 4 0.280222 0.278143 0.282301
3.98107 4 0.279813 0.277629 0.281998
4.01791 4 0.279934 0.277578 0.28229
4.05509 4 0.276692 0.274928 0.278456
4.09261 4 0.276573 0.274759 0.278387
4.13048 4 0.277029 0.275174 0.278883
4.16869 4 0.276117 0.27441 0.277825
4.20727 4 0.275644 0.273886 0.277402
4.2462 4 0.276315 0.274525 0.278106
4.28549 4 0.275119 0.2731 0.277138
4.32514 4 0.275179 0.273325 0.277033
4.36516 4 0.274839 0.273122 0.276555
4.40555 4 0.2732 0.271685 0.274715
4.44631 4 0.273087 0.27142 0.274754
4.48745 4 0.27503 0.273215 0.276844
4.52898 4 0.27302 0.271179 0.274861
4.57088 4 0.272809 0.271158 0.27446
4.61318 4 0.272911 0.271398 0.274425
4.65586 4 0.272166 0.270598 0.273734
4.69894 4 0.271943 0.270452 0.273434
4.74242 4 0.271006 0.269571 0.272442
4.7863 4 0.269889 0.268388 0.271389
4.83059 4 0.27187 0.270211 0.273529
4.87528 4 0.269545 0.26824 0.27085
4.9204 4 0.271302 0.269641 0.272964
4.96592 4 0.269668 0.26827 0.271066
5.01187 4 0.270624 0.269104 0.272144
5.05825 4 0.267775 0.266512 0.269037
5.10505 4 0.268302 0.26705 0.269555
5.15229 4 0.269193 0.267714 0.270672
5.19996 4 0.267369 0.266229 0.268509
5.24807 4 0.267475 0.26625 0.2687
5.29663 4 0.267536 0.266383 0.268689
5.34564 4 0.267097 0.265918 0.268277
5.39511 4 0.268973 0.267487 0.270459
5.44503 4 0.267152 0.265836 0.268469
5.49541 4 0.265808 0.264731 0.266886
5.54626 4 0.265645 0.264549 0.266741
5.59758 4 0.265174 0.26414 0.266209
5.64937 4 0.264877 0.263843 0.265911
5.70164 4 0.266015 0.26489 0.267139
5.7544 4 0.265394 0.264344 0.266445
5.80764 4 0.266034 0.264949 0.26712
5.86138 4 0.265667 0.264583 0.266752
5.91562 4 0.264792 0.263745 0.265839
5.97035 4 0.264451 0.263428 0.265475
6.0256 4 0.263926 0.262861 0.264992
6.08135 4 0.264642 0.263585 0.265698
6.13762 4 0.263903 0.262876 0.26493
6.19441 4 0.263266 0.262274 0.264258
6.25173 4 0.262718 0.261841 0.263596
6.30957 4 0.263065 0.262128 0.264002
6.36796 4 0.262916 0.2619 0.263931
6.42688 4 0.261704 0.260907 0.2625
6.48634 4 0.262291 0.261485 0.263097
6.54636 4 0.262478 0.261532 0.263424
6.60693 4 0.261649 0.260809 0.262489
6.66807 4 0.261611 0.260808 0.262415
6.72977 4 0.261706 0.260897 0.262514
6.79204 4 0.2611 0.260411 0.261788
6.85488 4 0.261014 0.260267 0.261761
6.91831 4 0.260928 0.26018 0.261675
6.98232 4 0.261291 0.260509 0.262073
7.04693 4 0.260215 0.259496 0.260934
7.11214 4 0.26054 0.259818 0.261261
7.17794 4 0.260786 0.260038 0.261534
7.24436 4 0.260342 0.259549 0.261135
7.31139 4 0.260397 0.259718 0.261076
7.37904 4 0.260294 0.259614 0.260973
7.44732 4 0.259977 0.25925 0.260704
7.51623 4 0.260404 0.25966 0.261148
7.58578 4 0.260478 0.259787 0.261168
7.65597 4 0.259625 0.25899 0.260259
7.72681 4 0.259409 0.258751 0.260068
7.7983 4 0.259138 0.258512 0.259765
7.87046 4 0.258649 0.258082 0.259216
7.94328 4 0.259324 0.258722 0.259927
8.01678 4 0.258855 0.258192 0.259517
8.09096 4 0.258973 0.258351 0.259595
8.16582 4 0.258528 0.257981 0.259075
8.24138 4 0.25863 0.25806 0.2592
8.31764 4 0.258038 0.257479 0.258598
8.3946 4 0.258567 0.257958 0.259177
8.47227 4 0.258267 0.257718 0.258816
8.55067 4 0.258446 0.257816 0.259075
8.62979 4 0.257783 0.257253 0.258314
8.70964 4 0.257722 0.25722 0.258224
8.79023 4 0.257991 0.257426 0.258557
8.87156 4 0.258293 0.25772 0.258867
8.95365 4 0.25746 0.25697 0.25795
9.03649 4 0.257158 0.256709 0.257608
9.12011 4 0.257594 0.257108 0.25808
9.2045 4 0.257463 0.25694 0.257986
9.28966 4 0.256952 0.2565 0.257404
9.37562 4 0.256892 0.256449 0.257335
9.46237 4 0.257006 0.256564 0.257447
9.54993 4 0.256649 0.256219 0.25708
9.63829 4 0.257108 0.256627 0.25759
9.72747 4 0.256888 0.256427 0.257348
9.81748 4 0.256577 0.256051 0.257102
9.90832 4 0.256394 0.255962 0.256826
10 4 0.256404 0.255996 0.256813
10.0925 4 0.256525 0.256082 0.256967
10.1859 4 0.256346 0.255968 0.256724
10.2802 4 0.256027 0.255647 0.256406
10.3753 4 0.256161 0.255739 0.256582
10.4713 4 0.256387 0.255963 0.25681
10.5682 4 0.255744 0.255359 0.256129
10.666 4 0.255938 0.255572 0.256304
10.7647 4 0.255782 0.255421 0.256143
10.8643 4 0.255709 0.255357 0.256061
10.9648 4 0.255639 0.255273 0.256005
11.0662 4 0.255524 0.255184 0.255863
11.1686 4 0.255526 0.255183 0.255868
11.272 4 0.255742 0.255394 0.256091
11.3763 4 0.255505 0.255111 0.2559
11.4815 4 0.255302 0.254964 0.25564
11.5878 4 0.255261 0.254918 0.255604
11.695 4 0.255293 0.254985 0.255602
11.8032 4 0.255234 0.254915 0.255553
11.9124 4 0.254946 0.254667 0.255224
12.0226 4 0.255106 0.254791 0.255421
12.1339 4 0.255059 0.254749 0.25537
12.2462 4 0.254941 0.254623 0.255258
12.3595 4 0.254998 0.254704 0.255292
12.4738 4 0.254946 0.254655 0.255236
12.5893 4 0.254724 0.254439 0.255008
12.7057 4 0.254832 0.254516 0.255147
12.8233 4 0.254631 0.254317 0.254945
12.942 4 0.254708 0.254417 0.255
13.0617 4 0.254681 0.254377 0.254985
13.1826 4 0.254496 0.254218 0.254775
13.3045 4 0.254566 0.254289 0.254844
13.4276 4 0.254595 0.254303 0.254887
13.5519 4 0.254437 0.254186 0.254687
13.6773 4 0.254121 0.253874 0.254368
13.8038 4 0.254224 0.253973 0.254476
13.9316 4 0.254262 0.254013 0.254512
14.0605 4 0.254205 0.25396 0.25445
14.1906 4 0.254159 0.253929 0.25439
14.3219 4 0.254022 0.253776 0.254268
14.4544 4 0.253878 0.253634 0.254123
14.5881 4 0.253848 0.253622 0.254074
14.7231 4 0.253894 0.253671 0.254117
14.8594 4 0.254195 0.253942 0.254448
14.9968 4 0.253998 0.253757 0.254239
15.1356 4 0.253847 0.253627 0.254066
15.2757 4 0.253841 0.253617 0.254066
15.417 4 0.253628 0.253427 0.253829
15.5597 4 0.25393 0.253697 0.254164
15.7036 4 0.253663 0.253442 0.253883
15.8489 4 0.253652 0.253447 0.253858
15.9956 4 0.253631 0.253411 0.25385
16.1436 4 0.253522 0.25331 0.253733
16.293 4 0.253535 0.253321 0.253748
16.4437 4 0.253665 0.25344 0.25389
16.5959 4 0.253311 0.253114 0.253507
16.7494 4 0.253417 0.253214 0.25362
16.9044 4 0.253777 0.253544 0.25401
17.0608 4 0.253433 0.253216 0.253651
17.2187 4 0.253305 0.253126 0.253483
17.378 4 0.253374 0.253188 0.253561
17.5388 4 0.253345 0.253148 0.253542
17.7011 4 0.253203 0.253032 0.253374
17.8649 4 0.253204 0.253021 0.253387
18.0302 4 0.253231 0.253051 0.253412
18.197 4 0.253215 0.253033 0.253397
18.3654 4 0.253259 0.253078 0.253441
18.5353 4 0.253208 0.253028 0.253389
18.7068 4 0.253392 0.2532 0.253584
18.8799 4 0.253191 0.253011 0.253371
19.0546 4 0.253049 0.252883 0.253215
19.2309 4 0.253133 0.252956 0.253311
19.4089 4 0.253172 0.252989 0.253355
19.5884 4 0.253109 0.252944 0.253274
19.7697 4 0.252944 0.252778 0.25311
19.9526 4 0.252954 0.252799 0.253109
20.1372 4 0.252946 0.252778 0.253114
20.3236 4 0.25291 0.252754 0.253065
20.5116 4 0.252948 0.25279 0.253106
20.7014 4 0.252789 0.252647 0.252931
20.893 4 0.252871 0.252715 0.253028
21.0863 4 0.253025 0.25285 0.2532
21.2814 4 0.252849 0.252689 0.253009
21.4783 4 0.252967 0.252799 0.253135
21.677 4 0.25291 0.252753 0.253067
21.8776 4 0.252965 0.252795 0.253134
22.08 4 0.252976 0.252819 0.253132
22.2844 4 0.252948 0.252784 0.253111
22.4905 4 0.25281 0.25266 0.25296
22.6986 4 0.252864 0.25271 0.253019
22.9087 4 0.252784 0.252643 0.252925
23.1206 4 0.252704 0.252548 0.25286
23.3346 4 0.252784 0.252635 0.252933
23.5505 4 0.252767 0.252615 0.252919
23.7684 4 0.252785 0.252623 0.252946
23.9883 4 0.25272 0.252581 0.252859
24.2103 4 0.252593 0.25245 0.252736
24.4343 4 0.252653 0.252508 0.252798
24.6604 4 0.25261 0.252473 0.252746
24.8886 4 0.252747 0.252587 0.252907
25.1189 4 0.252548 0.252413 0.252683
25.3513 4 0.252563 0.252422 0.252704
25.5859 4 0.252646 0.252509 0.252784
25.8226 4 0.252464 0.252339 0.25259
26.0615 4 0.252528 0.252396 0.252661
26.3027 4 0.252667 0.252518 0.252816
26.5461 4 0.25247 0.252347 0.252594
26.7917 4 0.252514 0.252381 0.252647
27.0396 4 0.252468 0.252334 0.252602
27.2898 4 0.252464 0.252331 0.252597
27.5423 4 0.252576 0.252447 0.252705
27.7971 4 0.252429 0.252299 0.25256
28.0543 4 0.252496 0.25236 0.252632
28.3139 4 0.252443 0.252318 0.252569
28.5759 4 0.252447 0.252321 0.252572
28.8403 4 0.252496 0.252362 0.25263
29.1072 4 0.252495 0.252361 0.252628
29.3765 4 0.25244 0.252316 0.252564
29.6483 4 0.252423 0.252298 0.252549
29.9226 4 0.252359 0.252235 0.252484
30.1995 4 0.252365 0.25224 0.252489
30.4789 4 0.252445 0.252319 0.252571
30.761 4 0.252506 0.25237 0.252642
31.0456 4 0.252379 0.252247 0.252511
31.3329 4 0.252457 0.252331 0.252582
31.6228 4 0.25232 0.252202 0.252439
31.9154 4 0.252372 0.252249 0.252494
32.2107 4 0.252265 0.252147 0.252383
32.5087 4 0.252312 0.252196 0.252427
32.8095 4 0.252319 0.252201 0.252436
33.1131 4 0.252295 0.252173 0.252417
33.4195 4 0.252303 0.252187 0.25242
33.7287 4 0.25228 0.252167 0.252393
34.0408 4 0.252281 0.252164 0.252398
34.3558 4 0.252266 0.252154 0.252379
34.6737 4 0.252241 0.252122 0.252359
34.9945 4 0.252281 0.252166 0.252397
35.3183 4 0.252312 0.252188 0.252435
35.6451 4 0.252222 0.252106 0.252339
35.9749 4 0.252222 0.252107 0.252338
36.3078 4 0.252251 0.252136 0.252365
36.6438 4 0.252232 0.25211 0.252354
36.9828 4 0.252084 0.251982 0.252187
37.325 4 0.252206 0.252087 0.252325
37.6704 4 0.252214 0.252106 0.252323
38.0189 4 0.252115 0.252008 0.252223
38.3707 4 0.252288 0.252171 0.252405
38.7258 4 0.252199 0.252088 0.25231
39.0841 4 0.252133 0.252023 0.252242
39.4457 4 0.252144 0.252036 0.252251
39.8107 4 0.252126 0.252023 0.25223
40.1791 4 0.252233 0.252117 0.25235
40.5509 4 0.252134 0.252019 0.252249
40.9261 4 0.252026 0.251926 0.252126
41.3048 4 0.252073 0.251963 0.252183
41.6869 4 0.252054 0.251944 0.252163
42.0727 4 0.252142 0.25203 0.252254
42.462 4 0.252126 0.252014 0.252238
42.8549 4 0.252215 0.252104 0.252325
43.2514 4 0.252118 0.252014 0.252222
43.6516 4 0.25222 0.252104 0.252336
44.0555 4 0.252023 0.251923 0.252123
44.4631 4 0.252136 0.252023 0.252249
44.8745 4 0.252091 0.251986 0.252197
45.2898 4 0.252055 0.251948 0.252162
45.7088 4 0.25209 0.251983 0.252197
46.1318 4 0.25203 0.251926 0.252134
46.5586 4 0.252076 0.251974 0.252178
46.9894 4 0.252136 0.25203 0.252242
47.4242 4 0.252099 0.251992 0.252206
47.863 4 0.252 0.251903 0.252097
48.3059 4 0.252094 0.251982 0.252207
48.7528 4 0.252048 0.251946 0.25215
49.204 4 0.252051 0.251946 0.252156
49.6592 4 0.251999 0.251898 0.2521
50.1187 4 0.252039 0.251937 0.252141
50.5825 4 0.252078 0.251974 0.252183
51.0505 4 0.252005 0.251906 0.252104
51.5229 4 0.252023 0.251924 0.252122
51.9996 4 0.251993 0.251894 0.252093
52.4807 4 0.252038 0.251934 0.252143
52.9663 4 0.252005 0.251906 0.252105
53.4564 4 0.251984 0.251884 0.252085
53.9511 4 0.252026 0.251924 0.252128
54.4503 4 0.252098 0.251995 0.2522
54.9541 4 0.252171 0.252056 0.252285
55.4626 4 0.252027 0.251926 0.252127
55.9758 4 0.252036 0.25193 0.252142
56.4937 4 0.251987 0.251882 0.252092
57.0164 4 0.25197 0.251867 0.252073
57.544 4 0.252069 0.251959 0.252179
58.0764 4 0.251994 0.251889 0.252099
58.6138 4 0.251977 0.251877 0.252076
59.1562 4 0.252019 0.251919 0.252119
59.7035 4 0.252015 0.251914 0.252115
60.256 4 0.25199 0.251888 0.252091
60.8135 4 0.252001 0.2519 0.252101
61.3762 4 0.251962 0.251864 0.252061
61.9441 4 0.251964 0.251867 0.252061
62.5173 4 0.252016 0.251916 0.252116
63.0957 4 0.251974 0.251869 0.252078
63.6796 4 0.251954 0.251858 0.25205
64.2688 4 0.251932 0.251835 0.252028
64.8634 4 0.251982 0.251881 0.252083
65.4636 4 0.252018 0.25191 0.252126
66.0693 4 0.251986 0.251887 0.252085
66.6807 4 0.252023 0.251921 0.252126
67.2977 4 0.251937 0.251842 0.252032
67.9204 4 0.252063 0.251961 0.252166
68.5488 4 0.251965 0.25186 0.252071
69.1831 4 0.252043 0.251939 0.252148
69.8232 4 0.251915 0.251818 0.252012
70.4693 4 0.251901 0.251806 0.251995
71.1214 4 0.251959 0.251859 0.25206
71.7794 4 0.252016 0.251919 0.252114
72.4436 4 0.252002 0.251904 0.252101
73.1139 4 0.252082 0.251974 0.252191
73.7904 4 0.251866 0.251773 0.25196
74.4732 4 0.251869 0.251777 0.251961
75.1623 4 0.251912 0.25182 0.252004
75.8578 4 0.251989 0.251883 0.252094
76.5597 4 0.252007 0.251907 0.252106
77.2681 4 0.251962 0.251866 0.252058
77.983 4 0.251921 0.251823 0.252018
78.7046 4 0.251926 0.251826 0.252026
79.4328 4 0.251944 0.251848 0.25204
80.1678 4 0.252025 0.251923 0.252126
80.9096 4 0.251967 0.251869 0.252064
81.6582 4 0.251962 0.251864 0.252061
82.4138 4 0.252029 0.251924 0.252134
83.1764 4 0.251958 0.251865 0.252051
83.946 4 0.251996 0.251895 0.252098
84.7227 4 0.251955 0.251855 0.252055
85.5067 4 0.251917 0.251818 0.252016
86.2979 4 0.251971 0.251875 0.252067
87.0964 4 0.252002 0.251904 0.2521
87.9023 4 0.251926 0.251833 0.25202
88.7156 4 0.251922 0.251827 0.252017
89.5365 4 0.251969 0.251863 0.252075
90.3649 4 0.251962 0.251857 0.252067
91.2011 4 0.251939 0.251841 0.252038
92.045 4 0.252075 0.251972 0.252177
92.8966 4 0.251944 0.251843 0.252045
93.7562 4 0.251932 0.251831 0.252033
94.6237 4 0.251895 0.2518 0.25199
95.4993 4 0.251909 0.251815 0.252004
96.3829 4 0.251936 0.251839 0.252033
97.2747 4 0.251938 0.251844 0.252032
98.1748 4 0.251914 0.251818 0.25201
99.0832 4 0.25192 0.251824 0.252017
