//tau lambda mean lower_bound upper_bound
0.01 1.158 0.992507 0.989471 0.995543
0.0100925 1.169 0.99052 0.987031 0.99401
0.0101859 1.167 0.989238 0.985435 0.993041
0.0102802 1.16 0.988887 0.985142 0.992631
0.0103753 1.171 0.986726 0.982538 0.990914
0.0104713 1.162 0.987313 0.983168 0.991459
0.0105682 1.168 0.985786 0.981353 0.990219
0.010666 1.168 0.990608 0.987137 0.994079
0.0107647 1.184 0.988161 0.984315 0.992007
0.0108643 1.179 0.988325 0.984462 0.992187
0.0109648 1.17 0.98801 0.983991 0.99203
0.0110662 1.164 0.98832 0.984296 0.992345
0.0111686 1.168 0.989963 0.98646 0.993465
0.011272 1.174 0.989086 0.985351 0.992821
0.0113763 1.173 0.989496 0.985622 0.99337
0.0114815 1.192 0.985528 0.981106 0.98995
0.0115878 1.174 0.989788 0.986263 0.993312
0.011695 1.177 0.99024 0.986778 0.993702
0.0118032 1.191 0.98616 0.982077 0.990244
0.0119124 1.182 0.992822 0.99004 0.995604
0.0120226 1.185 0.988217 0.984394 0.99204
0.0121339 1.172 0.986498 0.982339 0.990658
0.0122462 1.196 0.987721 0.983779 0.991663
0.0123595 1.226 0.985875 0.981614 0.990136
0.0124738 1.213 0.984167 0.97958 0.988754
0.0125893 1.213 0.988054 0.984274 0.991834
0.0127057 1.208 0.988895 0.98529 0.992501
0.0128233 1.177 0.990287 0.986897 0.993677
0.012942 1.212 0.987171 0.983253 0.99109
0.0130617 1.193 0.99096 0.987575 0.994344
0.0131826 1.212 0.990684 0.987548 0.99382
0.0133045 1.21 0.987098 0.982942 0.991254
0.0134276 1.203 0.986127 0.981938 0.990316
0.0135519 1.222 0.988908 0.985331 0.992484
0.0136773 1.216 0.986098 0.981848 0.990348
0.0138038 1.186 0.985552 0.981162 0.989942
0.0139316 1.221 0.984546 0.979925 0.989166
0.0140605 1.251 0.984674 0.980204 0.989145
0.0141906 1.213 0.987125 0.98311 0.991139
0.0143219 1.242 0.980389 0.975534 0.985244
0.0144544 1.231 0.985262 0.981081 0.989443
0.0145881 1.257 0.983842 0.979139 0.988546
0.0147231 1.224 0.990508 0.987367 0.993649
0.0148594 1.237 0.986476 0.982385 0.990566
0.0149968 1.237 0.986226 0.982083 0.990369
0.0151356 1.234 0.983535 0.97894 0.98813
0.0152757 1.242 0.98857 0.984863 0.992277
0.015417 1.251 0.985292 0.981134 0.98945
0.0155597 1.263 0.982555 0.977679 0.987431
0.0157036 1.24 0.985851 0.981698 0.990004
0.0158489 1.262 0.984306 0.979671 0.988941
0.0159956 1.247 0.982763 0.977981 0.987545
0.0161436 1.269 0.982913 0.978369 0.987457
0.016293 1.25 0.982134 0.977336 0.986933
0.0164437 1.268 0.982854 0.978243 0.987464
0.0165959 1.265 0.986301 0.98235 0.990252
0.0167494 1.279 0.981166 0.976517 0.985814
0.0169044 1.273 0.984117 0.979671 0.988563
0.0170608 1.268 0.982318 0.977476 0.987161
0.0172187 1.287 0.982593 0.977932 0.987254
0.017378 1.279 0.985953 0.981692 0.990215
0.0175388 1.275 0.982971 0.97844 0.987502
0.0177011 1.282 0.984595 0.980266 0.988925
0.0178649 1.288 0.982681 0.978178 0.987185
0.0180302 1.298 0.982448 0.977926 0.986971
0.018197 1.298 0.980222 0.975167 0.985278
0.0183654 1.295 0.980864 0.975992 0.985737
0.0185353 1.305 0.979372 0.974334 0.98441
0.0187068 1.336 0.978237 0.973015 0.983458
0.0188799 1.315 0.980498 0.975477 0.98552
0.0190546 1.301 0.987187 0.983321 0.991053
0.0192309 1.354 0.976905 0.971363 0.982447
0.0194089 1.297 0.978165 0.972821 0.983508
0.0195884 1.329 0.984208 0.980012 0.988405
0.0197697 1.316 0.97863 0.973592 0.983668
0.0199526 1.348 0.97792 0.97256 0.983281
0.0201372 1.326 0.983074 0.978436 0.987713
0.0203236 1.323 0.985116 0.98102 0.989212
0.0205116 1.308 0.979683 0.974545 0.98482
0.0207014 1.341 0.984252 0.980019 0.988485
0.020893 1.327 0.97493 0.969373 0.980487
0.0210863 1.343 0.979864 0.974738 0.98499
0.0212814 1.342 0.974049 0.968374 0.979724
0.0214783 1.334 0.979684 0.974509 0.98486
0.021677 1.389 0.97445 0.968757 0.980143
0.0218776 1.362 0.977542 0.972145 0.982939
0.02208 1.327 0.980327 0.975298 0.985357
0.0222844 1.345 0.976338 0.970934 0.981742
0.0224905 1.353 0.977371 0.972158 0.982584
0.0226986 1.323 0.979477 0.974368 0.984585
0.0229087 1.378 0.980273 0.975354 0.985192
0.0231206 1.342 0.984428 0.980441 0.988414
0.0233346 1.397 0.978802 0.973733 0.98387
0.0235505 1.393 0.973609 0.967703 0.979516
0.0237684 1.403 0.974282 0.968579 0.979986
0.0239883 1.371 0.978411 0.97317 0.983651
0.0242103 1.388 0.976362 0.970967 0.981758
0.0244343 1.4 0.975773 0.970205 0.981341
0.0246604 1.377 0.974942 0.969284 0.980599
0.0248886 1.42 0.972718 0.966783 0.978653
0.0251189 1.397 0.975677 0.970116 0.981237
0.0253513 1.417 0.972433 0.966388 0.978478
0.0255859 1.406 0.975135 0.969667 0.980604
0.0258226 1.383 0.97659 0.971291 0.98189
0.0260615 1.421 0.97599 0.970632 0.981347
0.0263027 1.398 0.970958 0.964754 0.977162
0.0265461 1.412 0.975725 0.970237 0.981212
0.0267917 1.45 0.967951 0.96167 0.974232
0.0270396 1.419 0.976089 0.970624 0.981554
0.0272898 1.439 0.975125 0.96965 0.980601
0.0275423 1.418 0.971226 0.965221 0.97723
0.0277971 1.45 0.971804 0.965994 0.977613
0.0280543 1.448 0.975638 0.97022 0.981055
0.0283139 1.45 0.976871 0.971676 0.982067
0.0285759 1.474 0.971012 0.964862 0.977163
0.0288403 1.441 0.977319 0.972258 0.982381
0.0291072 1.458 0.97424 0.968412 0.980068
0.0293765 1.468 0.967927 0.961943 0.973911
0.0296483 1.455 0.973354 0.967612 0.979096
0.0299226 1.521 0.970959 0.965138 0.976779
0.0301995 1.47 0.970724 0.964653 0.976796
0.0304789 1.48 0.972103 0.966204 0.978002
0.030761 1.504 0.973144 0.967307 0.978981
0.0310456 1.523 0.970844 0.965014 0.976674
0.0313329 1.488 0.960172 0.95309 0.967254
0.0316228 1.523 0.97065 0.964843 0.976456
0.0319154 1.52 0.966427 0.960231 0.972624
0.0322107 1.523 0.971056 0.965172 0.97694
0.0325087 1.54 0.963235 0.956445 0.970025
0.0328095 1.528 0.971522 0.965779 0.977265
0.0331131 1.512 0.966196 0.959672 0.972721
0.0334195 1.487 0.968761 0.962732 0.974789
0.0337287 1.537 0.967875 0.961757 0.973994
0.0340408 1.594 0.964764 0.958345 0.971182
0.0343558 1.537 0.970551 0.96473 0.976372
0.0346737 1.549 0.966619 0.960354 0.972885
0.0349945 1.566 0.967182 0.960903 0.973462
0.0353183 1.609 0.957679 0.950283 0.965075
0.0356451 1.601 0.964078 0.957496 0.970659
0.0359749 1.573 0.963639 0.956865 0.970413
0.0363078 1.562 0.964563 0.958111 0.971014
0.0366438 1.611 0.965424 0.959152 0.971697
0.0369828 1.571 0.962574 0.955675 0.969473
0.037325 1.631 0.959995 0.953089 0.966901
0.0376704 1.611 0.960593 0.953582 0.967604
0.0380189 1.604 0.965305 0.95873 0.97188
0.0383707 1.629 0.962636 0.956098 0.969174
0.0387258 1.599 0.964226 0.95773 0.970722
0.0390841 1.629 0.962678 0.955961 0.969395
0.0394457 1.593 0.966491 0.960003 0.972979
0.0398107 1.633 0.958759 0.951796 0.965722
0.0401791 1.672 0.962692 0.956048 0.969335
0.0405509 1.649 0.957094 0.949955 0.964234
0.0409261 1.659 0.959238 0.952465 0.96601
0.0413048 1.674 0.955174 0.947721 0.962627
0.0416869 1.662 0.960388 0.953486 0.96729
0.0420727 1.67 0.963208 0.956672 0.969744
0.042462 1.687 0.961774 0.955197 0.968352
0.0428549 1.688 0.961846 0.954927 0.968766
0.0432514 1.717 0.961676 0.9552 0.968152
0.0436516 1.657 0.963219 0.9567 0.969737
0.0440555 1.687 0.956968 0.949637 0.9643
0.0444631 1.733 0.957609 0.950639 0.964579
0.0448745 1.739 0.954176 0.946857 0.961494
0.0452898 1.726 0.957807 0.950753 0.964861
0.0457088 1.798 0.956974 0.950064 0.963884
0.0461318 1.745 0.9532 0.945662 0.960739
0.0465586 1.812 0.948867 0.941184 0.95655
0.0469894 1.782 0.951005 0.943413 0.958597
0.0474242 1.705 0.956311 0.949111 0.963511
0.047863 1.804 0.954017 0.946732 0.961302
0.0483059 1.795 0.950036 0.942427 0.957644
0.0487528 1.71 0.953385 0.945902 0.960869
0.049204 1.781 0.957084 0.950054 0.964114
0.0496592 1.832 0.950053 0.942548 0.957557
0.0501187 1.799 0.949166 0.941515 0.956817
0.0505825 1.79 0.948096 0.940184 0.956008
0.0510505 1.842 0.944867 0.936784 0.95295
0.0515229 1.855 0.949324 0.941654 0.956993
0.0519996 1.836 0.948997 0.941316 0.956678
0.0524807 1.788 0.953891 0.946519 0.961263
0.0529663 1.857 0.950328 0.942493 0.958163
0.0534564 1.884 0.95118 0.943608 0.958752
0.0539511 1.833 0.959316 0.952556 0.966076
0.0544503 1.887 0.945996 0.938061 0.953932
0.0549541 1.896 0.946105 0.938173 0.954037
0.0554626 1.921 0.946606 0.938698 0.954515
0.0559758 1.881 0.944384 0.93621 0.952558
0.0564937 1.894 0.948691 0.940954 0.956428
0.0570164 1.92 0.946083 0.938333 0.953832
0.057544 1.917 0.952499 0.945289 0.959709
0.0580764 1.929 0.940037 0.931761 0.948312
0.0586138 1.969 0.947061 0.939229 0.954894
0.0591562 1.921 0.947662 0.939915 0.955408
0.0597035 1.985 0.948363 0.940697 0.956029
0.060256 1.952 0.941913 0.933823 0.950003
0.0608135 2.022 0.938868 0.930363 0.947374
0.0613762 1.96 0.943459 0.935413 0.951505
0.0619441 2 0.937598 0.929168 0.946028
0.0625173 1.98 0.93773 0.929234 0.946226
0.0630957 1.97 0.941314 0.93316 0.949467
0.0636796 2.03 0.942372 0.934458 0.950285
0.0642688 2.023 0.943457 0.935427 0.951487
0.0648634 2.059 0.933147 0.924436 0.941858
0.0654636 2.122 0.929834 0.920842 0.938825
0.0660693 2.073 0.933741 0.925124 0.942358
0.0666807 2.022 0.940034 0.931756 0.948312
0.0672977 2.141 0.929707 0.920717 0.938696
0.0679204 2.053 0.930772 0.921959 0.939585
0.0685488 2.099 0.935041 0.926279 0.943802
0.0691831 2.042 0.940451 0.932051 0.94885
0.0698232 2.096 0.930232 0.92121 0.939255
0.0704693 2.162 0.926808 0.917852 0.935764
0.0711214 2.133 0.935054 0.926519 0.943588
0.0717794 2.082 0.936112 0.927627 0.944597
0.0724436 2.146 0.936665 0.928494 0.944836
0.0731139 2.14 0.932349 0.923667 0.941032
0.0737904 2.172 0.928253 0.919165 0.93734
0.0744732 2.193 0.927242 0.918304 0.936181
0.0751623 2.186 0.932064 0.923437 0.940691
0.0758578 2.162 0.923506 0.914215 0.932798
0.0765597 2.178 0.924566 0.915486 0.933646
0.0772681 2.237 0.924793 0.915608 0.933979
0.077983 2.26 0.92232 0.913059 0.931582
0.0787046 2.241 0.924618 0.915417 0.93382
0.0794328 2.213 0.920026 0.910362 0.929689
0.0801678 2.327 0.917624 0.907963 0.927285
0.0809096 2.252 0.927749 0.918841 0.936657
0.0816582 2.321 0.918895 0.909341 0.928449
0.0824138 2.285 0.926493 0.91756 0.935426
0.0831764 2.358 0.921662 0.912433 0.93089
0.083946 2.329 0.916061 0.906486 0.925635
0.0847227 2.371 0.921398 0.911913 0.930883
0.0855067 2.337 0.91371 0.903912 0.923508
0.0862979 2.318 0.914443 0.904545 0.924341
0.0870964 2.349 0.923005 0.913899 0.93211
0.0879023 2.41 0.914844 0.904984 0.924704
0.0887156 2.371 0.920398 0.910976 0.92982
0.0895365 2.467 0.910925 0.900742 0.921108
0.0903649 2.45 0.909185 0.899037 0.919333
0.0912011 2.442 0.910284 0.900446 0.920122
0.092045 2.439 0.910793 0.900963 0.920623
0.0928966 2.453 0.913097 0.90347 0.922724
0.0937562 2.436 0.918456 0.909095 0.927817
0.0946237 2.432 0.913182 0.903504 0.92286
0.0954993 2.555 0.904748 0.894883 0.914613
0.0963829 2.506 0.912078 0.902407 0.921749
0.0972747 2.566 0.908083 0.89825 0.917916
0.0981748 2.563 0.905401 0.895451 0.915352
0.0990832 2.508 0.901175 0.890941 0.911409
0.1 2.609 0.904908 0.89484 0.914976
0.100925 2.578 0.906326 0.896272 0.916381
0.101859 2.562 0.902579 0.892016 0.913142
0.102802 2.634 0.896362 0.885879 0.906845
0.103753 2.662 0.9037 0.893635 0.913764
0.104713 2.688 0.898347 0.887732 0.908962
0.105682 2.648 0.894087 0.883314 0.90486
0.10666 2.662 0.908542 0.898819 0.918264
0.107647 2.652 0.905689 0.895642 0.915736
0.108643 2.763 0.899046 0.888992 0.9091
0.109648 2.695 0.907234 0.897167 0.917301
0.110662 2.791 0.896245 0.88574 0.906749
0.111686 2.784 0.90337 0.89312 0.913619
0.11272 2.706 0.892619 0.881853 0.903384
0.113763 2.762 0.894165 0.883517 0.904814
0.114815 2.787 0.895936 0.885336 0.906536
0.115878 2.731 0.889057 0.878359 0.899756
0.11695 2.916 0.886552 0.87583 0.897274
0.118032 2.725 0.898107 0.887758 0.908456
0.119124 2.925 0.883052 0.872239 0.893865
0.120226 2.885 0.890255 0.879664 0.900846
0.121339 2.868 0.889195 0.87851 0.89988
0.122462 2.895 0.890405 0.879595 0.901216
0.123595 2.888 0.880778 0.869585 0.891971
0.124738 2.978 0.882773 0.872038 0.893507
0.125893 2.836 0.895878 0.885474 0.906282
0.127057 2.983 0.878205 0.866979 0.889431
0.128233 2.974 0.883427 0.872428 0.894425
0.12942 2.973 0.892833 0.882372 0.903293
0.130617 2.981 0.881315 0.87021 0.89242
0.131826 3.082 0.876861 0.865662 0.88806
0.133045 3.035 0.868035 0.85621 0.87986
0.134276 3.066 0.886116 0.875055 0.897177
0.135519 3.08 0.87123 0.859578 0.882882
0.136773 3.089 0.886474 0.875436 0.897513
0.138038 3.109 0.876538 0.86557 0.887506
0.139316 3.146 0.875826 0.864748 0.886904
0.140605 3.124 0.875201 0.864078 0.886324
0.141906 3.151 0.875703 0.864185 0.887221
0.143219 3.206 0.873147 0.862492 0.883803
0.144544 3.247 0.868007 0.856614 0.8794
0.145881 3.22 0.875468 0.864282 0.886653
0.147231 3.117 0.878146 0.867161 0.88913
0.148594 3.235 0.863501 0.852039 0.874964
0.149968 3.3 0.866034 0.854767 0.877301
0.151356 3.313 0.860483 0.848677 0.872289
0.152757 3.356 0.865107 0.853583 0.876631
0.15417 3.256 0.868572 0.857062 0.880083
0.155597 3.349 0.859961 0.848368 0.871555
0.157036 3.366 0.855489 0.843753 0.867226
0.158489 3.315 0.861048 0.849142 0.872954
0.159956 3.429 0.852395 0.840662 0.864129
0.161436 3.31 0.847724 0.835564 0.859884
0.16293 3.367 0.850936 0.838863 0.863008
0.164437 3.372 0.860093 0.848354 0.871833
0.165959 3.513 0.837856 0.825207 0.850505
0.167494 3.447 0.846661 0.83459 0.858732
0.169044 3.491 0.854157 0.842511 0.865802
0.170608 3.502 0.850203 0.838425 0.861981
0.172187 3.483 0.838333 0.826051 0.850614
0.17378 3.543 0.844909 0.832989 0.856829
0.175388 3.531 0.849259 0.837422 0.861097
0.177011 3.604 0.839824 0.827413 0.852234
0.178649 3.618 0.844775 0.832987 0.856562
0.180302 3.572 0.837476 0.82526 0.849692
0.18197 3.668 0.836875 0.824843 0.848906
0.183654 3.659 0.834822 0.822145 0.847499
0.185353 3.726 0.82519 0.812557 0.837823
0.187068 3.742 0.838294 0.826209 0.850379
0.188799 3.66 0.83578 0.823455 0.848104
0.190546 3.762 0.823579 0.810777 0.83638
0.192309 3.749 0.831081 0.818827 0.843335
0.194089 3.745 0.832364 0.819809 0.84492
0.195884 3.747 0.826728 0.814172 0.839284
0.197697 3.799 0.831933 0.819492 0.844373
0.199526 3.819 0.826535 0.813972 0.839098
0.201372 3.828 0.829885 0.817475 0.842295
0.203236 3.835 0.822283 0.809633 0.834934
0.205116 3.857 0.821747 0.809127 0.834368
0.207014 3.854 0.816776 0.803929 0.829622
0.20893 3.864 0.816191 0.803315 0.829068
0.210863 3.941 0.810343 0.797351 0.823335
0.212814 3.912 0.81888 0.806132 0.831628
0.214783 3.951 0.820891 0.808264 0.833518
0.21677 3.931 0.81736 0.804418 0.830302
0.218776 4.024 0.814427 0.8015 0.827355
0.2208 3.995 0.811416 0.798463 0.824368
0.222844 3.998 0.803272 0.790133 0.816412
0.224905 4.044 0.803997 0.790887 0.817107
0.226986 4.057 0.813074 0.800277 0.825871
0.229087 4.093 0.804905 0.791974 0.817836
0.231206 4.079 0.807005 0.793995 0.820015
0.233346 4.114 0.799494 0.786378 0.812609
0.235505 4.13 0.803818 0.790696 0.816939
0.237684 4.066 0.814901 0.802002 0.8278
0.239883 4.139 0.787925 0.774469 0.801381
0.242103 4.117 0.792321 0.779213 0.805428
0.244343 4.18 0.781786 0.768268 0.795304
0.246604 4.171 0.799854 0.786864 0.812845
0.248886 4.252 0.780723 0.767419 0.794028
0.251189 4.215 0.780837 0.767314 0.794359
0.253513 4.259 0.78052 0.766835 0.794205
0.255859 4.267 0.777325 0.764004 0.790646
0.258226 4.239 0.788109 0.774886 0.801332
0.260615 4.32 0.77552 0.762152 0.788889
0.263027 4.319 0.794287 0.781074 0.8075
0.265461 4.337 0.778615 0.765296 0.791934
0.267917 4.366 0.774695 0.761298 0.788093
0.270396 4.371 0.760434 0.746923 0.773944
0.272898 4.389 0.765127 0.751405 0.778849
0.275423 4.414 0.778066 0.764366 0.791766
0.277971 4.37 0.774228 0.760841 0.787616
0.280543 4.387 0.769132 0.755488 0.782776
0.283139 4.45 0.749697 0.736054 0.763341
0.285759 4.378 0.768597 0.754813 0.782382
0.288403 4.445 0.758915 0.745345 0.772485
0.291072 4.474 0.75402 0.740375 0.767665
0.293765 4.494 0.756811 0.743073 0.77055
0.296483 4.506 0.766472 0.75303 0.779915
0.299226 4.52 0.74868 0.734878 0.762482
0.301995 4.526 0.751833 0.738175 0.765492
0.304789 4.495 0.750679 0.736923 0.764436
0.30761 4.541 0.745316 0.73153 0.759102
0.310456 4.582 0.753055 0.73961 0.766499
0.313329 4.594 0.752018 0.738154 0.765882
0.316228 4.591 0.746345 0.732542 0.760147
0.319154 4.598 0.735878 0.722141 0.749614
0.322107 4.581 0.747835 0.734092 0.761577
0.325087 4.62 0.726086 0.712263 0.739909
0.328095 4.596 0.738188 0.724518 0.751859
0.331131 4.633 0.734 0.720408 0.747592
0.334195 4.608 0.733806 0.719829 0.747782
0.337287 4.645 0.738004 0.724324 0.751684
0.340408 4.68 0.740295 0.726473 0.754117
0.343558 4.705 0.725203 0.711154 0.739252
0.346737 4.685 0.716286 0.702176 0.730395
0.349945 4.726 0.717567 0.703404 0.731729
0.353183 4.739 0.715462 0.701511 0.729413
0.356451 4.739 0.709682 0.695887 0.723478
0.359749 4.691 0.72536 0.71146 0.73926
0.363078 4.729 0.710035 0.695909 0.724162
0.366438 4.765 0.716535 0.702837 0.730233
0.369828 4.764 0.703297 0.689195 0.717399
0.37325 4.796 0.707793 0.693344 0.722242
0.376704 4.775 0.701549 0.68752 0.715578
0.380189 4.759 0.712025 0.697807 0.726244
0.383707 4.825 0.6892 0.675207 0.703192
0.387258 4.794 0.697691 0.683825 0.711558
0.390841 4.799 0.696747 0.682703 0.710791
0.394457 4.817 0.702789 0.689003 0.716574
0.398107 4.799 0.704572 0.690382 0.718763
0.401791 4.841 0.68822 0.674238 0.702201
0.405509 4.867 0.698318 0.684665 0.71197
0.409261 4.835 0.689972 0.675927 0.704017
0.413048 4.827 0.688933 0.67489 0.702977
0.416869 4.855 0.684012 0.669934 0.69809
0.420727 4.862 0.676501 0.662507 0.690494
0.42462 4.857 0.66937 0.655252 0.683489
0.428549 4.848 0.680068 0.666229 0.693906
0.432514 4.863 0.677115 0.662983 0.691247
0.436516 4.867 0.677175 0.663038 0.691311
0.440555 4.887 0.659374 0.645265 0.673482
0.444631 4.894 0.669222 0.654963 0.683481
0.448745 4.898 0.658363 0.644463 0.672262
0.452898 4.874 0.669836 0.655873 0.683799
0.457088 4.884 0.654149 0.640053 0.668245
0.461318 4.893 0.659804 0.645574 0.674035
0.465586 4.922 0.664076 0.650015 0.678138
0.469894 4.89 0.650756 0.636677 0.664834
0.474242 4.91 0.643947 0.629884 0.658009
0.47863 4.933 0.64307 0.629111 0.657029
0.483059 4.917 0.643177 0.62932 0.657033
0.487528 4.919 0.656086 0.642349 0.669824
0.49204 4.92 0.628623 0.614341 0.642905
0.496592 4.945 0.639692 0.625699 0.653686
0.501187 4.931 0.621433 0.607696 0.635169
0.505825 4.939 0.638636 0.62429 0.652982
0.510505 4.929 0.636669 0.622714 0.650623
0.515229 4.955 0.621486 0.607639 0.635334
0.519996 4.959 0.634617 0.620884 0.64835
0.524807 4.95 0.635064 0.620997 0.649131
0.529663 4.955 0.62968 0.615804 0.643555
0.534564 4.958 0.615715 0.602013 0.629417
0.539511 4.958 0.623994 0.610209 0.637778
0.544503 4.963 0.618473 0.604701 0.632246
0.549541 4.966 0.617064 0.603472 0.630655
0.554626 4.961 0.617637 0.60371 0.631565
0.559758 4.972 0.606367 0.592416 0.620317
0.564937 4.964 0.61418 0.600487 0.627874
0.570164 4.969 0.602885 0.589185 0.616584
0.57544 4.97 0.602225 0.588379 0.61607
0.580764 4.963 0.607649 0.593806 0.621493
0.586138 4.984 0.598315 0.584678 0.611951
0.591562 4.989 0.598686 0.5852 0.612171
0.597035 4.99 0.593673 0.580365 0.606982
0.60256 4.984 0.577639 0.564388 0.59089
0.608135 4.988 0.585037 0.571048 0.599025
0.613762 4.991 0.586907 0.573129 0.600685
0.619441 4.983 0.587681 0.574088 0.601274
0.625173 4.991 0.573296 0.559753 0.586838
0.630957 4.981 0.584878 0.571598 0.598158
0.636796 4.993 0.563706 0.550045 0.577367
0.642688 4.981 0.578997 0.565022 0.592972
0.648634 4.996 0.568285 0.554913 0.581658
0.654636 4.99 0.556596 0.543512 0.569679
0.660693 4.991 0.552244 0.538814 0.565674
0.666807 4.99 0.570305 0.556825 0.583786
0.672977 4.992 0.565391 0.551894 0.578888
0.679204 4.997 0.541576 0.528848 0.554304
0.685488 4.992 0.549942 0.536464 0.563419
0.691831 4.999 0.54668 0.533932 0.559427
0.698232 4.996 0.553303 0.539998 0.566608
0.704693 4.994 0.527866 0.515082 0.540651
0.711214 4.991 0.539597 0.526824 0.552371
0.717794 4.991 0.54971 0.536028 0.563392
0.724436 4.996 0.548611 0.535375 0.561847
0.731139 4.999 0.539374 0.526229 0.55252
0.737904 4.998 0.534328 0.521391 0.547266
0.744732 5 0.532809 0.519734 0.545884
0.751623 4.996 0.531443 0.518493 0.544393
0.758578 4.998 0.529479 0.516602 0.542356
0.765597 4.999 0.519601 0.507377 0.531825
0.772681 4.997 0.507959 0.495175 0.520742
0.77983 4.999 0.520691 0.507541 0.533841
0.787046 4.997 0.524738 0.511934 0.537541
0.794328 4.999 0.499044 0.486947 0.511141
0.801678 5 0.510739 0.498205 0.523273
0.809096 4.998 0.505033 0.492419 0.517647
0.816582 4.999 0.500326 0.487925 0.512727
0.824138 4.996 0.502662 0.490395 0.514929
0.831764 5 0.494786 0.482555 0.507018
0.83946 5 0.504336 0.491946 0.516725
0.847227 5 0.5 0.487866 0.512134
0.855067 4.997 0.49002 0.477881 0.502159
0.862979 5 0.507183 0.494754 0.519611
0.870964 5 0.498655 0.486286 0.511023
0.879023 4.999 0.488202 0.476116 0.500288
0.887156 5 0.473402 0.461592 0.485212
0.895365 5 0.477958 0.46592 0.489995
0.903649 5 0.471447 0.459851 0.483042
0.912011 5 0.482673 0.470688 0.494658
0.92045 5 0.471896 0.460192 0.483601
0.928966 5 0.466525 0.455054 0.477996
0.937562 4.999 0.481391 0.46929 0.493492
0.946237 5 0.469817 0.457945 0.481688
0.954993 5 0.452679 0.441787 0.46357
0.963829 5 0.467997 0.456273 0.479721
0.972747 5 0.462102 0.450818 0.473386
0.981748 4.999 0.444763 0.434233 0.455293
0.990832 5 0.46617 0.454658 0.477683
1 5 0.455143 0.443748 0.466539
1.00925 5 0.459923 0.448382 0.471464
1.01859 5 0.456172 0.444839 0.467505
1.02802 5 0.459775 0.44779 0.47176
1.03753 5 0.437631 0.42695 0.448312
1.04713 5 0.439007 0.427953 0.450061
1.05682 5 0.444097 0.433237 0.454956
1.0666 5 0.436877 0.425963 0.44779
1.07647 5 0.432274 0.421303 0.443245
1.08643 5 0.431158 0.420532 0.441784
1.09648 5 0.432433 0.421535 0.443331
1.10662 5 0.426558 0.41598 0.437137
1.11686 5 0.426864 0.416483 0.437246
1.1272 5 0.425335 0.415048 0.435621
1.13763 5 0.421386 0.410831 0.431941
1.14815 5 0.424455 0.413726 0.435184
1.15878 5 0.422102 0.411223 0.432982
1.1695 5 0.409007 0.399044 0.418969
1.18032 5 0.416744 0.40635 0.427137
1.19124 5 0.405474 0.395718 0.415229
1.20226 5 0.429697 0.418809 0.440585
1.21339 5 0.399858 0.390247 0.40947
1.22462 5 0.404227 0.394603 0.413851
1.23595 5 0.396542 0.386769 0.406316
1.24738 5 0.394214 0.384419 0.40401
1.25893 5 0.403829 0.394166 0.413491
1.27057 4.999 0.397192 0.387663 0.406722
1.28233 5 0.398553 0.388703 0.408402
1.2942 5 0.388642 0.379259 0.398026
1.30617 5 0.398697 0.38888 0.408515
1.31826 5 0.382924 0.373839 0.392009
1.33045 5 0.376843 0.368171 0.385515
1.34276 5 0.385607 0.376162 0.395052
1.35519 5 0.381584 0.371987 0.39118
1.36773 5 0.380246 0.371179 0.389313
1.38038 5 0.383858 0.374625 0.393091
1.39316 5 0.380551 0.371489 0.389612
1.40605 5 0.372036 0.36315 0.380923
1.41906 5 0.370909 0.361955 0.379863
1.43219 5 0.368529 0.359597 0.37746
1.44544 5 0.372846 0.363887 0.381805
1.45881 5 0.365756 0.357072 0.374439
1.47231 5 0.365252 0.356686 0.373818
1.48594 5 0.356135 0.347822 0.364447
1.49968 5 0.356634 0.348552 0.364716
1.51356 5 0.35936 0.350791 0.367929
1.52757 5 0.352928 0.344414 0.361442
1.5417 5 0.360736 0.352328 0.369144
1.55597 5 0.352812 0.3451 0.360524
1.57036 5 0.342887 0.335282 0.350493
1.58489 5 0.349354 0.341382 0.357327
1.59956 5 0.345152 0.337609 0.352694
1.61436 5 0.347079 0.33897 0.355188
1.6293 5 0.339855 0.332635 0.347076
1.64437 5 0.338458 0.33079 0.346125
1.65959 5 0.339579 0.332065 0.347092
1.67494 5 0.34253 0.3347 0.35036
1.69044 5 0.338555 0.3309 0.34621
1.70608 5 0.33009 0.322772 0.337409
1.72187 5 0.331967 0.324881 0.339054
1.7378 5 0.328912 0.321429 0.336394
1.75388 5 0.329937 0.322543 0.33733
1.77011 5 0.324774 0.317872 0.331677
1.78649 5 0.3287 0.321602 0.335797
1.80302 5 0.318652 0.312144 0.32516
1.8197 5 0.321367 0.314592 0.328143
1.83654 5 0.321495 0.314531 0.328459
1.85353 5 0.316945 0.310482 0.323409
1.87068 5 0.319486 0.312624 0.326347
1.88799 5 0.315697 0.309208 0.322185
1.90546 5 0.31362 0.307005 0.320236
1.92309 5 0.31414 0.307554 0.320727
1.94089 5 0.308319 0.30193 0.314708
1.95884 5 0.308262 0.302185 0.314339
1.97697 5 0.312117 0.305674 0.318561
1.99526 5 0.3032 0.297447 0.308953
2.01372 5 0.302766 0.296714 0.308818
2.03236 5 0.303772 0.29756 0.309985
2.05116 5 0.299875 0.294186 0.305564
2.07014 5 0.305102 0.299015 0.311189
2.0893 5 0.301159 0.295074 0.307244
2.10863 5 0.293972 0.288647 0.299297
2.12814 5 0.296055 0.29038 0.30173
2.14783 5 0.301997 0.295988 0.308005
2.1677 5 0.294975 0.289447 0.300503
2.18776 5 0.289702 0.28429 0.295115
2.208 5 0.292371 0.286933 0.297809
2.22844 5 0.290855 0.285594 0.296116
2.24905 5 0.28749 0.28254 0.292441
2.26986 5 0.289309 0.283907 0.294711
2.29087 5 0.287522 0.282376 0.292669
2.31206 5 0.284327 0.279405 0.28925
2.33346 5 0.284409 0.279599 0.289218
2.35505 5 0.287436 0.282102 0.29277
2.37684 5 0.286143 0.280926 0.29136
2.39883 5 0.28003 0.275049 0.28501
2.42103 5 0.278388 0.273591 0.283185
2.44343 5 0.27482 0.270385 0.279255
2.46604 5 0.276277 0.271647 0.280908
2.48886 5 0.279173 0.274198 0.284149
2.51189 5 0.274218 0.269935 0.2785
2.53513 5 0.274875 0.270417 0.279333
2.55859 5 0.272244 0.267919 0.276569
2.58226 5 0.273343 0.269083 0.277603
2.60615 5 0.272948 0.26859 0.277305
2.63027 5 0.267051 0.263029 0.271073
2.65461 5 0.266575 0.262422 0.270728
2.67917 5 0.267548 0.263362 0.271734
2.70396 5 0.265742 0.261912 0.269572
2.72898 5 0.267619 0.263364 0.271873
2.75423 5 0.264759 0.260837 0.268681
2.77971 5 0.259771 0.256199 0.263343
2.80543 5 0.259536 0.25601 0.263061
2.83139 5 0.263196 0.259259 0.267132
2.85759 5 0.260291 0.256403 0.26418
2.88403 5 0.255559 0.252281 0.258838
2.91072 5 0.256005 0.252764 0.259245
2.93765 5 0.255206 0.251768 0.258644
2.96483 5 0.259576 0.255768 0.263384
2.99226 5 0.252885 0.249655 0.256115
3.01995 5 0.256878 0.253427 0.260328
3.04789 5 0.255718 0.252195 0.259241
3.0761 5 0.257073 0.253548 0.260598
3.10456 5 0.252691 0.249464 0.255918
3.13329 5 0.25127 0.24803 0.25451
3.16228 5 0.249894 0.246683 0.253106
3.19154 5 0.25288 0.249553 0.256208
3.22107 5 0.25082 0.247366 0.254274
3.25087 5 0.248663 0.245626 0.2517
3.28095 5 0.247382 0.244347 0.250418
3.31131 5 0.248325 0.245126 0.251524
3.34195 5 0.246782 0.243541 0.250022
3.37287 5 0.246104 0.243195 0.249013
3.40408 5 0.242847 0.240057 0.245637
3.43558 5 0.245749 0.242765 0.248733
3.46737 5 0.243136 0.240429 0.245843
3.49945 5 0.242257 0.239589 0.244924
3.53183 5 0.24264 0.2401 0.245179
3.56451 5 0.242744 0.239742 0.245745
3.59749 5 0.238709 0.236261 0.241158
3.63078 5 0.2403 0.237778 0.242821
3.66438 5 0.240187 0.237507 0.242866
3.69828 5 0.237713 0.235385 0.240041
3.7325 5 0.237835 0.235309 0.240361
3.76704 5 0.238659 0.23606 0.241257
3.80189 5 0.237018 0.234555 0.239481
3.83707 5 0.23515 0.232991 0.237309
3.87258 5 0.237486 0.235063 0.239909
3.90841 5 0.236887 0.234325 0.239448
3.94457 5 0.233308 0.231228 0.235388
3.98107 5 0.233874 0.231767 0.23598
4.01791 5 0.234065 0.232079 0.23605
4.05509 5 0.232073 0.230147 0.234
4.09261 5 0.231431 0.229455 0.233407
4.13048 5 0.2321 0.229982 0.234217
4.16869 5 0.232418 0.230393 0.234443
4.20727 5 0.231616 0.229696 0.233536
4.2462 5 0.230802 0.228743 0.232861
4.28549 5 0.229874 0.22808 0.231668
4.32514 5 0.231085 0.229069 0.2331
4.36516 5 0.230807 0.228685 0.23293
4.40555 5 0.228087 0.226223 0.229951
4.44631 5 0.229525 0.22768 0.231371
4.48745 5 0.228085 0.226276 0.229894
4.52898 5 0.225299 0.223798 0.226799
4.57088 5 0.228634 0.226584 0.230684
4.61318 5 0.225325 0.223744 0.226907
4.65586 5 0.224915 0.223094 0.226736
4.69894 5 0.226761 0.225022 0.228501
4.74242 5 0.22636 0.224561 0.22816
4.7863 5 0.224287 0.222792 0.225783
4.83059 5 0.224651 0.223034 0.226269
4.87528 5 0.224776 0.223208 0.226344
4.9204 5 0.222799 0.221406 0.224192
4.96592 5 0.223006 0.221581 0.224431
5.01187 5 0.222057 0.220701 0.223413
5.05825 5 0.221694 0.220307 0.223081
5.10505 5 0.223175 0.221778 0.224571
5.15229 5 0.221838 0.220482 0.223194
5.19996 5 0.221831 0.220473 0.22319
5.24807 5 0.221967 0.220438 0.223497
5.29663 5 0.220505 0.219304 0.221706
5.34564 5 0.219563 0.218263 0.220864
5.39511 5 0.219623 0.218423 0.220822
5.44503 5 0.219475 0.218082 0.220869
5.49541 5 0.219184 0.218002 0.220366
5.54626 5 0.221294 0.21982 0.222768
5.59758 5 0.21838 0.21732 0.21944
5.64937 5 0.218613 0.217422 0.219804
5.70164 5 0.217446 0.216261 0.21863
5.7544 5 0.217612 0.21648 0.218744
5.80764 5 0.217309 0.216212 0.218405
5.86138 5 0.217777 0.216587 0.218967
5.91562 5 0.216154 0.21514 0.217169
5.97035 5 0.217237 0.216146 0.218328
6.0256 5 0.216255 0.215239 0.217272
6.08135 5 0.216582 0.215624 0.217539
6.13762 5 0.215522 0.214538 0.216505
6.19441 5 0.215906 0.21488 0.216933
6.25173 5 0.215037 0.214154 0.21592
6.30957 5 0.214765 0.213872 0.215658
6.36796 5 0.214853 0.213982 0.215724
6.42688 5 0.215287 0.214347 0.216227
6.48634 5 0.215094 0.214134 0.216053
6.54636 5 0.21414 0.21313 0.215149
6.60693 5 0.213654 0.212858 0.214449
6.66807 5 0.213572 0.21266 0.214484
6.72977 5 0.213984 0.213139 0.214829
6.79204 5 0.212905 0.212126 0.213684
6.85488 5 0.213066 0.212274 0.213857
6.91831 5 0.212746 0.212006 0.213485
6.98232 5 0.212501 0.211729 0.213274
7.04693 5 0.212837 0.212016 0.213658
7.11214 5 0.212017 0.211286 0.212747
7.17794 5 0.211975 0.211248 0.212701
7.24436 5 0.211631 0.210945 0.212316
7.31139 5 0.211691 0.210925 0.212457
7.37904 5 0.211852 0.211113 0.21259
7.44732 5 0.211669 0.210917 0.212422
7.51623 5 0.210907 0.210276 0.211538
7.58578 5 0.210774 0.210056 0.211493
7.65597 5 0.2105 0.209859 0.211141
7.72681 5 0.210372 0.20969 0.211054
7.7983 5 0.210221 0.209602 0.210839
7.87046 5 0.210465 0.209806 0.211125
7.94328 5 0.209502 0.208949 0.210054
8.01678 5 0.210189 0.209596 0.210783
8.09096 5 0.209812 0.209206 0.210419
8.16582 5 0.210101 0.209479 0.210723
8.24138 5 0.209371 0.208825 0.209917
8.31764 5 0.209464 0.208866 0.210063
8.3946 5 0.209441 0.208869 0.210014
8.47227 5 0.209519 0.20896 0.210078
8.55067 5 0.209286 0.208738 0.209834
8.62979 5 0.208832 0.208316 0.209348
8.70964 5 0.208922 0.208343 0.209501
8.79023 5 0.208422 0.207941 0.208903
8.87156 5 0.208469 0.207987 0.208951
8.95365 5 0.208154 0.207646 0.208662
9.03649 5 0.208508 0.208003 0.209013
9.12011 5 0.208381 0.207919 0.208844
9.2045 5 0.207925 0.207478 0.208371
9.28966 5 0.208144 0.207639 0.208648
9.37562 5 0.207935 0.207455 0.208415
9.46237 5 0.207877 0.207401 0.208354
9.54993 5 0.207479 0.20703 0.207927
9.63829 5 0.207738 0.207229 0.208248
9.72747 5 0.207647 0.207205 0.208089
9.81748 5 0.207335 0.206916 0.207754
9.90832 5 0.206833 0.206446 0.20722
10 5 0.207268 0.2068 0.207737
10.0925 5 0.206895 0.206527 0.207263
10.1859 5 0.207255 0.206816 0.207694
10.2802 5 0.206708 0.20629 0.207126
10.3753 5 0.206744 0.206321 0.207168
10.4713 5 0.206775 0.206355 0.207196
10.5682 5 0.206773 0.206377 0.20717
10.666 5 0.206775 0.206384 0.207166
10.7647 5 0.206564 0.206191 0.206936
10.8643 5 0.206269 0.205931 0.206608
10.9648 5 0.206375 0.205999 0.206751
11.0662 5 0.205993 0.205655 0.206332
11.1686 5 0.206174 0.205818 0.20653
11.272 5 0.205706 0.205405 0.206006
11.3763 5 0.205636 0.205338 0.205933
11.4815 5 0.205763 0.205427 0.206098
11.5878 5 0.205693 0.205386 0.206
11.695 5 0.205654 0.205333 0.205975
11.8032 5 0.205332 0.205024 0.205639
11.9124 5 0.205367 0.205075 0.205659
12.0226 5 0.205617 0.205309 0.205926
12.1339 5 0.205493 0.205164 0.205821
12.2462 5 0.205214 0.204905 0.205523
12.3595 5 0.205283 0.204995 0.205571
12.4738 5 0.205094 0.204803 0.205385
12.5893 5 0.205167 0.20489 0.205445
12.7057 5 0.204917 0.204628 0.205206
12.8233 5 0.20457 0.20433 0.20481
12.942 5 0.204998 0.204726 0.20527
13.0617 5 0.204909 0.204645 0.205173
13.1826 5 0.205036 0.204747 0.205325
13.3045 5 0.205013 0.204721 0.205305
13.4276 5 0.20471 0.204451 0.20497
13.5519 5 0.204568 0.204317 0.204819
13.6773 5 0.204675 0.204434 0.204915
13.8038 5 0.204532 0.204271 0.204794
13.9316 5 0.204396 0.204151 0.204641
14.0605 5 0.20443 0.20417 0.20469
14.1906 5 0.20459 0.20433 0.20485
14.3219 5 0.204609 0.204367 0.204852
14.4544 5 0.204172 0.20394 0.204405
14.5881 5 0.20434 0.204098 0.204582
14.7231 5 0.204133 0.203927 0.20434
14.8594 5 0.204216 0.203985 0.204446
14.9968 5 0.204141 0.203929 0.204352
15.1356 5 0.204018 0.203799 0.204236
15.2757 5 0.203965 0.203735 0.204195
15.417 5 0.203979 0.203762 0.204196
15.5597 5 0.20408 0.203859 0.204301
15.7036 5 0.203901 0.203709 0.204093
15.8489 5 0.203948 0.20375 0.204147
15.9956 5 0.2039 0.203682 0.204118
16.1436 5 0.203681 0.203489 0.203873
16.293 5 0.203549 0.203374 0.203723
16.4437 5 0.20369 0.203509 0.20387
16.5959 5 0.203586 0.203405 0.203768
16.7494 5 0.203566 0.203374 0.203759
16.9044 5 0.203665 0.20348 0.20385
17.0608 5 0.203446 0.203267 0.203625
17.2187 5 0.203548 0.20337 0.203726
17.378 5 0.203537 0.203349 0.203726
17.5388 5 0.203379 0.203201 0.203556
17.7011 5 0.20312 0.202956 0.203284
17.8649 5 0.203365 0.203194 0.203537
18.0302 5 0.203276 0.203095 0.203457
18.197 5 0.203054 0.202909 0.203199
18.3654 5 0.203213 0.203054 0.203373
18.5353 5 0.203186 0.203029 0.203342
18.7068 5 0.203371 0.203191 0.203552
18.8799 5 0.203185 0.20302 0.203349
19.0546 5 0.203107 0.202955 0.203258
19.2309 5 0.203137 0.202986 0.203288
19.4089 5 0.203037 0.20288 0.203194
19.5884 5 0.20303 0.202885 0.203175
19.7697 5 0.20299 0.202846 0.203133
19.9526 5 0.203025 0.202869 0.203182
20.1372 5 0.203029 0.202874 0.203184
20.3236 5 0.202894 0.20275 0.203038
20.5116 5 0.202968 0.202821 0.203115
20.7014 5 0.202794 0.202655 0.202934
20.893 5 0.202814 0.202676 0.202952
21.0863 5 0.202838 0.202703 0.202974
21.2814 5 0.202771 0.202632 0.20291
21.4783 5 0.202886 0.202742 0.20303
21.677 5 0.202876 0.202735 0.203018
21.8776 5 0.202757 0.20263 0.202885
22.08 5 0.202706 0.202566 0.202845
22.2844 5 0.202669 0.20254 0.202799
22.4905 5 0.202645 0.202523 0.202766
22.6986 5 0.202685 0.202557 0.202813
22.9087 5 0.202681 0.202553 0.202809
23.1206 5 0.202642 0.202523 0.202761
23.3346 5 0.2026 0.202478 0.202723
23.5505 5 0.202683 0.202545 0.202821
23.7684 5 0.202581 0.202455 0.202707
23.9883 5 0.202584 0.202461 0.202707
24.2103 5 0.202547 0.202418 0.202675
24.4343 5 0.202684 0.202555 0.202813
24.6604 5 0.202563 0.202442 0.202685
24.8886 5 0.202556 0.202438 0.202674
25.1189 5 0.202505 0.202389 0.20262
25.3513 5 0.202506 0.20239 0.202622
25.5859 5 0.202539 0.202419 0.202658
25.8226 5 0.202351 0.202241 0.20246
26.0615 5 0.202396 0.202284 0.202507
26.3027 5 0.202442 0.202322 0.202562
26.5461 5 0.20252 0.202391 0.202649
26.7917 5 0.202436 0.202315 0.202558
27.0396 5 0.202378 0.202265 0.202491
27.2898 5 0.202288 0.202184 0.202392
27.5423 5 0.202315 0.202206 0.202425
27.7971 5 0.202378 0.202265 0.202492
28.0543 5 0.202166 0.202062 0.20227
28.3139 5 0.202302 0.202192 0.202412
28.5759 5 0.202279 0.202171 0.202386
28.8403 5 0.202327 0.202217 0.202438
29.1072 5 0.202207 0.202105 0.202309
29.3765 5 0.202227 0.202124 0.202329
29.6483 5 0.20224 0.202142 0.202337
29.9226 5 0.202346 0.202237 0.202455
30.1995 5 0.202297 0.202195 0.2024
30.4789 5 0.202154 0.202058 0.20225
30.761 5 0.202156 0.202058 0.202253
31.0456 5 0.202222 0.202124 0.202321
31.3329 5 0.202211 0.202109 0.202313
31.6228 5 0.202057 0.201961 0.202153
31.9154 5 0.202164 0.202064 0.202264
32.2107 5 0.202148 0.202048 0.202247
32.5087 5 0.202083 0.201988 0.202177
32.8095 5 0.202086 0.201991 0.20218
33.1131 5 0.202214 0.202111 0.202316
33.4195 5 0.202064 0.201971 0.202157
33.7287 5 0.202103 0.20201 0.202197
34.0408 5 0.202017 0.201921 0.202113
34.3558 5 0.202016 0.201923 0.202108
34.6737 5 0.202099 0.202006 0.202192
34.9945 5 0.20205 0.201952 0.202149
35.3183 5 0.202045 0.201956 0.202135
35.6451 5 0.201971 0.20188 0.202062
35.9749 5 0.20195 0.201864 0.202035
36.3078 5 0.202048 0.201958 0.202138
36.6438 5 0.202001 0.201912 0.20209
36.9828 5 0.201998 0.201908 0.202089
37.325 5 0.20205 0.201961 0.20214
37.6704 5 0.202018 0.20193 0.202106
38.0189 5 0.202061 0.201967 0.202155
38.3707 5 0.20192 0.201837 0.202004
38.7258 5 0.20202 0.20193 0.20211
39.0841 5 0.201958 0.20187 0.202046
39.4457 5 0.201857 0.201779 0.201935
39.8107 5 0.201902 0.201815 0.201988
40.1791 5 0.201929 0.201842 0.202017
40.5509 5 0.201962 0.201877 0.202046
40.9261 5 0.201858 0.201774 0.201943
41.3048 5 0.201937 0.201854 0.202021
41.6869 5 0.201918 0.201838 0.201997
42.0727 5 0.2019 0.201815 0.201984
42.462 5 0.201952 0.201864 0.20204
42.8549 5 0.201944 0.201858 0.20203
43.2514 5 0.201837 0.201752 0.201922
43.6516 5 0.201922 0.201835 0.20201
44.0555 5 0.201917 0.201834 0.202
44.4631 5 0.201812 0.201737 0.201886
44.8745 5 0.20202 0.201926 0.202114
45.2898 5 0.201837 0.201755 0.20192
45.7088 5 0.201797 0.201717 0.201876
46.1318 5 0.201876 0.201787 0.201965
46.5586 5 0.201892 0.201803 0.20198
46.9894 5 0.201783 0.201702 0.201864
47.4242 5 0.201809 0.201733 0.201885
47.863 5 0.201798 0.201717 0.201879
48.3059 5 0.201858 0.201773 0.201942
48.7528 5 0.201846 0.201764 0.201927
49.204 5 0.201854 0.201777 0.201932
49.6592 5 0.20187 0.201788 0.201952
50.1187 5 0.201909 0.201823 0.201995
50.5825 5 0.201825 0.201747 0.201904
51.0505 5 0.201757 0.201681 0.201833
51.5229 5 0.201766 0.201687 0.201844
51.9996 5 0.20179 0.201714 0.201867
52.4807 5 0.201741 0.201661 0.201821
52.9663 5 0.201812 0.201732 0.201892
53.4564 5 0.201808 0.201729 0.201887
53.9511 5 0.201774 0.201697 0.201851
54.4503 5 0.201716 0.20164 0.201792
54.9541 5 0.20179 0.201713 0.201867
55.4626 5 0.20172 0.201643 0.201797
55.9758 5 0.201816 0.201735 0.201897
56.4937 5 0.201782 0.201707 0.201858
57.0164 5 0.201768 0.201692 0.201845
57.544 5 0.201804 0.201727 0.201881
58.0764 5 0.201708 0.201634 0.201782
58.6138 5 0.201747 0.201666 0.201829
59.1562 5 0.201773 0.201694 0.201852
59.7035 5 0.201797 0.20172 0.201874
60.256 5 0.201764 0.201687 0.201841
60.8135 5 0.201724 0.201649 0.2018
61.3762 5 0.201702 0.201628 0.201777
61.9441 5 0.201765 0.201688 0.201843
62.5173 5 0.201751 0.20167 0.201831
63.0957 5 0.201759 0.201679 0.201838
63.6796 5 0.201751 0.201677 0.201826
64.2688 5 0.201762 0.201687 0.201837
64.8634 5 0.201719 0.201642 0.201795
65.4636 5 0.201747 0.201671 0.201824
66.0693 5 0.201672 0.201597 0.201746
66.6807 5 0.201691 0.201615 0.201767
67.2977 5 0.201682 0.201609 0.201756
67.9204 5 0.201692 0.201616 0.201767
68.5488 5 0.201661 0.201587 0.201735
69.1831 5 0.20169 0.201617 0.201764
69.8232 5 0.201663 0.201591 0.201736
70.4693 5 0.201705 0.201626 0.201785
71.1214 5 0.201668 0.201594 0.201743
71.7794 5 0.201647 0.201575 0.20172
72.4436 5 0.201759 0.201676 0.201842
73.1139 5 0.201707 0.201628 0.201785
73.7904 5 0.201755 0.20168 0.201831
74.4732 5 0.201667 0.201597 0.201737
75.1623 5 0.201654 0.20158 0.201727
75.8578 5 0.201792 0.201709 0.201875
76.5597 5 0.201665 0.201592 0.201739
77.2681 5 0.201719 0.201644 0.201795
77.983 5 0.201676 0.201601 0.201751
78.7046 5 0.201694 0.20162 0.201768
79.4328 5 0.201679 0.201606 0.201752
80.1678 5 0.20172 0.201645 0.201795
80.9096 5 0.201669 0.201595 0.201743
81.6582 5 0.201704 0.20163 0.201778
82.4138 5 0.201679 0.201604 0.201753
83.1764 5 0.20162 0.201543 0.201698
83.946 5 0.201617 0.201542 0.201692
84.7227 5 0.201648 0.201571 0.201725
85.5067 5 0.201659 0.201585 0.201734
86.2979 5 0.201637 0.201567 0.201707
87.0964 5 0.201707 0.201628 0.201787
87.9023 5 0.201669 0.201598 0.201741
88.7156 5 0.201629 0.201558 0.2017
89.5365 5 0.201685 0.201613 0.201756
90.3649 5 0.201688 0.201613 0.201763
91.2011 5 0.201663 0.201588 0.201737
92.045 5 0.20167 0.201595 0.201744
92.8966 5 0.201661 0.201587 0.201735
93.7562 5 0.201664 0.20159 0.201737
94.6237 5 0.20163 0.201558 0.201702
95.4993 5 0.201683 0.201609 0.201756
96.3829 5 0.201616 0.201543 0.20169
97.2747 5 0.201674 0.201596 0.201752
98.1748 5 0.201641 0.201568 0.201713
99.0832 5 0.201618 0.201547 0.201688
