//tau lambda mean lower_bound upper_bound
0.01 1.178 0.990283 0.98678 0.993786
0.0100925 1.188 0.989627 0.985991 0.993263
0.0101859 1.142 0.991878 0.988559 0.995197
0.0102802 1.175 0.985941 0.981692 0.99019
0.0103753 1.159 0.991312 0.988048 0.994576
0.0104713 1.163 0.991626 0.988463 0.994789
0.0105682 1.175 0.993081 0.990264 0.995898
0.010666 1.186 0.991303 0.98807 0.994537
0.0107647 1.181 0.986159 0.981978 0.99034
0.0108643 1.176 0.986745 0.982481 0.991009
0.0109648 1.187 0.987333 0.98331 0.991357
0.0110662 1.169 0.992135 0.989082 0.995189
0.0111686 1.191 0.990303 0.986823 0.993784
0.011272 1.183 0.992239 0.989174 0.995304
0.0113763 1.192 0.987465 0.983682 0.991248
0.0114815 1.182 0.987887 0.983948 0.991825
0.0115878 1.198 0.98698 0.982988 0.990973
0.011695 1.183 0.98902 0.985367 0.992674
0.0118032 1.185 0.989966 0.986654 0.993279
0.0119124 1.21 0.984134 0.979404 0.988864
0.0120226 1.195 0.987994 0.984314 0.991673
0.0121339 1.201 0.985507 0.980969 0.990044
0.0122462 1.218 0.983468 0.978601 0.988336
0.0123595 1.197 0.985739 0.981592 0.989886
0.0124738 1.195 0.986686 0.982557 0.990816
0.0125893 1.214 0.987914 0.984028 0.991801
0.0127057 1.237 0.985129 0.980815 0.989444
0.0128233 1.185 0.988776 0.985067 0.992485
0.012942 1.216 0.988499 0.984724 0.992273
0.0130617 1.215 0.986745 0.982742 0.990748
0.0131826 1.202 0.989331 0.985658 0.993005
0.0133045 1.214 0.983996 0.979376 0.988615
0.0134276 1.201 0.987253 0.98306 0.991445
0.0135519 1.215 0.985582 0.981265 0.989899
0.0136773 1.246 0.984259 0.979782 0.988735
0.0138038 1.208 0.988442 0.984866 0.992018
0.0139316 1.212 0.987558 0.983632 0.991483
0.0140605 1.239 0.988294 0.98446 0.992127
0.0141906 1.214 0.988275 0.984399 0.992151
0.0143219 1.231 0.987133 0.9832 0.991066
0.0144544 1.245 0.984638 0.980058 0.989217
0.0145881 1.272 0.982397 0.977663 0.987131
0.0147231 1.238 0.983474 0.978792 0.988157
0.0148594 1.243 0.985777 0.981615 0.989938
0.0149968 1.222 0.988894 0.985373 0.992414
0.0151356 1.226 0.987289 0.983353 0.991226
0.0152757 1.242 0.98498 0.980661 0.989299
0.015417 1.249 0.986319 0.982227 0.990412
0.0155597 1.252 0.986234 0.981932 0.990536
0.0157036 1.266 0.983279 0.978796 0.987762
0.0158489 1.252 0.985381 0.981158 0.989603
0.0159956 1.271 0.985493 0.981301 0.989686
0.0161436 1.264 0.982492 0.977792 0.987192
0.016293 1.267 0.985511 0.981441 0.98958
0.0164437 1.271 0.982855 0.978185 0.987524
0.0165959 1.279 0.985143 0.980986 0.989301
0.0167494 1.284 0.981656 0.976937 0.986375
0.0169044 1.278 0.982584 0.97793 0.987239
0.0170608 1.277 0.981518 0.976606 0.98643
0.0172187 1.258 0.984747 0.980395 0.989099
0.017378 1.28 0.984627 0.98034 0.988915
0.0175388 1.27 0.985215 0.98091 0.989521
0.0177011 1.294 0.985005 0.980799 0.989212
0.0178649 1.312 0.979785 0.974704 0.984866
0.0180302 1.297 0.977236 0.971868 0.982604
0.018197 1.304 0.980756 0.975734 0.985778
0.0183654 1.317 0.977997 0.972745 0.98325
0.0185353 1.31 0.979937 0.974911 0.984962
0.0187068 1.312 0.981057 0.976074 0.98604
0.0188799 1.318 0.977021 0.971461 0.982581
0.0190546 1.305 0.981296 0.976478 0.986114
0.0192309 1.305 0.980392 0.975506 0.985277
0.0194089 1.329 0.979231 0.973874 0.984588
0.0195884 1.337 0.978775 0.97364 0.98391
0.0197697 1.305 0.977125 0.97182 0.98243
0.0199526 1.317 0.981211 0.976508 0.985914
0.0201372 1.327 0.982085 0.977438 0.986733
0.0203236 1.296 0.982462 0.977859 0.987064
0.0205116 1.331 0.981668 0.976886 0.986451
0.0207014 1.34 0.976345 0.970875 0.981815
0.020893 1.32 0.983606 0.979265 0.987947
0.0210863 1.316 0.983923 0.979406 0.98844
0.0212814 1.351 0.979378 0.974442 0.984314
0.0214783 1.364 0.978124 0.97296 0.983289
0.021677 1.368 0.975454 0.969724 0.981184
0.0218776 1.385 0.978687 0.973738 0.983637
0.02208 1.365 0.979599 0.974626 0.984571
0.0222844 1.355 0.980558 0.975559 0.985558
0.0224905 1.38 0.982256 0.97767 0.986842
0.0226986 1.349 0.977447 0.972124 0.98277
0.0229087 1.356 0.982033 0.977379 0.986686
0.0231206 1.35 0.976337 0.970948 0.981727
0.0233346 1.359 0.973073 0.966978 0.979168
0.0235505 1.379 0.974777 0.969251 0.980303
0.0237684 1.362 0.978561 0.973562 0.98356
0.0239883 1.352 0.977749 0.972551 0.982946
0.0242103 1.379 0.977387 0.972073 0.982702
0.0244343 1.334 0.980774 0.975846 0.985701
0.0246604 1.384 0.971056 0.964849 0.977264
0.0248886 1.365 0.978514 0.9734 0.983628
0.0251189 1.432 0.97398 0.968398 0.979563
0.0253513 1.38 0.978839 0.973725 0.983953
0.0255859 1.394 0.979667 0.974644 0.984689
0.0258226 1.391 0.976865 0.971527 0.982202
0.0260615 1.442 0.974454 0.968843 0.980065
0.0263027 1.416 0.9781 0.973012 0.983189
0.0265461 1.426 0.974988 0.969377 0.980599
0.0267917 1.41 0.977545 0.972405 0.982685
0.0270396 1.456 0.970828 0.964692 0.976965
0.0272898 1.406 0.975838 0.970172 0.981505
0.0275423 1.445 0.972955 0.967157 0.978753
0.0277971 1.462 0.972504 0.96675 0.978259
0.0280543 1.467 0.975185 0.96994 0.980431
0.0283139 1.421 0.975232 0.969626 0.980838
0.0285759 1.472 0.973267 0.967644 0.97889
0.0288403 1.448 0.974019 0.968489 0.979549
0.0291072 1.501 0.966857 0.960482 0.973231
0.0293765 1.458 0.973413 0.967794 0.979031
0.0296483 1.465 0.972712 0.967009 0.978416
0.0299226 1.467 0.970077 0.963747 0.976407
0.0301995 1.487 0.978806 0.974167 0.983446
0.0304789 1.53 0.970778 0.965148 0.976408
0.030761 1.463 0.97312 0.967479 0.978761
0.0310456 1.513 0.971113 0.965284 0.976942
0.0313329 1.529 0.972853 0.967136 0.978569
0.0316228 1.511 0.965135 0.958803 0.971466
0.0319154 1.538 0.968529 0.962365 0.974693
0.0322107 1.522 0.969392 0.963366 0.975417
0.0325087 1.494 0.970643 0.964638 0.976649
0.0328095 1.495 0.967738 0.961534 0.973943
0.0331131 1.584 0.965259 0.958878 0.97164
0.0334195 1.585 0.966944 0.960792 0.973096
0.0337287 1.515 0.967719 0.961617 0.973822
0.0340408 1.537 0.964644 0.958093 0.971195
0.0343558 1.581 0.965541 0.958899 0.972183
0.0346737 1.564 0.971238 0.965389 0.977087
0.0349945 1.592 0.966941 0.960577 0.973306
0.0353183 1.558 0.966785 0.960322 0.973249
0.0356451 1.57 0.969574 0.963525 0.975623
0.0359749 1.553 0.965075 0.958753 0.971397
0.0363078 1.564 0.96716 0.961059 0.973262
0.0366438 1.584 0.962572 0.955924 0.969221
0.0369828 1.609 0.961273 0.954488 0.968057
0.037325 1.611 0.964231 0.957535 0.970927
0.0376704 1.593 0.963409 0.956597 0.970222
0.0380189 1.634 0.959342 0.952435 0.966249
0.0383707 1.64 0.96089 0.953927 0.967853
0.0387258 1.613 0.959378 0.952353 0.966403
0.0390841 1.613 0.962206 0.955402 0.969009
0.0394457 1.627 0.966886 0.96067 0.973102
0.0398107 1.619 0.961246 0.954555 0.967936
0.0401791 1.649 0.962577 0.956026 0.969129
0.0405509 1.673 0.965224 0.959003 0.971444
0.0409261 1.677 0.954825 0.947528 0.962121
0.0413048 1.652 0.955195 0.947864 0.962525
0.0416869 1.664 0.961203 0.954256 0.96815
0.0420727 1.684 0.955236 0.947901 0.96257
0.042462 1.664 0.957985 0.950944 0.965027
0.0428549 1.713 0.955674 0.948278 0.963069
0.0432514 1.661 0.957623 0.950407 0.964839
0.0436516 1.721 0.954223 0.946789 0.961656
0.0440555 1.698 0.957721 0.95074 0.964702
0.0444631 1.717 0.948738 0.94069 0.956786
0.0448745 1.672 0.962532 0.95576 0.969304
0.0452898 1.748 0.949847 0.942117 0.957577
0.0457088 1.74 0.958046 0.951081 0.965012
0.0461318 1.75 0.952048 0.944254 0.959842
0.0465586 1.718 0.957163 0.950013 0.964313
0.0469894 1.669 0.957162 0.950064 0.964261
0.0474242 1.793 0.948917 0.940983 0.956852
0.047863 1.781 0.947575 0.939593 0.955556
0.0483059 1.822 0.954119 0.946998 0.96124
0.0487528 1.739 0.95246 0.944968 0.959952
0.049204 1.799 0.951877 0.944425 0.959329
0.0496592 1.798 0.948459 0.9407 0.956218
0.0501187 1.792 0.954586 0.947289 0.961882
0.0505825 1.865 0.944031 0.935907 0.952154
0.0510505 1.836 0.954024 0.946679 0.961369
0.0515229 1.813 0.944433 0.936362 0.952503
0.0519996 1.85 0.947169 0.939293 0.955045
0.0524807 1.853 0.952555 0.945138 0.959972
0.0529663 1.862 0.948883 0.941279 0.956487
0.0534564 1.811 0.952583 0.945103 0.960063
0.0539511 1.854 0.948629 0.940868 0.956389
0.0544503 1.9 0.945635 0.93758 0.953691
0.0549541 1.829 0.941797 0.933499 0.950094
0.0554626 1.866 0.956884 0.949919 0.963849
0.0559758 1.845 0.946692 0.938707 0.954678
0.0564937 1.879 0.945244 0.937029 0.953458
0.0570164 1.937 0.940892 0.932616 0.949169
0.057544 1.923 0.952333 0.945054 0.959612
0.0580764 1.837 0.952438 0.945108 0.959768
0.0586138 1.966 0.942808 0.934443 0.951173
0.0591562 1.936 0.942958 0.934895 0.95102
0.0597035 1.969 0.935563 0.927036 0.94409
0.060256 1.982 0.939088 0.930685 0.947491
0.0608135 1.996 0.936432 0.927563 0.945302
0.0613762 1.933 0.944747 0.936922 0.952571
0.0619441 1.995 0.934567 0.925831 0.943304
0.0625173 1.985 0.943814 0.93585 0.951777
0.0630957 2.012 0.937769 0.929313 0.946225
0.0636796 2.021 0.943252 0.93534 0.951165
0.0642688 2.03 0.939477 0.931132 0.947823
0.0648634 2.041 0.94204 0.934063 0.950016
0.0654636 2.052 0.92579 0.916345 0.935235
0.0660693 2.067 0.929735 0.920924 0.938546
0.0666807 2.12 0.931278 0.922322 0.940234
0.0672977 2.058 0.93402 0.925123 0.942917
0.0679204 2.108 0.936258 0.927709 0.944806
0.0685488 2.14 0.928449 0.91943 0.937468
0.0691831 2.058 0.936827 0.928386 0.945267
0.0698232 2.145 0.926455 0.917585 0.935325
0.0704693 2.161 0.935184 0.926744 0.943625
0.0711214 2.151 0.938841 0.9307 0.946982
0.0717794 2.172 0.926733 0.917489 0.935977
0.0724436 2.153 0.930389 0.921428 0.939349
0.0731139 2.204 0.93199 0.923352 0.940628
0.0737904 2.246 0.933656 0.925026 0.942285
0.0744732 2.201 0.931051 0.922228 0.939875
0.0751623 2.229 0.920019 0.910437 0.929601
0.0758578 2.176 0.925845 0.916804 0.934887
0.0765597 2.208 0.920619 0.911352 0.929885
0.0772681 2.247 0.929459 0.920915 0.938004
0.077983 2.208 0.926028 0.916708 0.935348
0.0787046 2.242 0.922175 0.912693 0.931658
0.0794328 2.283 0.926224 0.917365 0.935082
0.0801678 2.252 0.933729 0.925326 0.942132
0.0809096 2.319 0.923267 0.914226 0.932308
0.0816582 2.252 0.926288 0.916975 0.9356
0.0824138 2.311 0.922863 0.913547 0.932178
0.0831764 2.379 0.922003 0.912858 0.931149
0.083946 2.357 0.919674 0.910341 0.929007
0.0847227 2.375 0.916991 0.907493 0.926488
0.0855067 2.373 0.916098 0.906471 0.925726
0.0862979 2.4 0.918594 0.909242 0.927946
0.0870964 2.375 0.920085 0.910826 0.929344
0.0879023 2.345 0.914073 0.904252 0.923894
0.0887156 2.429 0.913133 0.903364 0.922902
0.0895365 2.427 0.913701 0.903895 0.923508
0.0903649 2.427 0.908392 0.898434 0.918351
0.0912011 2.438 0.91709 0.907505 0.926676
0.092045 2.406 0.915432 0.90589 0.924973
0.0928966 2.408 0.910001 0.900111 0.919891
0.0937562 2.562 0.909203 0.899313 0.919094
0.0946237 2.514 0.908909 0.898992 0.918826
0.0954993 2.492 0.915655 0.906291 0.925019
0.0963829 2.476 0.913886 0.904246 0.923525
0.0972747 2.528 0.913987 0.904465 0.923508
0.0981748 2.521 0.905814 0.895558 0.916069
0.0990832 2.561 0.912929 0.903227 0.922631
0.1 2.598 0.91357 0.903972 0.923168
0.100925 2.562 0.905076 0.895004 0.915147
0.101859 2.587 0.906379 0.896169 0.91659
0.102802 2.654 0.907058 0.897258 0.916858
0.103753 2.616 0.906052 0.895991 0.916114
0.104713 2.637 0.907165 0.896923 0.917407
0.105682 2.734 0.900842 0.890456 0.911228
0.10666 2.657 0.897706 0.887565 0.907848
0.107647 2.642 0.898276 0.887879 0.908674
0.108643 2.692 0.898487 0.888081 0.908893
0.109648 2.731 0.897155 0.886948 0.907363
0.110662 2.723 0.897053 0.886606 0.9075
0.111686 2.763 0.894392 0.884026 0.904758
0.11272 2.722 0.896197 0.885704 0.90669
0.113763 2.77 0.888858 0.877814 0.899903
0.114815 2.803 0.899741 0.889307 0.910175
0.115878 2.737 0.897344 0.886791 0.907896
0.11695 2.866 0.888486 0.877568 0.899405
0.118032 2.794 0.899559 0.889318 0.909799
0.119124 2.832 0.885359 0.874316 0.896401
0.120226 2.85 0.887833 0.876761 0.898906
0.121339 2.907 0.880636 0.869694 0.891578
0.122462 2.872 0.89288 0.882269 0.903491
0.123595 2.865 0.890928 0.880455 0.901401
0.124738 2.888 0.883756 0.87285 0.894661
0.125893 2.901 0.892502 0.882096 0.902908
0.127057 2.967 0.876872 0.865606 0.888138
0.128233 2.959 0.883951 0.873105 0.894798
0.12942 2.974 0.882634 0.871859 0.89341
0.130617 3.037 0.881128 0.870106 0.892151
0.131826 2.925 0.888141 0.877296 0.898985
0.133045 3.018 0.875906 0.864569 0.887243
0.134276 3.07 0.891477 0.880825 0.902129
0.135519 3.099 0.869962 0.858664 0.881259
0.136773 3.093 0.883012 0.872245 0.89378
0.138038 3.086 0.870115 0.858836 0.881394
0.139316 3.143 0.880169 0.869175 0.891164
0.140605 3.167 0.874011 0.862762 0.885261
0.141906 3.144 0.864775 0.853219 0.876332
0.143219 3.206 0.865784 0.854132 0.877436
0.144544 3.194 0.868353 0.856796 0.87991
0.145881 3.181 0.878561 0.867721 0.8894
0.147231 3.282 0.863056 0.851348 0.874764
0.148594 3.207 0.860687 0.849047 0.872327
0.149968 3.314 0.859544 0.847912 0.871177
0.151356 3.233 0.84911 0.837045 0.861174
0.152757 3.234 0.869139 0.857904 0.880374
0.15417 3.361 0.858237 0.846649 0.869826
0.155597 3.316 0.860824 0.849469 0.872178
0.157036 3.299 0.863296 0.851613 0.874978
0.158489 3.351 0.855639 0.843679 0.867598
0.159956 3.387 0.856907 0.845247 0.868567
0.161436 3.382 0.851721 0.839783 0.86366
0.16293 3.35 0.863819 0.852288 0.87535
0.164437 3.4 0.855776 0.843977 0.867576
0.165959 3.464 0.845932 0.833419 0.858445
0.167494 3.459 0.850481 0.838597 0.862365
0.169044 3.516 0.842294 0.829967 0.85462
0.170608 3.497 0.853255 0.841253 0.865258
0.172187 3.483 0.85313 0.841357 0.864903
0.17378 3.578 0.840848 0.828741 0.852954
0.175388 3.603 0.839598 0.827053 0.852143
0.177011 3.484 0.842942 0.830573 0.855312
0.178649 3.608 0.83565 0.823312 0.847987
0.180302 3.643 0.845663 0.833817 0.857509
0.18197 3.711 0.836562 0.824122 0.849002
0.183654 3.579 0.842597 0.830382 0.854812
0.185353 3.686 0.83271 0.820116 0.845304
0.187068 3.639 0.83737 0.825225 0.849516
0.188799 3.715 0.820645 0.808271 0.833018
0.190546 3.635 0.826897 0.814364 0.839429
0.192309 3.722 0.843514 0.831554 0.855473
0.194089 3.795 0.828817 0.816285 0.841348
0.195884 3.799 0.815089 0.802223 0.827955
0.197697 3.816 0.826089 0.813613 0.838566
0.199526 3.815 0.822254 0.809668 0.834841
0.201372 3.808 0.833875 0.821551 0.8462
0.203236 3.886 0.811253 0.798457 0.824048
0.205116 3.77 0.821312 0.808512 0.834111
0.207014 3.757 0.830249 0.817698 0.8428
0.20893 3.948 0.817329 0.804614 0.830045
0.210863 3.91 0.821137 0.808463 0.833811
0.212814 3.88 0.812283 0.799362 0.825203
0.214783 3.925 0.813247 0.800165 0.82633
0.21677 3.991 0.813871 0.801121 0.82662
0.218776 3.956 0.803275 0.790087 0.816463
0.2208 3.967 0.817618 0.804868 0.830369
0.222844 3.998 0.819701 0.807176 0.832225
0.224905 4.047 0.806904 0.793991 0.819817
0.226986 3.978 0.808997 0.795949 0.822045
0.229087 4.113 0.801221 0.788037 0.814405
0.231206 4.132 0.807503 0.79483 0.820176
0.233346 4.103 0.796375 0.783139 0.80961
0.235505 4.135 0.797948 0.784825 0.811072
0.237684 4.059 0.809785 0.796905 0.822666
0.239883 4.149 0.800751 0.787692 0.81381
0.242103 4.174 0.797928 0.784664 0.811192
0.244343 4.127 0.799936 0.786946 0.812926
0.246604 4.204 0.787027 0.774054 0.8
0.248886 4.114 0.788259 0.774918 0.8016
0.251189 4.279 0.786676 0.773303 0.800049
0.253513 4.273 0.779637 0.766533 0.79274
0.255859 4.295 0.772139 0.758664 0.785614
0.258226 4.235 0.78381 0.770528 0.797092
0.260615 4.281 0.78721 0.774072 0.800348
0.263027 4.305 0.783518 0.770314 0.796722
0.265461 4.285 0.781633 0.768094 0.795171
0.267917 4.334 0.772517 0.758921 0.786113
0.270396 4.38 0.774226 0.760834 0.787618
0.272898 4.426 0.77 0.75662 0.783381
0.275423 4.325 0.780392 0.766778 0.794006
0.277971 4.385 0.769396 0.755945 0.782846
0.280543 4.397 0.765099 0.751572 0.778627
0.283139 4.419 0.766921 0.753156 0.780686
0.285759 4.401 0.768112 0.754606 0.781618
0.288403 4.414 0.768055 0.754507 0.781603
0.291072 4.485 0.753508 0.739693 0.767323
0.293765 4.466 0.761735 0.748069 0.775401
0.296483 4.45 0.755185 0.741513 0.768858
0.299226 4.507 0.766644 0.753109 0.78018
0.301995 4.517 0.749813 0.735907 0.76372
0.304789 4.55 0.748404 0.734437 0.762371
0.30761 4.554 0.756857 0.743082 0.770633
0.310456 4.533 0.751612 0.737704 0.765519
0.313329 4.541 0.749443 0.735594 0.763293
0.316228 4.58 0.738373 0.724379 0.752366
0.319154 4.597 0.744023 0.730397 0.757649
0.322107 4.631 0.730596 0.716688 0.744504
0.325087 4.615 0.728756 0.714984 0.742528
0.328095 4.618 0.727999 0.714155 0.741843
0.331131 4.581 0.742282 0.728693 0.75587
0.334195 4.666 0.718803 0.704892 0.732713
0.337287 4.633 0.738858 0.725011 0.752706
0.340408 4.659 0.717553 0.703696 0.73141
0.343558 4.679 0.72638 0.712308 0.740451
0.346737 4.696 0.716271 0.702262 0.73028
0.349945 4.691 0.73121 0.717308 0.745111
0.353183 4.717 0.717106 0.703217 0.730995
0.356451 4.707 0.718053 0.703931 0.732175
0.359749 4.738 0.723295 0.709251 0.737338
0.363078 4.762 0.713511 0.699415 0.727606
0.366438 4.76 0.715571 0.701458 0.729685
0.369828 4.771 0.707146 0.69329 0.721002
0.37325 4.758 0.713937 0.699874 0.727999
0.376704 4.762 0.708897 0.694891 0.722903
0.380189 4.778 0.70985 0.695578 0.724122
0.383707 4.799 0.694111 0.680345 0.707877
0.387258 4.805 0.714689 0.700654 0.728723
0.390841 4.817 0.698578 0.684857 0.712299
0.394457 4.826 0.683686 0.669759 0.697614
0.398107 4.825 0.679802 0.66563 0.693975
0.401791 4.828 0.699999 0.685916 0.714082
0.405509 4.827 0.683796 0.669891 0.697702
0.409261 4.857 0.690522 0.676866 0.704179
0.413048 4.853 0.676135 0.661899 0.69037
0.416869 4.868 0.667604 0.653661 0.681546
0.420727 4.825 0.694562 0.680581 0.708543
0.42462 4.859 0.687723 0.67378 0.701666
0.428549 4.858 0.688037 0.673861 0.702214
0.432514 4.886 0.666425 0.652541 0.680309
0.436516 4.881 0.667092 0.65341 0.680775
0.440555 4.888 0.653527 0.639604 0.667449
0.444631 4.894 0.670089 0.655836 0.684341
0.448745 4.9 0.667869 0.653707 0.682031
0.452898 4.914 0.664869 0.650608 0.679131
0.457088 4.915 0.664348 0.650242 0.678454
0.461318 4.89 0.656222 0.642057 0.670387
0.465586 4.897 0.658751 0.644522 0.672979
0.469894 4.922 0.660939 0.647217 0.674661
0.474242 4.899 0.6645 0.650697 0.678302
0.47863 4.915 0.6714 0.657492 0.685307
0.483059 4.934 0.631584 0.617523 0.645644
0.487528 4.925 0.649204 0.63505 0.663357
0.49204 4.938 0.643115 0.629212 0.657018
0.496592 4.92 0.637945 0.623905 0.651984
0.501187 4.943 0.622884 0.609037 0.636732
0.505825 4.946 0.636983 0.622749 0.651217
0.510505 4.947 0.632964 0.619083 0.646845
0.515229 4.944 0.63372 0.619724 0.647717
0.519996 4.961 0.632711 0.619186 0.646236
0.524807 4.958 0.623307 0.609368 0.637246
0.529663 4.952 0.636968 0.623103 0.650833
0.534564 4.974 0.617872 0.603761 0.631983
0.539511 4.974 0.611013 0.59743 0.624597
0.544503 4.969 0.617601 0.603812 0.63139
0.549541 4.962 0.603853 0.590154 0.617552
0.554626 4.977 0.622967 0.60925 0.636685
0.559758 4.958 0.628849 0.614868 0.642829
0.564937 4.961 0.604474 0.590554 0.618394
0.570164 4.976 0.598654 0.585167 0.612141
0.57544 4.975 0.593395 0.579585 0.607205
0.580764 4.984 0.605468 0.591783 0.619153
0.586138 4.984 0.588664 0.5751 0.602228
0.591562 4.984 0.602312 0.588459 0.616165
0.597035 4.988 0.588476 0.574661 0.60229
0.60256 4.976 0.581522 0.567941 0.595104
0.608135 4.977 0.593134 0.579377 0.606892
0.613762 4.984 0.581891 0.56812 0.595662
0.619441 4.981 0.588929 0.575225 0.602633
0.625173 4.994 0.574069 0.560369 0.58777
0.630957 4.986 0.576046 0.562276 0.589816
0.636796 4.985 0.58703 0.573088 0.600972
0.642688 4.992 0.55942 0.546051 0.572788
0.648634 4.987 0.569062 0.555544 0.582581
0.654636 4.99 0.566488 0.552973 0.580003
0.660693 4.994 0.555078 0.542003 0.568153
0.666807 4.993 0.564148 0.550599 0.577698
0.672977 4.99 0.566124 0.552462 0.579785
0.679204 4.999 0.558837 0.545502 0.572172
0.685488 4.991 0.550249 0.536914 0.563584
0.691831 4.996 0.564999 0.551602 0.578397
0.698232 4.994 0.547929 0.534708 0.56115
0.704693 4.994 0.540237 0.527069 0.553406
0.711214 5 0.541883 0.52873 0.555037
0.717794 4.993 0.541445 0.528464 0.554426
0.724436 4.999 0.552039 0.538374 0.565704
0.731139 4.987 0.536069 0.522861 0.549278
0.737904 4.994 0.533808 0.520816 0.546799
0.744732 4.996 0.5343 0.521351 0.547248
0.751623 4.999 0.531594 0.518741 0.544448
0.758578 5 0.525049 0.512273 0.537825
0.765597 4.997 0.52283 0.510209 0.535451
0.772681 4.998 0.518246 0.505677 0.530815
0.77983 4.999 0.518405 0.505666 0.531143
0.787046 5 0.524241 0.511139 0.537343
0.794328 4.995 0.504957 0.491983 0.517931
0.801678 4.995 0.509182 0.496783 0.52158
0.809096 5 0.498818 0.486526 0.51111
0.816582 5 0.519591 0.506766 0.532415
0.824138 4.997 0.503691 0.491333 0.516049
0.831764 5 0.503206 0.490613 0.515798
0.83946 4.999 0.502526 0.489901 0.515151
0.847227 5 0.492851 0.480693 0.505009
0.855067 4.999 0.500461 0.488087 0.512836
0.862979 4.999 0.500779 0.488529 0.513029
0.870964 5 0.489707 0.477714 0.5017
0.879023 5 0.495198 0.48287 0.507526
0.887156 5 0.484026 0.471794 0.496258
0.895365 5 0.480424 0.468669 0.492178
0.903649 4.998 0.486566 0.474401 0.498731
0.912011 5 0.483574 0.471318 0.49583
0.92045 5 0.466561 0.455178 0.477945
0.928966 4.998 0.470037 0.458228 0.481847
0.937562 5 0.453572 0.442443 0.464701
0.946237 5 0.454392 0.443391 0.465393
0.954993 5 0.474703 0.463031 0.486374
0.963829 4.999 0.456335 0.444738 0.467933
0.972747 5 0.451929 0.440957 0.462902
0.981748 5 0.454314 0.442829 0.465798
0.990832 5 0.456021 0.444571 0.46747
1 5 0.451042 0.439737 0.462346
1.00925 5 0.449497 0.438316 0.460677
1.01859 5 0.441382 0.43075 0.452013
1.02802 5 0.441826 0.430701 0.452952
1.03753 5 0.438258 0.427481 0.449035
1.04713 5 0.438195 0.427376 0.449014
1.05682 5 0.435556 0.4245 0.446612
1.0666 5 0.427529 0.416933 0.438125
1.07647 5 0.433267 0.422528 0.444006
1.08643 5 0.445992 0.434793 0.457191
1.09648 5 0.441444 0.429958 0.452931
1.10662 5 0.421676 0.411389 0.431963
1.11686 5 0.429158 0.418575 0.439741
1.1272 5 0.4239 0.413177 0.434624
1.13763 5 0.417939 0.407744 0.428134
1.14815 4.999 0.417903 0.407481 0.428325
1.15878 5 0.416004 0.405984 0.426023
1.1695 5 0.401609 0.3918 0.411419
1.18032 5 0.417075 0.406701 0.427449
1.19124 5 0.410235 0.400292 0.420178
1.20226 5 0.405094 0.394981 0.415208
1.21339 5 0.411512 0.400941 0.422083
1.22462 5 0.402447 0.392375 0.412519
1.23595 5 0.399796 0.390303 0.409288
1.24738 5 0.402539 0.392682 0.412396
1.25893 5 0.398438 0.388436 0.408439
1.27057 5 0.394644 0.384969 0.404319
1.28233 5 0.394023 0.384389 0.403657
1.2942 5 0.391534 0.382255 0.400813
1.30617 5 0.389866 0.380146 0.399587
1.31826 5 0.393896 0.383815 0.403977
1.33045 5 0.374692 0.366056 0.383328
1.34276 5 0.383117 0.37426 0.391973
1.35519 5 0.384187 0.375049 0.393325
1.36773 5 0.371684 0.362546 0.380823
1.38038 5 0.376204 0.36721 0.385198
1.39316 5 0.37363 0.364736 0.382524
1.40605 5 0.369607 0.360621 0.378593
1.41906 5 0.369872 0.361253 0.378492
1.43219 5 0.365005 0.35614 0.373871
1.44544 5 0.364916 0.356287 0.373545
1.45881 5 0.361884 0.353702 0.370066
1.47231 5 0.364102 0.355604 0.372599
1.48594 5 0.356356 0.348237 0.364475
1.49968 5 0.353535 0.345297 0.361774
1.51356 5 0.356237 0.348138 0.364335
1.52757 5 0.357462 0.349709 0.365215
1.5417 5 0.351376 0.342987 0.359765
1.55597 5 0.348136 0.340073 0.3562
1.57036 5 0.349186 0.340667 0.357705
1.58489 5 0.337577 0.330537 0.344616
1.59956 5 0.343093 0.335221 0.350965
1.61436 5 0.34426 0.336785 0.351734
1.6293 5 0.338225 0.330734 0.345717
1.64437 5 0.339234 0.331361 0.347106
1.65959 5 0.338572 0.330869 0.346276
1.67494 5 0.342564 0.334625 0.350503
1.69044 5 0.332769 0.325778 0.33976
1.70608 5 0.330644 0.323528 0.33776
1.72187 5 0.327204 0.319868 0.334539
1.7378 5 0.334142 0.326678 0.341607
1.75388 5 0.329918 0.322567 0.337269
1.77011 5 0.331748 0.324424 0.339071
1.78649 5 0.326303 0.31918 0.333426
1.80302 5 0.322652 0.315732 0.329573
1.8197 5 0.32126 0.314334 0.328186
1.83654 5 0.321851 0.31496 0.328743
1.85353 5 0.313297 0.30672 0.319874
1.87068 5 0.318866 0.312032 0.3257
1.88799 5 0.31531 0.308682 0.321937
1.90546 5 0.3164 0.309577 0.323223
1.92309 5 0.307324 0.30094 0.313707
1.94089 5 0.306535 0.300617 0.312452
1.95884 5 0.30821 0.302124 0.314295
1.97697 5 0.308273 0.301601 0.314946
1.99526 5 0.304817 0.298405 0.31123
2.01372 5 0.299087 0.293667 0.304507
2.03236 5 0.301041 0.295187 0.306895
2.05116 5 0.29847 0.292914 0.304026
2.07014 5 0.296721 0.291265 0.302176
2.0893 5 0.299317 0.293344 0.30529
2.10863 5 0.29706 0.291468 0.302651
2.12814 5 0.29691 0.290755 0.303065
2.14783 5 0.295188 0.289152 0.301225
2.1677 5 0.292902 0.287551 0.298253
2.18776 5 0.291185 0.28569 0.29668
2.208 5 0.289777 0.284196 0.295357
2.22844 5 0.282809 0.277942 0.287676
2.24905 5 0.285926 0.280631 0.29122
2.26986 5 0.290115 0.284505 0.295726
2.29087 5 0.283666 0.27843 0.288902
2.31206 5 0.288943 0.283385 0.294501
2.33346 5 0.282365 0.277307 0.287424
2.35505 5 0.282098 0.277375 0.28682
2.37684 5 0.27682 0.271998 0.281642
2.39883 5 0.280256 0.275202 0.285311
2.42103 5 0.276774 0.272082 0.281466
2.44343 5 0.278205 0.273379 0.28303
2.46604 5 0.277158 0.272621 0.281695
2.48886 5 0.278178 0.272997 0.283359
2.51189 5 0.272837 0.268381 0.277294
2.53513 5 0.26893 0.265121 0.272739
2.55859 5 0.272255 0.267851 0.27666
2.58226 5 0.268965 0.264948 0.272983
2.60615 5 0.270219 0.265721 0.274717
2.63027 5 0.263929 0.260309 0.26755
2.65461 5 0.26467 0.260914 0.268426
2.67917 5 0.26345 0.259326 0.267574
2.70396 5 0.266336 0.262036 0.270635
2.72898 5 0.262926 0.258885 0.266966
2.75423 5 0.263227 0.259339 0.267115
2.77971 5 0.260483 0.256895 0.264071
2.80543 5 0.264242 0.260203 0.268281
2.83139 5 0.258381 0.254805 0.261957
2.85759 5 0.259848 0.256022 0.263675
2.88403 5 0.256341 0.252653 0.260029
2.91072 5 0.257585 0.254017 0.261153
2.93765 5 0.25508 0.251514 0.258645
2.96483 5 0.254551 0.251088 0.258014
2.99226 5 0.257261 0.253582 0.26094
3.01995 5 0.253225 0.249856 0.256595
3.04789 5 0.255564 0.251932 0.259196
3.0761 5 0.250936 0.247617 0.254256
3.10456 5 0.248056 0.245208 0.250904
3.13329 5 0.251195 0.247642 0.254749
3.16228 5 0.24947 0.24647 0.252471
3.19154 5 0.249196 0.246115 0.252276
3.22107 5 0.249104 0.245818 0.25239
3.25087 5 0.247529 0.244517 0.250541
3.28095 5 0.245434 0.242553 0.248315
3.31131 5 0.24497 0.241897 0.248043
3.34195 5 0.24178 0.239106 0.244454
3.37287 5 0.242473 0.239883 0.245063
3.40408 5 0.246038 0.242909 0.249166
3.43558 5 0.239548 0.23726 0.241836
3.46737 5 0.241578 0.238974 0.244181
3.49945 5 0.242399 0.239529 0.245269
3.53183 5 0.238038 0.235554 0.240522
3.56451 5 0.24 0.237429 0.242571
3.59749 5 0.239374 0.237016 0.241732
3.63078 5 0.236799 0.234497 0.239101
3.66438 5 0.237801 0.235344 0.240259
3.69828 5 0.23503 0.232872 0.237189
3.7325 5 0.236119 0.23372 0.238518
3.76704 5 0.235676 0.23345 0.237901
3.80189 5 0.235041 0.232691 0.23739
3.83707 5 0.232525 0.230383 0.234666
3.87258 5 0.236187 0.233827 0.238546
3.90841 5 0.232843 0.230565 0.235121
3.94457 5 0.23298 0.230795 0.235164
3.98107 5 0.231917 0.229903 0.233931
4.01791 5 0.231105 0.229036 0.233174
4.05509 5 0.232165 0.230086 0.234244
4.09261 5 0.23199 0.23003 0.233951
4.13048 5 0.230057 0.228035 0.23208
4.16869 5 0.230468 0.228557 0.23238
4.20727 5 0.230491 0.228596 0.232387
4.2462 5 0.228999 0.227122 0.230877
4.28549 5 0.22885 0.226761 0.23094
4.32514 5 0.227372 0.225783 0.228962
4.36516 5 0.227934 0.225997 0.229871
4.40555 5 0.226371 0.224718 0.228024
4.44631 5 0.224091 0.222479 0.225704
4.48745 5 0.228053 0.226083 0.230022
4.52898 5 0.225478 0.223839 0.227117
4.57088 5 0.225935 0.22416 0.22771
4.61318 5 0.225225 0.223614 0.226836
4.65586 5 0.223686 0.222072 0.2253
4.69894 5 0.224671 0.222922 0.22642
4.74242 5 0.224277 0.222702 0.225851
4.7863 5 0.221446 0.220019 0.222873
4.83059 5 0.222904 0.221399 0.224408
4.87528 5 0.221641 0.22025 0.223033
4.9204 5 0.222139 0.220501 0.223776
4.96592 5 0.22112 0.219812 0.222428
5.01187 5 0.222201 0.22073 0.223671
5.05825 5 0.219397 0.218115 0.220679
5.10505 5 0.218685 0.217635 0.219734
5.15229 5 0.2191 0.217734 0.220467
5.19996 5 0.219763 0.218464 0.221062
5.24807 5 0.218743 0.217522 0.219963
5.29663 5 0.217686 0.216612 0.21876
5.34564 5 0.219261 0.217975 0.220548
5.39511 5 0.218023 0.216785 0.21926
5.44503 5 0.218347 0.217124 0.219569
5.49541 5 0.217526 0.216318 0.218734
5.54626 5 0.218629 0.217235 0.220022
5.59758 5 0.216697 0.215669 0.217724
5.64937 5 0.217107 0.215946 0.218268
5.70164 5 0.216484 0.215379 0.217588
5.7544 5 0.21598 0.214796 0.217163
5.80764 5 0.215345 0.214404 0.216286
5.86138 5 0.214735 0.213796 0.215674
5.91562 5 0.214801 0.213832 0.215769
5.97035 5 0.215595 0.214555 0.216634
6.0256 5 0.214903 0.21391 0.215895
6.08135 5 0.214805 0.213904 0.215706
6.13762 5 0.213431 0.212593 0.214269
6.19441 5 0.214987 0.214063 0.215911
6.25173 5 0.213315 0.212427 0.214204
6.30957 5 0.214029 0.21304 0.215018
6.36796 5 0.212809 0.21198 0.213637
6.42688 5 0.213008 0.212155 0.21386
6.48634 5 0.213224 0.212273 0.214176
6.54636 5 0.212868 0.212007 0.213729
6.60693 5 0.212261 0.211475 0.213047
6.66807 5 0.211937 0.211054 0.212819
6.72977 5 0.211957 0.211164 0.21275
6.79204 5 0.212011 0.211256 0.212766
6.85488 5 0.211667 0.210889 0.212444
6.91831 5 0.21136 0.210591 0.212128
6.98232 5 0.211969 0.211168 0.21277
7.04693 5 0.211467 0.210715 0.212218
7.11214 5 0.210719 0.209964 0.211475
7.17794 5 0.209891 0.209229 0.210553
7.24436 5 0.211007 0.210249 0.211764
7.31139 5 0.210218 0.209527 0.210908
7.37904 5 0.209734 0.209079 0.21039
7.44732 5 0.210249 0.209583 0.210916
7.51623 5 0.209579 0.208968 0.210191
7.58578 5 0.209954 0.209272 0.210635
7.65597 5 0.209635 0.208987 0.210283
7.72681 5 0.20933 0.208733 0.209927
7.7983 5 0.208629 0.208089 0.209169
7.87046 5 0.208915 0.208326 0.209505
7.94328 5 0.208566 0.208035 0.209096
8.01678 5 0.208585 0.208019 0.209152
8.09096 5 0.208427 0.207827 0.209026
8.16582 5 0.208779 0.208165 0.209394
8.24138 5 0.208412 0.207861 0.208963
8.31764 5 0.208087 0.20757 0.208605
8.3946 5 0.208061 0.20752 0.208601
8.47227 5 0.207594 0.20708 0.208109
8.55067 5 0.20774 0.207225 0.208254
8.62979 5 0.20709 0.206651 0.207529
8.70964 5 0.207419 0.206944 0.207894
8.79023 5 0.207355 0.206867 0.207842
8.87156 5 0.206822 0.206361 0.207282
8.95365 5 0.207097 0.20661 0.207583
9.03649 5 0.207105 0.206612 0.207597
9.12011 5 0.206299 0.205902 0.206695
9.2045 5 0.20633 0.205929 0.20673
9.28966 5 0.206271 0.20587 0.206673
9.37562 5 0.206307 0.205893 0.20672
9.46237 5 0.206112 0.205702 0.206522
9.54993 5 0.206145 0.205708 0.206583
9.63829 5 0.206065 0.205657 0.206473
9.72747 5 0.205755 0.205383 0.206127
9.81748 5 0.205503 0.205137 0.205869
9.90832 5 0.205567 0.205232 0.205901
10 5 0.205616 0.205249 0.205983
10.0925 5 0.205169 0.204808 0.205529
10.1859 5 0.205586 0.205197 0.205975
10.2802 5 0.205233 0.204915 0.20555
10.3753 5 0.204996 0.204678 0.205314
10.4713 5 0.205084 0.204746 0.205422
10.5682 5 0.205003 0.204691 0.205315
10.666 5 0.205009 0.204675 0.205344
10.7647 5 0.204867 0.20454 0.205194
10.8643 5 0.204468 0.204188 0.204749
10.9648 5 0.204543 0.20425 0.204837
11.0662 5 0.204442 0.204162 0.204723
11.1686 5 0.204516 0.204215 0.204817
11.272 5 0.204319 0.204034 0.204603
11.3763 5 0.204173 0.203896 0.20445
11.4815 5 0.204449 0.204115 0.204783
11.5878 5 0.204035 0.203778 0.204292
11.695 5 0.204039 0.20377 0.204308
11.8032 5 0.204058 0.203791 0.204326
11.9124 5 0.203762 0.203511 0.204012
12.0226 5 0.203923 0.203664 0.204182
12.1339 5 0.20364 0.203413 0.203868
12.2462 5 0.203953 0.203709 0.204196
12.3595 5 0.204042 0.203765 0.204318
12.4738 5 0.203434 0.203203 0.203665
12.5893 5 0.203581 0.20333 0.203831
12.7057 5 0.203265 0.203044 0.203487
12.8233 5 0.203418 0.203182 0.203653
12.942 5 0.203217 0.202992 0.203441
13.0617 5 0.203348 0.203125 0.20357
13.1826 5 0.203226 0.203009 0.203443
13.3045 5 0.203216 0.20301 0.203422
13.4276 5 0.202914 0.202724 0.203105
13.5519 5 0.203023 0.202817 0.203229
13.6773 5 0.20305 0.202859 0.203241
13.8038 5 0.203042 0.202833 0.203251
13.9316 5 0.202889 0.202686 0.203093
14.0605 5 0.202711 0.202525 0.202897
14.1906 5 0.202818 0.202637 0.203
14.3219 5 0.202721 0.202539 0.202902
14.4544 5 0.202873 0.202665 0.203081
14.5881 5 0.202542 0.202376 0.202708
14.7231 5 0.202703 0.202532 0.202875
14.8594 5 0.202513 0.202337 0.202689
14.9968 5 0.20261 0.202435 0.202785
15.1356 5 0.202413 0.202246 0.20258
15.2757 5 0.202393 0.202224 0.202561
15.417 5 0.202279 0.202136 0.202423
15.5597 5 0.202295 0.202146 0.202444
15.7036 5 0.202263 0.202119 0.202406
15.8489 5 0.202272 0.202115 0.202428
15.9956 5 0.202355 0.202201 0.20251
16.1436 5 0.202261 0.202112 0.20241
16.293 5 0.202011 0.201863 0.202159
16.4437 5 0.202097 0.201958 0.202235
16.5959 5 0.201982 0.20185 0.202114
16.7494 5 0.201991 0.201866 0.202116
16.9044 5 0.201947 0.201816 0.202077
17.0608 5 0.201911 0.201778 0.202043
17.2187 5 0.201878 0.201756 0.202
17.378 5 0.201794 0.201676 0.201912
17.5388 5 0.201927 0.201797 0.202057
17.7011 5 0.20173 0.201617 0.201843
17.8649 5 0.201774 0.201659 0.20189
18.0302 5 0.201716 0.201582 0.201849
18.197 5 0.201697 0.201574 0.201819
18.3654 5 0.201725 0.201611 0.201839
18.5353 5 0.201609 0.20151 0.201709
18.7068 5 0.201559 0.201461 0.201657
18.8799 5 0.201591 0.201479 0.201703
19.0546 5 0.201495 0.201401 0.201589
19.2309 5 0.20142 0.20133 0.20151
19.4089 5 0.20153 0.201427 0.201633
19.5884 5 0.201442 0.201353 0.201531
19.7697 5 0.201486 0.201384 0.201589
19.9526 5 0.201363 0.201264 0.201461
20.1372 5 0.20134 0.201249 0.201431
20.3236 5 0.201323 0.201237 0.201409
20.5116 5 0.201335 0.20125 0.201419
20.7014 5 0.201247 0.201168 0.201326
20.893 5 0.201284 0.201205 0.201362
21.0863 5 0.201214 0.201133 0.201294
21.2814 5 0.201204 0.201122 0.201286
21.4783 5 0.201139 0.201068 0.20121
21.677 5 0.201257 0.201176 0.201338
21.8776 5 0.201221 0.201138 0.201305
22.08 5 0.201171 0.20109 0.201252
22.2844 5 0.201127 0.201046 0.201208
22.4905 5 0.201062 0.200991 0.201133
22.6986 5 0.201152 0.201074 0.20123
22.9087 5 0.201117 0.201039 0.201194
23.1206 5 0.201055 0.200974 0.201135
23.3346 5 0.200956 0.200894 0.201018
23.5505 5 0.201052 0.200984 0.201121
23.7684 5 0.200987 0.200922 0.201052
23.9883 5 0.201035 0.200965 0.201104
24.2103 5 0.200972 0.200908 0.201036
24.4343 5 0.200938 0.200869 0.201008
24.6604 5 0.200931 0.200869 0.200994
24.8886 5 0.200948 0.200882 0.201015
25.1189 5 0.200908 0.200848 0.200968
25.3513 5 0.200874 0.200814 0.200935
25.5859 5 0.200885 0.200827 0.200944
25.8226 5 0.20082 0.200768 0.200871
26.0615 5 0.200802 0.200752 0.200853
26.3027 5 0.200796 0.200742 0.200849
26.5461 5 0.200783 0.200731 0.200834
26.7917 5 0.200781 0.200726 0.200837
27.0396 5 0.200761 0.200708 0.200813
27.2898 5 0.200726 0.200677 0.200775
27.5423 5 0.200737 0.200691 0.200782
27.7971 5 0.200776 0.200725 0.200828
28.0543 5 0.200726 0.200675 0.200777
28.3139 5 0.200712 0.20066 0.200764
28.5759 5 0.200677 0.20063 0.200723
28.8403 5 0.200661 0.200616 0.200705
29.1072 5 0.200672 0.200626 0.200717
29.3765 5 0.200648 0.200606 0.20069
29.6483 5 0.200661 0.20062 0.200703
29.9226 5 0.200631 0.200589 0.200672
30.1995 5 0.200606 0.200566 0.200646
30.4789 5 0.200618 0.200579 0.200658
30.761 5 0.200581 0.200545 0.200616
31.0456 5 0.200604 0.200562 0.200647
31.3329 5 0.20057 0.200534 0.200606
31.6228 5 0.200562 0.200527 0.200597
31.9154 5 0.200532 0.200497 0.200567
32.2107 5 0.200528 0.200494 0.200561
32.5087 5 0.200552 0.200515 0.200588
32.8095 5 0.200526 0.200491 0.200562
33.1131 5 0.200524 0.200488 0.200559
33.4195 5 0.200531 0.200492 0.20057
33.7287 5 0.200512 0.200475 0.20055
34.0408 5 0.200474 0.200442 0.200506
34.3558 5 0.200458 0.200429 0.200488
34.6737 5 0.200458 0.200429 0.200488
34.9945 5 0.20046 0.200429 0.200491
35.3183 5 0.200426 0.200398 0.200454
35.6451 5 0.200422 0.200396 0.200449
35.9749 5 0.200435 0.200407 0.200464
36.3078 5 0.2004 0.200373 0.200427
36.6438 5 0.200415 0.200387 0.200442
36.9828 5 0.200409 0.20038 0.200437
37.325 5 0.200421 0.200391 0.20045
37.6704 5 0.200398 0.200372 0.200425
38.0189 5 0.200371 0.200346 0.200395
38.3707 5 0.200383 0.200357 0.200409
38.7258 5 0.200352 0.20033 0.200374
39.0841 5 0.200401 0.200373 0.200428
39.4457 5 0.200378 0.200352 0.200405
39.8107 5 0.200378 0.200353 0.200404
40.1791 5 0.200338 0.200315 0.20036
40.5509 5 0.200321 0.200301 0.200341
40.9261 5 0.20034 0.200317 0.200363
41.3048 5 0.200341 0.200317 0.200365
41.6869 5 0.200336 0.200311 0.20036
42.0727 5 0.200307 0.200286 0.200328
42.462 5 0.200322 0.2003 0.200345
42.8549 5 0.200302 0.200283 0.200322
43.2514 5 0.200288 0.200268 0.200307
43.6516 5 0.200314 0.20029 0.200338
44.0555 5 0.200277 0.200259 0.200295
44.4631 5 0.200273 0.200253 0.200293
44.8745 5 0.200273 0.200254 0.200292
45.2898 5 0.200269 0.200252 0.200286
45.7088 5 0.200273 0.200253 0.200293
46.1318 5 0.200269 0.200251 0.200287
46.5586 5 0.200267 0.200248 0.200287
46.9894 5 0.200239 0.200223 0.200254
47.4242 5 0.200247 0.200231 0.200263
47.863 5 0.200239 0.200223 0.200256
48.3059 5 0.200221 0.200207 0.200235
48.7528 5 0.200234 0.200218 0.200249
49.204 5 0.200232 0.200216 0.200248
49.6592 5 0.200228 0.200211 0.200245
50.1187 5 0.20022 0.200205 0.200235
50.5825 5 0.200223 0.200209 0.200238
51.0505 5 0.200214 0.2002 0.200228
51.5229 5 0.200209 0.200195 0.200222
51.9996 5 0.200213 0.200199 0.200226
52.4807 5 0.20021 0.200196 0.200225
52.9663 5 0.200194 0.200182 0.200207
53.4564 5 0.200204 0.20019 0.200218
53.9511 5 0.200193 0.20018 0.200205
54.4503 5 0.200174 0.200163 0.200184
54.9541 5 0.20019 0.200177 0.200203
55.4626 5 0.20018 0.200169 0.200192
55.9758 5 0.200191 0.200178 0.200203
56.4937 5 0.200179 0.200167 0.200191
57.0164 5 0.200173 0.20016 0.200186
57.544 5 0.200163 0.200153 0.200174
58.0764 5 0.200163 0.200153 0.200173
58.6138 5 0.200159 0.200148 0.200169
59.1562 5 0.200162 0.200151 0.200174
59.7035 5 0.200163 0.200152 0.200175
60.256 5 0.200153 0.200143 0.200163
60.8135 5 0.200149 0.200139 0.200159
61.3762 5 0.200147 0.200137 0.200157
61.9441 5 0.200142 0.200133 0.200152
62.5173 5 0.200149 0.200139 0.200159
63.0957 5 0.200134 0.200126 0.200142
63.6796 5 0.200131 0.200123 0.20014
64.2688 5 0.200139 0.200129 0.200149
64.8634 5 0.200133 0.200123 0.200142
65.4636 5 0.200128 0.20012 0.200137
66.0693 5 0.200124 0.200116 0.200133
66.6807 5 0.200128 0.20012 0.200136
67.2977 5 0.20012 0.200112 0.200127
67.9204 5 0.200114 0.200107 0.200121
68.5488 5 0.200122 0.200114 0.20013
69.1831 5 0.200119 0.200111 0.200127
69.8232 5 0.20011 0.200102 0.200117
70.4693 5 0.200119 0.200111 0.200126
71.1214 5 0.20011 0.200103 0.200117
71.7794 5 0.200112 0.200104 0.200119
72.4436 5 0.200111 0.200103 0.200118
73.1139 5 0.200105 0.200098 0.200111
73.7904 5 0.200105 0.200098 0.200112
74.4732 5 0.200102 0.200095 0.200109
75.1623 5 0.200093 0.200087 0.200099
75.8578 5 0.200099 0.200092 0.200105
76.5597 5 0.200094 0.200088 0.2001
77.2681 5 0.200097 0.200091 0.200103
77.983 5 0.20009 0.200084 0.200096
78.7046 5 0.20009 0.200084 0.200096
79.4328 5 0.200086 0.20008 0.200092
80.1678 5 0.200089 0.200083 0.200095
80.9096 5 0.200088 0.200081 0.200094
81.6582 5 0.200081 0.200075 0.200086
82.4138 5 0.200089 0.200083 0.200096
83.1764 5 0.200082 0.200076 0.200087
83.946 5 0.200077 0.200072 0.200082
84.7227 5 0.200078 0.200073 0.200083
85.5067 5 0.200077 0.200071 0.200082
86.2979 5 0.200079 0.200074 0.200084
87.0964 5 0.200071 0.200066 0.200075
87.9023 5 0.200072 0.200067 0.200077
88.7156 5 0.20007 0.200066 0.200075
89.5365 5 0.200072 0.200068 0.200077
90.3649 5 0.200068 0.200063 0.200072
91.2011 5 0.200069 0.200064 0.200073
92.045 5 0.200065 0.200061 0.200069
92.8966 5 0.200063 0.200059 0.200067
93.7562 5 0.200066 0.200062 0.200071
94.6237 5 0.200066 0.200061 0.20007
95.4993 5 0.200061 0.200057 0.200066
96.3829 5 0.200062 0.200058 0.200066
97.2747 5 0.20006 0.200056 0.200064
98.1748 5 0.200059 0.200055 0.200063
99.0832 5 0.200063 0.200059 0.200068
