//tau lambda mean lower_bound upper_bound
0.01 1.158 0.992507 0.989471 0.995543
0.0100925 1.169 0.99052 0.987031 0.99401
0.0101859 1.167 0.989238 0.985435 0.993041
0.0102802 1.16 0.988887 0.985142 0.992631
0.0103753 1.171 0.986726 0.982538 0.990914
0.0104713 1.165 0.98642 0.982204 0.990637
0.0105682 1.164 0.986358 0.982157 0.990558
0.010666 1.17 0.990387 0.986891 0.993883
0.0107647 1.185 0.988368 0.984545 0.992191
0.0108643 1.176 0.988342 0.984479 0.992205
0.0109648 1.17 0.98801 0.983991 0.99203
0.0110662 1.165 0.98832 0.984295 0.992344
0.0111686 1.167 0.989963 0.986461 0.993466
0.011272 1.176 0.989084 0.985349 0.992819
0.0113763 1.169 0.99004 0.986303 0.993776
0.0114815 1.185 0.989694 0.986006 0.993382
0.0115878 1.174 0.989788 0.986263 0.993312
0.011695 1.177 0.99024 0.986778 0.993702
0.0118032 1.191 0.98616 0.982077 0.990244
0.0119124 1.182 0.992822 0.99004 0.995604
0.0120226 1.185 0.988217 0.984394 0.99204
0.0121339 1.172 0.986498 0.982339 0.990658
0.0122462 1.198 0.987721 0.983779 0.991663
0.0123595 1.224 0.985876 0.981615 0.990137
0.0124738 1.213 0.984167 0.97958 0.988754
0.0125893 1.213 0.988054 0.984274 0.991834
0.0127057 1.208 0.988895 0.98529 0.992501
0.0128233 1.177 0.990287 0.986897 0.993677
0.012942 1.212 0.987171 0.983253 0.99109
0.0130617 1.193 0.99096 0.987575 0.994344
0.0131826 1.226 0.989438 0.985913 0.992964
0.0133045 1.21 0.987915 0.983922 0.991908
0.0134276 1.207 0.988063 0.984303 0.991824
0.0135519 1.218 0.988934 0.985357 0.99251
0.0136773 1.219 0.985775 0.981489 0.990062
0.0138038 1.183 0.985776 0.981419 0.990133
0.0139316 1.224 0.984127 0.979422 0.988832
0.0140605 1.247 0.984883 0.980466 0.9893
0.0141906 1.218 0.987 0.982981 0.991018
0.0143219 1.238 0.980839 0.976023 0.985655
0.0144544 1.234 0.984339 0.979982 0.988696
0.0145881 1.258 0.984156 0.979577 0.988735
0.0147231 1.227 0.989884 0.98664 0.993128
0.0148594 1.239 0.986693 0.982675 0.99071
0.0149968 1.236 0.986167 0.982027 0.990308
0.0151356 1.24 0.984288 0.979921 0.988654
0.0152757 1.237 0.988433 0.984717 0.992149
0.015417 1.251 0.985436 0.981286 0.989586
0.0155597 1.265 0.982558 0.977682 0.987435
0.0157036 1.244 0.984582 0.980225 0.988939
0.0158489 1.258 0.984344 0.979709 0.98898
0.0159956 1.249 0.982746 0.977964 0.987528
0.0161436 1.269 0.982758 0.978204 0.987313
0.016293 1.252 0.982071 0.977264 0.986878
0.0164437 1.265 0.983091 0.978501 0.987681
0.0165959 1.265 0.986306 0.982355 0.990257
0.0167494 1.282 0.980948 0.976288 0.985607
0.0169044 1.274 0.984339 0.979905 0.988773
0.0170608 1.265 0.981852 0.97693 0.986774
0.0172187 1.289 0.983242 0.978726 0.987757
0.017378 1.276 0.98016 0.974873 0.985447
0.0175388 1.273 0.983026 0.978495 0.987557
0.0177011 1.287 0.984461 0.980103 0.988818
0.0178649 1.282 0.983002 0.978538 0.987466
0.0180302 1.297 0.982454 0.977932 0.986976
0.018197 1.3 0.98011 0.975053 0.985167
0.0183654 1.296 0.980328 0.975373 0.985283
0.0185353 1.304 0.977195 0.97186 0.982531
0.0187068 1.339 0.977184 0.971829 0.982539
0.0188799 1.31 0.980752 0.975721 0.985783
0.0190546 1.28 0.985838 0.981827 0.989848
0.0192309 1.353 0.977269 0.971828 0.98271
0.0194089 1.299 0.977696 0.972282 0.983109
0.0195884 1.329 0.984208 0.980012 0.988405
0.0197697 1.314 0.978924 0.973915 0.983934
0.0199526 1.349 0.977623 0.972235 0.98301
0.0201372 1.327 0.983561 0.979015 0.988107
0.0203236 1.317 0.985446 0.98139 0.989502
0.0205116 1.326 0.978921 0.973601 0.984241
0.0207014 1.342 0.98406 0.979815 0.988305
0.020893 1.326 0.974938 0.969381 0.980495
0.0210863 1.351 0.978988 0.973681 0.984294
0.0212814 1.346 0.976086 0.970655 0.981517
0.0214783 1.336 0.979174 0.973914 0.984433
0.021677 1.387 0.974812 0.969194 0.98043
0.0218776 1.357 0.978533 0.973301 0.983765
0.02208 1.326 0.980559 0.975545 0.985573
0.0222844 1.321 0.976173 0.970674 0.981672
0.0224905 1.353 0.977447 0.972235 0.982659
0.0226986 1.31 0.979667 0.974545 0.984788
0.0229087 1.378 0.980713 0.975872 0.985554
0.0231206 1.339 0.984036 0.979958 0.988115
0.0233346 1.397 0.979486 0.974526 0.984445
0.0235505 1.393 0.973233 0.967283 0.979183
0.0237684 1.402 0.973868 0.968111 0.979625
0.0239883 1.374 0.978924 0.973727 0.984122
0.0242103 1.388 0.976227 0.970837 0.981617
0.0244343 1.399 0.975697 0.97011 0.981284
0.0246604 1.377 0.97507 0.969444 0.980697
0.0248886 1.414 0.974929 0.969281 0.980578
0.0251189 1.398 0.976716 0.971369 0.982063
0.0253513 1.391 0.976785 0.971512 0.982057
0.0255859 1.394 0.979855 0.975 0.984709
0.0258226 1.394 0.97639 0.971101 0.981679
0.0260615 1.43 0.973968 0.968413 0.979523
0.0263027 1.404 0.974759 0.969137 0.98038
0.0265461 1.412 0.976836 0.971536 0.982136
0.0267917 1.46 0.965698 0.959135 0.97226
0.0270396 1.418 0.971332 0.96531 0.977353
0.0272898 1.448 0.974972 0.969362 0.980582
0.0275423 1.422 0.972713 0.966924 0.978502
0.0277971 1.449 0.971805 0.965996 0.977615
0.0280543 1.449 0.975632 0.970215 0.981049
0.0283139 1.449 0.975107 0.969609 0.980604
0.0285759 1.475 0.967787 0.96129 0.974283
0.0288403 1.468 0.975677 0.970327 0.981028
0.0291072 1.458 0.973163 0.967253 0.979073
0.0293765 1.47 0.967799 0.961813 0.973786
0.0296483 1.47 0.971701 0.965682 0.97772
0.0299226 1.521 0.97147 0.965676 0.977264
0.0301995 1.484 0.97067 0.964716 0.976623
0.0304789 1.476 0.976358 0.970953 0.981763
0.030761 1.507 0.973616 0.96793 0.979302
0.0310456 1.489 0.970201 0.964183 0.976219
0.0313329 1.477 0.964218 0.957532 0.970903
0.0316228 1.527 0.969012 0.963067 0.974956
0.0319154 1.52 0.967026 0.960895 0.973157
0.0322107 1.524 0.972389 0.96663 0.978147
0.0325087 1.533 0.965598 0.959035 0.972161
0.0328095 1.529 0.971522 0.965779 0.977265
0.0331131 1.51 0.967197 0.960821 0.973572
0.0334195 1.495 0.96861 0.962535 0.974685
0.0337287 1.536 0.969856 0.963955 0.975757
0.0340408 1.59 0.968145 0.962194 0.974096
0.0343558 1.521 0.972219 0.966642 0.977796
0.0346737 1.551 0.964865 0.958375 0.971355
0.0349945 1.537 0.970675 0.964758 0.976591
0.0353183 1.593 0.963925 0.957206 0.970645
0.0356451 1.588 0.965124 0.958644 0.971604
0.0359749 1.599 0.966676 0.960057 0.973296
0.0363078 1.554 0.965465 0.959044 0.971886
0.0366438 1.621 0.964648 0.958309 0.970988
0.0369828 1.578 0.959177 0.95198 0.966374
0.037325 1.612 0.958991 0.951949 0.966034
0.0376704 1.604 0.956759 0.949447 0.964072
0.0380189 1.618 0.962394 0.955559 0.96923
0.0383707 1.613 0.963617 0.95711 0.970125
0.0387258 1.597 0.964852 0.958494 0.97121
0.0390841 1.679 0.962733 0.955785 0.969681
0.0394457 1.633 0.964364 0.957905 0.970823
0.0398107 1.64 0.957914 0.950846 0.964982
0.0401791 1.664 0.959094 0.952054 0.966134
0.0405509 1.656 0.957997 0.950797 0.965198
0.0409261 1.679 0.960749 0.954151 0.967348
0.0413048 1.65 0.959799 0.952963 0.966636
0.0416869 1.649 0.961917 0.955117 0.968717
0.0420727 1.676 0.961867 0.955226 0.968508
0.042462 1.706 0.959705 0.953108 0.966301
0.0428549 1.696 0.957516 0.950398 0.964634
0.0432514 1.677 0.956662 0.949573 0.963751
0.0436516 1.669 0.961807 0.955178 0.968435
0.0440555 1.736 0.950902 0.943142 0.958662
0.0444631 1.783 0.95571 0.948665 0.962756
0.0448745 1.706 0.955454 0.948146 0.962761
0.0452898 1.724 0.961354 0.954671 0.968036
0.0457088 1.751 0.955389 0.948176 0.962601
0.0461318 1.79 0.947972 0.940175 0.955769
0.0465586 1.806 0.949741 0.942107 0.957376
0.0469894 1.776 0.949281 0.941603 0.956959
0.0474242 1.705 0.951497 0.94399 0.959005
0.047863 1.801 0.955904 0.948766 0.963043
0.0483059 1.784 0.955541 0.948428 0.962654
0.0487528 1.707 0.953373 0.945676 0.96107
0.049204 1.813 0.957336 0.950401 0.964272
0.0496592 1.809 0.953009 0.94561 0.960407
0.0501187 1.825 0.95121 0.943885 0.958536
0.0505825 1.833 0.951619 0.944027 0.959211
0.0510505 1.821 0.951494 0.944023 0.958965
0.0515229 1.838 0.953198 0.945809 0.960586
0.0519996 1.802 0.951229 0.943708 0.958751
0.0524807 1.806 0.951117 0.943314 0.958919
0.0529663 1.897 0.953264 0.945651 0.960877
0.0534564 1.87 0.953137 0.945631 0.960642
0.0539511 1.885 0.947205 0.939271 0.955139
0.0544503 1.858 0.949938 0.942299 0.957577
0.0549541 1.89 0.948369 0.940633 0.956105
0.0554626 1.905 0.941274 0.932928 0.94962
0.0559758 1.862 0.942903 0.934588 0.951218
0.0564937 1.928 0.944734 0.936772 0.952695
0.0570164 1.931 0.94474 0.936773 0.952708
0.057544 1.955 0.949142 0.941792 0.956491
0.0580764 1.98 0.944118 0.935975 0.952262
0.0586138 1.943 0.946425 0.938332 0.954518
0.0591562 1.933 0.946186 0.938326 0.954046
0.0597035 1.96 0.947763 0.940115 0.95541
0.060256 2.002 0.937339 0.928996 0.945683
0.0608135 1.996 0.942925 0.934876 0.950974
0.0613762 1.957 0.940799 0.93259 0.949007
0.0619441 2.024 0.943699 0.935708 0.95169
0.0625173 1.992 0.935223 0.926735 0.943712
0.0630957 2.028 0.941537 0.933434 0.949641
0.0636796 2.01 0.940403 0.932373 0.948432
0.0642688 2.025 0.939714 0.931276 0.948152
0.0648634 2.013 0.937817 0.929469 0.946164
0.0654636 2.141 0.930498 0.921603 0.939392
0.0660693 2.055 0.939788 0.93162 0.947955
0.0666807 2.021 0.939736 0.931493 0.94798
0.0672977 2.163 0.927612 0.91849 0.936733
0.0679204 2.049 0.929332 0.9203 0.938365
0.0685488 2.122 0.935642 0.927082 0.944201
0.0691831 2.084 0.936813 0.928238 0.945388
0.0698232 2.161 0.928502 0.919414 0.937589
0.0704693 2.203 0.920838 0.911524 0.930152
0.0711214 2.134 0.934509 0.925843 0.943175
0.0717794 2.099 0.937248 0.9291 0.945396
0.0724436 2.135 0.930267 0.921376 0.939159
0.0731139 2.163 0.930802 0.92189 0.939715
0.0737904 2.19 0.933611 0.925165 0.942058
0.0744732 2.169 0.934964 0.92658 0.943347
0.0751623 2.17 0.928225 0.919197 0.937254
0.0758578 2.245 0.921986 0.912624 0.931347
0.0765597 2.201 0.932313 0.923786 0.94084
0.0772681 2.326 0.927353 0.918459 0.936248
0.077983 2.249 0.919338 0.909727 0.928949
0.0787046 2.319 0.925091 0.915907 0.934275
0.0794328 2.256 0.93157 0.922702 0.940437
0.0801678 2.247 0.922766 0.913549 0.931983
0.0809096 2.302 0.92647 0.917388 0.935553
0.0816582 2.3 0.921053 0.911694 0.930412
0.0824138 2.288 0.922478 0.913314 0.931642
0.0831764 2.342 0.920116 0.910893 0.92934
0.083946 2.38 0.923842 0.91486 0.932823
0.0847227 2.398 0.914897 0.904996 0.924799
0.0855067 2.37 0.915499 0.905861 0.925136
0.0862979 2.383 0.919275 0.909667 0.928883
0.0870964 2.355 0.920272 0.910868 0.929675
0.0879023 2.391 0.921741 0.912336 0.931147
0.0887156 2.399 0.916345 0.90687 0.92582
0.0895365 2.51 0.908729 0.898957 0.918501
0.0903649 2.453 0.9124 0.902681 0.922119
0.0912011 2.494 0.914282 0.904715 0.923848
0.092045 2.439 0.915977 0.906551 0.925404
0.0928966 2.517 0.908719 0.898887 0.918551
0.0937562 2.443 0.913442 0.903709 0.923176
0.0946237 2.517 0.907615 0.897326 0.917904
0.0954993 2.544 0.915225 0.90589 0.924561
0.0963829 2.512 0.91423 0.904526 0.923935
0.0972747 2.501 0.916511 0.907274 0.925747
0.0981748 2.627 0.90625 0.896192 0.916308
0.0990832 2.622 0.904206 0.893983 0.914428
0.1 2.622 0.909741 0.899996 0.919485
0.100925 2.651 0.900601 0.890161 0.911042
0.101859 2.618 0.906024 0.896161 0.915887
0.102802 2.653 0.909838 0.900073 0.919602
0.103753 2.771 0.897326 0.887033 0.907619
0.104713 2.664 0.904823 0.894684 0.914962
0.105682 2.697 0.906892 0.897216 0.916568
0.10666 2.689 0.898558 0.888082 0.909034
0.107647 2.73 0.906882 0.897012 0.916753
0.108643 2.774 0.899131 0.888838 0.909423
0.109648 2.813 0.892719 0.881917 0.903522
0.110662 2.811 0.893369 0.882695 0.904043
0.111686 2.741 0.89907 0.888857 0.909282
0.11272 2.817 0.896002 0.885443 0.906562
0.113763 2.791 0.897773 0.887242 0.908305
0.114815 2.846 0.891572 0.880926 0.902217
0.115878 2.803 0.901229 0.890867 0.911591
0.11695 2.905 0.890075 0.879406 0.900744
0.118032 2.91 0.89659 0.886127 0.907054
0.119124 2.901 0.881448 0.870342 0.892554
0.120226 2.926 0.880247 0.869238 0.891256
0.121339 2.942 0.889695 0.87893 0.900459
0.122462 3.023 0.882124 0.871011 0.893237
0.123595 3.113 0.876027 0.864571 0.887483
0.124738 2.932 0.888426 0.877655 0.899196
0.125893 2.978 0.889537 0.878781 0.900294
0.127057 3.029 0.884611 0.873836 0.895385
0.128233 3.071 0.885746 0.875055 0.896438
0.12942 3.075 0.881666 0.870825 0.892508
0.130617 3.143 0.878232 0.866983 0.889482
0.131826 3.066 0.873695 0.862397 0.884994
0.133045 3.208 0.878658 0.867345 0.889972
0.134276 3.083 0.872912 0.861345 0.884479
0.135519 3.019 0.892312 0.881634 0.902989
0.136773 3.191 0.885685 0.874933 0.896436
0.138038 3.214 0.882929 0.872103 0.893755
0.139316 3.231 0.86414 0.852401 0.87588
0.140605 3.25 0.873021 0.861731 0.88431
0.141906 3.24 0.864468 0.853038 0.875899
0.143219 3.313 0.868931 0.857294 0.880569
0.144544 3.279 0.862381 0.850874 0.873889
0.145881 3.323 0.863352 0.85172 0.874984
0.147231 3.379 0.862376 0.850677 0.874075
0.148594 3.443 0.865607 0.85405 0.877163
0.149968 3.415 0.868465 0.8572 0.87973
0.151356 3.381 0.868471 0.857045 0.879896
0.152757 3.482 0.852562 0.840594 0.86453
0.15417 3.438 0.863936 0.852543 0.875329
0.155597 3.444 0.868578 0.857183 0.879974
0.157036 3.486 0.859022 0.847574 0.870469
0.158489 3.517 0.850355 0.838246 0.862464
0.159956 3.615 0.851954 0.840134 0.863775
0.161436 3.484 0.861643 0.849674 0.873613
0.16293 3.572 0.846794 0.83454 0.859048
0.164437 3.6 0.842954 0.830567 0.855341
0.165959 3.616 0.853822 0.842231 0.865414
0.167494 3.726 0.856156 0.844359 0.867954
0.169044 3.714 0.845656 0.833633 0.857679
0.170608 3.687 0.847072 0.834947 0.859197
0.172187 3.623 0.848261 0.836464 0.860057
0.17378 3.708 0.850795 0.839005 0.862586
0.175388 3.833 0.833959 0.821818 0.8461
0.177011 3.678 0.849366 0.837524 0.861207
0.178649 3.872 0.835315 0.82314 0.847489
0.180302 3.79 0.845448 0.833164 0.857732
0.18197 3.916 0.838963 0.826732 0.851193
0.183654 3.85 0.847805 0.835882 0.859728
0.185353 3.974 0.836856 0.824613 0.849098
0.187068 3.961 0.835702 0.82327 0.848134
0.188799 3.996 0.839496 0.827364 0.851628
0.190546 3.915 0.834221 0.821902 0.846539
0.192309 4.105 0.816733 0.80389 0.829575
0.194089 4.099 0.824792 0.812184 0.837399
0.195884 4.098 0.835384 0.822883 0.847886
0.197697 4.119 0.817661 0.805161 0.83016
0.199526 4.142 0.832809 0.820409 0.845209
0.201372 4.065 0.834975 0.822642 0.847309
0.203236 4.201 0.828219 0.815762 0.840676
0.205116 4.242 0.808826 0.795887 0.821765
0.207014 4.258 0.820243 0.807587 0.832899
0.20893 4.256 0.825589 0.812652 0.838526
0.210863 4.3 0.818083 0.805537 0.830629
0.212814 4.375 0.813376 0.800395 0.826357
0.214783 4.311 0.811045 0.79821 0.82388
0.21677 4.398 0.809421 0.796479 0.822363
0.218776 4.329 0.815669 0.80312 0.828218
0.2208 4.422 0.806272 0.793271 0.819273
0.222844 4.459 0.810495 0.797431 0.823559
0.224905 4.427 0.809285 0.796435 0.822135
0.226986 4.476 0.800477 0.787463 0.813492
0.229087 4.445 0.804816 0.791752 0.81788
0.231206 4.566 0.802728 0.789569 0.815887
0.233346 4.661 0.783039 0.769723 0.796355
0.235505 4.555 0.807305 0.794359 0.820251
0.237684 4.637 0.80797 0.795189 0.820752
0.239883 4.637 0.80143 0.788154 0.814705
0.242103 4.765 0.79691 0.783863 0.809958
0.244343 4.741 0.791137 0.778046 0.804228
0.246604 4.665 0.793615 0.780531 0.806698
0.248886 4.701 0.796851 0.783713 0.809988
0.251189 4.834 0.780768 0.767455 0.794081
0.253513 4.87 0.779035 0.765562 0.792507
0.255859 4.933 0.788365 0.775132 0.801597
0.258226 4.845 0.77105 0.75735 0.784749
0.260615 4.854 0.784644 0.771268 0.798021
0.263027 4.943 0.786496 0.772934 0.800059
0.265461 4.917 0.787124 0.773603 0.800645
0.267917 5.029 0.759123 0.745085 0.77316
0.270396 4.986 0.779341 0.765561 0.79312
0.272898 5.004 0.777679 0.764329 0.791028
0.275423 5.043 0.770865 0.757007 0.784724
0.277971 5.097 0.768556 0.75519 0.781922
0.280543 5.131 0.776304 0.762485 0.790122
0.283139 5.196 0.754098 0.740513 0.767684
0.285759 5.228 0.764106 0.750635 0.777577
0.288403 5.229 0.764789 0.751143 0.778435
0.291072 5.32 0.760477 0.74691 0.774044
0.293765 5.3 0.763975 0.750767 0.777184
0.296483 5.359 0.755075 0.741146 0.769004
0.299226 5.35 0.766865 0.753363 0.780367
0.301995 5.434 0.743105 0.729569 0.756641
0.304789 5.3 0.756592 0.742781 0.770403
0.30761 5.449 0.751989 0.738222 0.765756
0.310456 5.451 0.75382 0.740393 0.767248
0.313329 5.447 0.74322 0.729312 0.757127
0.316228 5.521 0.742786 0.729264 0.756308
0.319154 5.49 0.755542 0.741702 0.769382
0.322107 5.551 0.748291 0.734873 0.761709
0.325087 5.692 0.735354 0.721648 0.749059
0.328095 5.597 0.736892 0.722847 0.750937
0.331131 5.591 0.738293 0.724072 0.752513
0.334195 5.693 0.728603 0.715014 0.742192
0.337287 5.753 0.726885 0.712932 0.740838
0.340408 5.747 0.734687 0.720737 0.748637
0.343558 5.8 0.732923 0.719027 0.746819
0.346737 5.775 0.737601 0.723744 0.751458
0.349945 5.83 0.716645 0.702785 0.730504
0.353183 5.883 0.715115 0.700965 0.729265
0.356451 5.864 0.700099 0.685937 0.714261
0.359749 5.8 0.724929 0.711252 0.738606
0.363078 5.876 0.707594 0.693486 0.721702
0.366438 6.018 0.702749 0.688923 0.716574
0.369828 6.043 0.709588 0.69556 0.723616
0.37325 6.014 0.702005 0.687802 0.716209
0.376704 6.039 0.705863 0.691737 0.719988
0.380189 6.053 0.702447 0.688134 0.71676
0.383707 6.153 0.695339 0.681348 0.709331
0.387258 6.042 0.717441 0.703314 0.731569
0.390841 6.141 0.691529 0.677462 0.705595
0.394457 6.076 0.696986 0.682899 0.711074
0.398107 6.215 0.685539 0.671259 0.699819
0.401791 6.193 0.686552 0.672535 0.70057
0.405509 6.223 0.690109 0.676007 0.704211
0.409261 6.267 0.690144 0.675857 0.70443
0.413048 6.219 0.682279 0.668132 0.696426
0.416869 6.274 0.69166 0.677291 0.706028
0.420727 6.271 0.680473 0.666113 0.694833
0.42462 6.389 0.660422 0.646263 0.674581
0.428549 6.416 0.665743 0.6517 0.679785
0.432514 6.387 0.67663 0.662151 0.691109
0.436516 6.391 0.670165 0.656311 0.684019
0.440555 6.408 0.673204 0.659351 0.687057
0.444631 6.438 0.665333 0.651194 0.679472
0.448745 6.497 0.646296 0.632165 0.660427
0.452898 6.443 0.671873 0.657673 0.686072
0.457088 6.461 0.658726 0.644584 0.672868
0.461318 6.502 0.664676 0.65068 0.678671
0.465586 6.478 0.657445 0.643071 0.671819
0.469894 6.488 0.656955 0.642928 0.670983
0.474242 6.574 0.651154 0.636858 0.665451
0.47863 6.554 0.66493 0.650727 0.679133
0.483059 6.607 0.653643 0.639499 0.667787
0.487528 6.62 0.639765 0.625763 0.653767
0.49204 6.646 0.640686 0.627028 0.654344
0.496592 6.635 0.633936 0.620025 0.647846
0.501187 6.629 0.633579 0.619227 0.647932
0.505825 6.625 0.635945 0.621627 0.650262
0.510505 6.632 0.65035 0.63621 0.664491
0.515229 6.664 0.634823 0.620644 0.649002
0.519996 6.732 0.624749 0.610799 0.638699
0.524807 6.734 0.624905 0.611103 0.638706
0.529663 6.723 0.619419 0.605395 0.633443
0.534564 6.713 0.635565 0.621191 0.649938
0.539511 6.705 0.630748 0.616573 0.644924
0.544503 6.744 0.627946 0.613947 0.641945
0.549541 6.769 0.605841 0.591873 0.619808
0.554626 6.781 0.607238 0.59345 0.621026
0.559758 6.793 0.600157 0.58626 0.614054
0.564937 6.834 0.606837 0.592834 0.620839
0.570164 6.808 0.605497 0.591294 0.6197
0.57544 6.832 0.600184 0.585907 0.61446
0.580764 6.816 0.602455 0.58812 0.616791
0.586138 6.802 0.594504 0.580484 0.608524
0.591562 6.855 0.596554 0.582969 0.610138
0.597035 6.84 0.575606 0.561724 0.589489
0.60256 6.862 0.588913 0.574909 0.602916
0.608135 6.857 0.585448 0.571423 0.599472
0.613762 6.87 0.579514 0.566019 0.593009
0.619441 6.874 0.57665 0.56295 0.590349
0.625173 6.87 0.576435 0.56248 0.59039
0.630957 6.886 0.570904 0.557211 0.584598
0.636796 6.903 0.579343 0.565368 0.593317
0.642688 6.925 0.565215 0.552226 0.578204
0.648634 6.889 0.559411 0.545821 0.573002
0.654636 6.915 0.563881 0.550391 0.577371
0.660693 6.919 0.563022 0.549583 0.576461
0.666807 6.919 0.571104 0.557478 0.584731
0.672977 6.93 0.566408 0.552739 0.580077
0.679204 6.93 0.552853 0.539329 0.566377
0.685488 6.913 0.547393 0.533846 0.56094
0.691831 6.929 0.543328 0.529789 0.556868
0.698232 6.941 0.546338 0.533067 0.559609
0.704693 6.951 0.55282 0.539485 0.566155
0.711214 6.97 0.534349 0.52067 0.548028
0.717794 6.965 0.538848 0.525373 0.552323
0.724436 6.951 0.526311 0.513376 0.539245
0.731139 6.958 0.532189 0.518577 0.545801
0.737904 6.968 0.540633 0.527284 0.553982
0.744732 6.972 0.514352 0.501521 0.527182
0.751623 6.971 0.519679 0.506567 0.532791
0.758578 6.958 0.512129 0.498903 0.525355
0.765597 6.955 0.517122 0.504192 0.530052
0.772681 6.982 0.513498 0.500506 0.526491
0.77983 6.972 0.498729 0.48601 0.511447
0.787046 6.984 0.507223 0.494082 0.520364
0.794328 6.983 0.506492 0.493788 0.519195
0.801678 6.985 0.497688 0.485154 0.510222
0.809096 6.986 0.512396 0.499257 0.525535
0.816582 6.985 0.498364 0.486012 0.510717
0.824138 6.982 0.505168 0.492099 0.518237
0.831764 6.987 0.507619 0.494848 0.52039
0.83946 6.992 0.496245 0.483875 0.508615
0.847227 6.99 0.485743 0.473534 0.497952
0.855067 6.993 0.485108 0.472893 0.497324
0.862979 6.989 0.478133 0.46565 0.490616
0.870964 6.992 0.480313 0.467734 0.492892
0.879023 6.993 0.480261 0.467908 0.492614
0.887156 6.99 0.482502 0.470268 0.494736
0.895365 6.995 0.485081 0.472918 0.497245
0.903649 7 0.478324 0.465686 0.490962
0.912011 6.994 0.467873 0.455381 0.480365
0.92045 6.998 0.455131 0.443348 0.466915
0.928966 6.992 0.45442 0.442676 0.466164
0.937562 6.998 0.468785 0.456856 0.480715
0.946237 6.994 0.461599 0.449406 0.473792
0.954993 6.995 0.449556 0.437707 0.461405
0.963829 6.995 0.463531 0.45144 0.475622
0.972747 6.997 0.444293 0.432855 0.455732
0.981748 6.997 0.447786 0.435908 0.459664
0.990832 7 0.448974 0.437196 0.460751
1 6.999 0.444127 0.432418 0.455836
1.00925 7 0.431202 0.419858 0.442546
1.01859 6.997 0.445477 0.433992 0.456963
1.02802 7 0.436592 0.424903 0.448281
1.03753 6.998 0.434148 0.42275 0.445546
1.04713 6.997 0.430777 0.419173 0.44238
1.05682 7 0.42374 0.412392 0.435088
1.0666 6.997 0.436247 0.424562 0.447932
1.07647 7 0.41969 0.408414 0.430967
1.08643 7 0.424717 0.413411 0.436023
1.09648 6.999 0.423193 0.411376 0.43501
1.10662 7 0.409321 0.398823 0.419818
1.11686 6.999 0.414253 0.403258 0.425247
1.1272 6.998 0.409695 0.398753 0.420637
1.13763 6.998 0.407346 0.396692 0.417999
1.14815 7 0.397317 0.386872 0.407763
1.15878 6.998 0.398819 0.388487 0.40915
1.1695 7 0.40621 0.395435 0.416985
1.18032 7 0.403895 0.392955 0.414834
1.19124 7 0.39867 0.387724 0.409615
1.20226 7 0.390188 0.380001 0.400375
1.21339 6.999 0.385061 0.375102 0.39502
1.22462 7 0.386759 0.376594 0.396924
1.23595 7 0.381834 0.371656 0.392012
1.24738 7 0.379101 0.368741 0.389462
1.25893 7 0.372948 0.363201 0.382695
1.27057 7 0.373978 0.363949 0.384007
1.28233 7 0.375889 0.366004 0.385774
1.2942 7 0.371174 0.361092 0.381256
1.30617 7 0.368803 0.359162 0.378444
1.31826 7 0.367586 0.35825 0.376921
1.33045 7 0.365589 0.356403 0.374776
1.34276 7 0.361679 0.352763 0.370595
1.35519 7 0.365743 0.356183 0.375303
1.36773 7 0.357493 0.348046 0.36694
1.38038 7 0.362526 0.352993 0.372058
1.39316 7 0.36059 0.351377 0.369802
1.40605 7 0.347195 0.338173 0.356217
1.41906 7 0.353561 0.344482 0.36264
1.43219 7 0.354722 0.345782 0.363661
1.44544 7 0.344256 0.335285 0.353227
1.45881 7 0.350457 0.341319 0.359594
1.47231 7 0.340421 0.331855 0.348988
1.48594 7 0.340409 0.331644 0.349174
1.49968 7 0.327836 0.319579 0.336094
1.51356 7 0.327201 0.319245 0.335157
1.52757 7 0.330379 0.321495 0.339264
1.5417 7 0.329666 0.321422 0.337909
1.55597 7 0.337703 0.328862 0.346544
1.57036 7 0.320222 0.312164 0.328279
1.58489 7 0.318439 0.310455 0.326422
1.59956 7 0.320193 0.311785 0.328601
1.61436 7 0.325519 0.317323 0.333714
1.6293 7 0.313817 0.305961 0.321673
1.64437 7 0.313801 0.305887 0.321714
1.65959 7 0.312025 0.304552 0.319497
1.67494 7 0.310924 0.302974 0.318874
1.69044 7 0.315235 0.307132 0.323338
1.70608 7 0.305763 0.298221 0.313305
1.72187 7 0.308289 0.300123 0.316454
1.7378 7 0.30002 0.292851 0.307189
1.75388 7 0.297761 0.290345 0.305176
1.77011 7 0.298976 0.291724 0.306228
1.78649 7 0.295384 0.288052 0.302717
1.80302 7 0.29598 0.288658 0.303301
1.8197 7 0.290647 0.283401 0.297893
1.83654 7 0.290406 0.283339 0.297474
1.85353 7 0.29088 0.28392 0.297839
1.87068 7 0.290118 0.282859 0.297377
1.88799 7 0.287413 0.280217 0.294609
1.90546 7 0.280992 0.274481 0.287502
1.92309 7 0.279185 0.272781 0.285589
1.94089 7 0.277253 0.270902 0.283604
1.95884 7 0.278686 0.272172 0.2852
1.97697 7 0.282275 0.275412 0.289138
1.99526 7 0.275184 0.268788 0.28158
2.01372 7 0.273533 0.267051 0.280015
2.03236 7 0.269088 0.26315 0.275027
2.05116 7 0.263928 0.258117 0.26974
2.07014 7 0.267495 0.261071 0.273919
2.0893 7 0.265872 0.259723 0.272022
2.10863 7 0.259949 0.254342 0.265557
2.12814 7 0.261856 0.255885 0.267826
2.14783 7 0.257937 0.252377 0.263496
2.1677 7 0.264305 0.258197 0.270414
2.18776 7 0.255884 0.250341 0.261427
2.208 7 0.256854 0.251484 0.262223
2.22844 7 0.252323 0.246775 0.25787
2.24905 7 0.254092 0.248412 0.259771
2.26986 7 0.256808 0.251189 0.262427
2.29087 7 0.25355 0.24801 0.259091
2.31206 7 0.246675 0.241489 0.25186
2.33346 7 0.247575 0.242191 0.25296
2.35505 7 0.248056 0.242875 0.253237
2.37684 7 0.241271 0.236373 0.246169
2.39883 7 0.245082 0.239782 0.250381
2.42103 7 0.248182 0.242487 0.253876
2.44343 7 0.240616 0.235702 0.24553
2.46604 7 0.237698 0.233075 0.242322
2.48886 7 0.237513 0.232774 0.242252
2.51189 7 0.238115 0.23308 0.24315
2.53513 7 0.235192 0.230664 0.239721
2.55859 7 0.231659 0.227231 0.236086
2.58226 7 0.231414 0.226817 0.236012
2.60615 7 0.231887 0.227406 0.236368
2.63027 7 0.230406 0.225848 0.234965
2.65461 7 0.226462 0.221966 0.230959
2.67917 7 0.227838 0.223444 0.232233
2.70396 7 0.224766 0.220568 0.228963
2.72898 7 0.227325 0.222882 0.231769
2.75423 7 0.226244 0.221963 0.230525
2.77971 7 0.221805 0.217363 0.226248
2.80543 7 0.218594 0.214683 0.222504
2.83139 7 0.219531 0.215419 0.223642
2.85759 7 0.222804 0.218593 0.227015
2.88403 7 0.213107 0.209612 0.216602
2.91072 7 0.216687 0.212776 0.220599
2.93765 7 0.213396 0.209846 0.216945
2.96483 7 0.214255 0.210499 0.218012
2.99226 7 0.213063 0.209404 0.216722
3.01995 7 0.211676 0.208165 0.215187
3.04789 7 0.208967 0.205545 0.212389
3.0761 7 0.208424 0.204895 0.211953
3.10456 7 0.207904 0.204501 0.211307
3.13329 7 0.206336 0.202981 0.20969
3.16228 7 0.206975 0.203747 0.210203
3.19154 7 0.205224 0.202119 0.208329
3.22107 7 0.2054 0.201981 0.208818
3.25087 7 0.202119 0.199207 0.205032
3.28095 7 0.201852 0.19872 0.204984
3.31131 7 0.204896 0.20156 0.208233
3.34195 7 0.200093 0.197265 0.202921
3.37287 7 0.20168 0.198516 0.204845
3.40408 7 0.201656 0.198367 0.204945
3.43558 7 0.197418 0.194513 0.200323
3.46737 7 0.198046 0.195246 0.200847
3.49945 7 0.19681 0.193801 0.19982
3.53183 7 0.198012 0.195278 0.200747
3.56451 7 0.194636 0.191849 0.197423
3.59749 7 0.196735 0.19373 0.19974
3.63078 7 0.193563 0.190829 0.196297
3.66438 7 0.190173 0.187862 0.192485
3.69828 7 0.190483 0.188106 0.19286
3.7325 7 0.192371 0.189786 0.194956
3.76704 7 0.191509 0.188911 0.194106
3.80189 7 0.192274 0.189504 0.195044
3.83707 7 0.189085 0.18673 0.191439
3.87258 7 0.187972 0.185583 0.19036
3.90841 7 0.189027 0.186565 0.19149
3.94457 7 0.186414 0.184142 0.188686
3.98107 7 0.184322 0.182095 0.18655
4.01791 7 0.186833 0.184374 0.189292
4.05509 7 0.183133 0.181033 0.185234
4.09261 7 0.184769 0.182469 0.18707
4.13048 7 0.18186 0.179723 0.183998
4.16869 7 0.182536 0.180444 0.184628
4.20727 7 0.182628 0.18056 0.184697
4.2462 7 0.180578 0.178619 0.182537
4.28549 7 0.181499 0.179383 0.183615
4.32514 7 0.179709 0.177515 0.181904
4.36516 7 0.181231 0.17918 0.183281
4.40555 7 0.178698 0.176648 0.180748
4.44631 7 0.179156 0.177227 0.181086
4.48745 7 0.178524 0.176635 0.180413
4.52898 7 0.175909 0.174227 0.177592
4.57088 7 0.176619 0.174906 0.178332
4.61318 7 0.175823 0.173993 0.177653
4.65586 7 0.176392 0.174403 0.178381
4.69894 7 0.175552 0.173895 0.177208
4.74242 7 0.173639 0.171972 0.175306
4.7863 7 0.174757 0.173027 0.176487
4.83059 7 0.173046 0.171468 0.174624
4.87528 7 0.172624 0.171034 0.174214
4.9204 7 0.172194 0.170638 0.17375
4.96592 7 0.173186 0.171574 0.174797
5.01187 7 0.171242 0.169733 0.172752
5.05825 7 0.170601 0.169116 0.172087
5.10505 7 0.170339 0.168956 0.171721
5.15229 7 0.17039 0.168835 0.171944
5.19996 7 0.168668 0.167279 0.170056
5.24807 7 0.169636 0.16824 0.171032
5.29663 7 0.169319 0.167945 0.170692
5.34564 7 0.168637 0.167166 0.170107
5.39511 7 0.167946 0.16667 0.169222
5.44503 7 0.16838 0.167047 0.169712
5.49541 7 0.166811 0.165598 0.168023
5.54626 7 0.165909 0.16473 0.167089
5.59758 7 0.165464 0.164338 0.16659
5.64937 7 0.166321 0.165083 0.167559
5.70164 7 0.165457 0.16436 0.166553
5.7544 7 0.164962 0.16383 0.166093
5.80764 7 0.165002 0.163818 0.166186
5.86138 7 0.164559 0.163395 0.165724
5.91562 7 0.164886 0.163742 0.166031
5.97035 7 0.163373 0.162304 0.164443
6.0256 7 0.163157 0.162111 0.164204
6.08135 7 0.162272 0.161277 0.163266
6.13762 7 0.163037 0.162012 0.164062
6.19441 7 0.162496 0.161461 0.163532
6.25173 7 0.163113 0.162069 0.164157
6.30957 7 0.162086 0.161051 0.163122
6.36796 7 0.161489 0.160463 0.162515
6.42688 7 0.161633 0.160676 0.16259
6.48634 7 0.16055 0.159615 0.161485
6.54636 7 0.160352 0.159469 0.161236
6.60693 7 0.159842 0.158936 0.160748
6.66807 7 0.16077 0.159847 0.161693
6.72977 7 0.159864 0.158884 0.160844
6.79204 7 0.159417 0.158579 0.160256
6.85488 7 0.158431 0.157585 0.159276
6.91831 7 0.15877 0.157999 0.15954
6.98232 7 0.158726 0.157867 0.159585
7.04693 7 0.158897 0.158092 0.159701
7.11214 7 0.157967 0.157213 0.158721
7.17794 7 0.157406 0.156687 0.158126
7.24436 7 0.157598 0.156885 0.158312
7.31139 7 0.157211 0.156491 0.15793
7.37904 7 0.157039 0.156312 0.157765
7.44732 7 0.157176 0.15643 0.157921
7.51623 7 0.156615 0.155943 0.157287
7.58578 7 0.156539 0.155865 0.157214
7.65597 7 0.155999 0.155371 0.156627
7.72681 7 0.156178 0.15553 0.156825
7.7983 7 0.156069 0.155391 0.156747
7.87046 7 0.155461 0.154824 0.156097
7.94328 7 0.155636 0.154993 0.15628
8.01678 7 0.155014 0.154413 0.155615
8.09096 7 0.155055 0.154452 0.155658
8.16582 7 0.154733 0.15409 0.155376
8.24138 7 0.154289 0.153672 0.154907
8.31764 7 0.154227 0.153626 0.154829
8.3946 7 0.154513 0.153915 0.155111
8.47227 7 0.154599 0.153945 0.155254
8.55067 7 0.15414 0.153562 0.154718
8.62979 7 0.153549 0.153013 0.154085
8.70964 7 0.153767 0.153188 0.154347
8.79023 7 0.152944 0.152443 0.153445
8.87156 7 0.15303 0.152482 0.153579
8.95365 7 0.152979 0.152485 0.153472
9.03649 7 0.152909 0.152389 0.153429
9.12011 7 0.152791 0.152275 0.153308
9.2045 7 0.152838 0.152317 0.153359
9.28966 7 0.152819 0.152329 0.153309
9.37562 7 0.152401 0.151934 0.152868
9.46237 7 0.15245 0.151929 0.152971
9.54993 7 0.152368 0.151869 0.152867
9.63829 7 0.151666 0.151234 0.152098
9.72747 7 0.151859 0.151416 0.152301
9.81748 7 0.151961 0.151476 0.152446
9.90832 7 0.151825 0.151374 0.152277
10 7 0.151186 0.150795 0.151577
10.0925 7 0.151405 0.150928 0.151882
10.1859 7 0.150964 0.150569 0.15136
10.2802 7 0.150498 0.15013 0.150865
10.3753 7 0.150866 0.150466 0.151267
10.4713 7 0.150761 0.150365 0.151158
10.5682 7 0.150857 0.15045 0.151264
10.666 7 0.150317 0.149932 0.150702
10.7647 7 0.150172 0.14984 0.150504
10.8643 7 0.150241 0.149879 0.150603
10.9648 7 0.150087 0.149745 0.150429
11.0662 7 0.149942 0.149559 0.150325
11.1686 7 0.14978 0.149426 0.150135
11.272 7 0.149738 0.149376 0.1501
11.3763 7 0.149702 0.149358 0.150046
11.4815 7 0.149447 0.149129 0.149765
11.5878 7 0.149512 0.14917 0.149854
11.695 7 0.149697 0.149344 0.150051
11.8032 7 0.149146 0.148827 0.149465
11.9124 7 0.149195 0.14889 0.1495
12.0226 7 0.149257 0.148965 0.14955
12.1339 7 0.149185 0.148867 0.149503
12.2462 7 0.14882 0.148532 0.149108
12.3595 7 0.148928 0.148628 0.149228
12.4738 7 0.148685 0.14841 0.148961
12.5893 7 0.148652 0.14836 0.148945
12.7057 7 0.148405 0.148147 0.148662
12.8233 7 0.148463 0.148174 0.148752
12.942 7 0.14821 0.147954 0.148467
13.0617 7 0.148495 0.148192 0.148798
13.1826 7 0.148368 0.148116 0.148621
13.3045 7 0.14803 0.147801 0.148259
13.4276 7 0.148095 0.147863 0.148327
13.5519 7 0.148116 0.147876 0.148356
13.6773 7 0.14798 0.147748 0.148211
13.8038 7 0.147956 0.147707 0.148205
13.9316 7 0.147779 0.147564 0.147995
14.0605 7 0.147584 0.147372 0.147796
14.1906 7 0.14772 0.147488 0.147952
14.3219 7 0.147617 0.147392 0.147842
14.4544 7 0.147576 0.147355 0.147798
14.5881 7 0.14744 0.147231 0.147649
14.7231 7 0.147529 0.147303 0.147755
14.8594 7 0.147421 0.147202 0.14764
14.9968 7 0.147534 0.147308 0.14776
15.1356 7 0.147251 0.147049 0.147454
15.2757 7 0.147287 0.147073 0.147501
15.417 7 0.147256 0.147062 0.14745
15.5597 7 0.147096 0.146891 0.1473
15.7036 7 0.147285 0.147047 0.147524
15.8489 7 0.147018 0.146831 0.147206
15.9956 7 0.146944 0.14676 0.147128
16.1436 7 0.14692 0.146736 0.147105
16.293 7 0.146854 0.146671 0.147037
16.4437 7 0.147042 0.146847 0.147237
16.5959 7 0.146864 0.146686 0.147042
16.7494 7 0.146609 0.146453 0.146765
16.9044 7 0.146559 0.146392 0.146726
17.0608 7 0.14661 0.146436 0.146783
17.2187 7 0.146593 0.146433 0.146754
17.378 7 0.146524 0.146356 0.146692
17.5388 7 0.146405 0.146257 0.146554
17.7011 7 0.146548 0.146385 0.146712
17.8649 7 0.146322 0.146164 0.146481
18.0302 7 0.146244 0.146092 0.146395
18.197 7 0.146376 0.146212 0.14654
18.3654 7 0.146259 0.14611 0.146407
18.5353 7 0.146165 0.146024 0.146305
18.7068 7 0.146327 0.146166 0.146488
18.8799 7 0.146056 0.14592 0.146193
19.0546 7 0.146047 0.145904 0.14619
19.2309 7 0.14604 0.145901 0.146178
19.4089 7 0.146034 0.145885 0.146184
19.5884 7 0.145987 0.145841 0.146133
19.7697 7 0.145919 0.145785 0.146052
19.9526 7 0.145882 0.145752 0.146012
20.1372 7 0.145869 0.145742 0.145996
20.3236 7 0.146016 0.145881 0.146152
20.5116 7 0.145894 0.145764 0.146023
20.7014 7 0.145825 0.145701 0.14595
20.893 7 0.145728 0.145603 0.145854
21.0863 7 0.145628 0.145513 0.145743
21.2814 7 0.145736 0.145613 0.14586
21.4783 7 0.145654 0.145528 0.145779
21.677 7 0.145639 0.145515 0.145762
21.8776 7 0.145628 0.145505 0.14575
22.08 7 0.145598 0.14548 0.145716
22.2844 7 0.145613 0.145498 0.145727
22.4905 7 0.145532 0.145417 0.145646
22.6986 7 0.145432 0.145319 0.145544
22.9087 7 0.145539 0.145429 0.14565
23.1206 7 0.145344 0.145241 0.145448
23.3346 7 0.145519 0.145405 0.145632
23.5505 7 0.145469 0.145364 0.145575
23.7684 7 0.145436 0.145328 0.145543
23.9883 7 0.145362 0.145257 0.145466
24.2103 7 0.145324 0.145222 0.145425
24.4343 7 0.145314 0.145216 0.145413
24.6604 7 0.145252 0.145151 0.145353
24.8886 7 0.145244 0.145142 0.145347
25.1189 7 0.145195 0.145091 0.1453
25.3513 7 0.145239 0.145147 0.145331
25.5859 7 0.145139 0.145042 0.145236
25.8226 7 0.145252 0.14515 0.145353
26.0615 7 0.145134 0.145045 0.145223
26.3027 7 0.145127 0.145035 0.145219
26.5461 7 0.145106 0.145011 0.145201
26.7917 7 0.145188 0.145095 0.145281
27.0396 7 0.145067 0.144981 0.145153
27.2898 7 0.14509 0.144994 0.145186
27.5423 7 0.145055 0.144964 0.145146
27.7971 7 0.145067 0.144974 0.145159
28.0543 7 0.14504 0.144954 0.145126
28.3139 7 0.144986 0.1449 0.145072
28.5759 7 0.144984 0.144902 0.145065
28.8403 7 0.144923 0.144838 0.145009
29.1072 7 0.1449 0.144817 0.144984
29.3765 7 0.144848 0.14477 0.144926
29.6483 7 0.144868 0.144789 0.144947
29.9226 7 0.144906 0.144826 0.144986
30.1995 7 0.144877 0.144797 0.144957
30.4789 7 0.144844 0.144765 0.144922
30.761 7 0.144881 0.144801 0.144962
31.0456 7 0.144856 0.144775 0.144937
31.3329 7 0.144833 0.144758 0.144908
31.6228 7 0.144764 0.144691 0.144837
31.9154 7 0.144771 0.144694 0.144847
32.2107 7 0.144813 0.144738 0.144889
32.5087 7 0.144852 0.144775 0.144929
32.8095 7 0.144777 0.144699 0.144855
33.1131 7 0.144823 0.144748 0.144898
33.4195 7 0.144733 0.144662 0.144805
33.7287 7 0.144716 0.144642 0.14479
34.0408 7 0.144751 0.144678 0.144825
34.3558 7 0.144761 0.144687 0.144835
34.6737 7 0.144695 0.144624 0.144765
34.9945 7 0.14469 0.144618 0.144762
35.3183 7 0.144695 0.144625 0.144765
35.6451 7 0.144706 0.144637 0.144774
35.9749 7 0.144627 0.14456 0.144694
36.3078 7 0.144597 0.144532 0.144662
36.6438 7 0.144696 0.144628 0.144764
36.9828 7 0.144625 0.144556 0.144694
37.325 7 0.144607 0.144541 0.144673
37.6704 7 0.1446 0.144534 0.144667
38.0189 7 0.144558 0.144493 0.144624
38.3707 7 0.14457 0.144505 0.144635
38.7258 7 0.14456 0.144496 0.144623
39.0841 7 0.144534 0.14447 0.144598
39.4457 7 0.144487 0.144425 0.144549
39.8107 7 0.144547 0.144484 0.144609
40.1791 7 0.144485 0.144425 0.144545
40.5509 7 0.144512 0.144451 0.144573
40.9261 7 0.144471 0.144408 0.144533
41.3048 7 0.144531 0.144468 0.144594
41.6869 7 0.144516 0.144456 0.144576
42.0727 7 0.144517 0.144454 0.144579
42.462 7 0.144451 0.144392 0.14451
42.8549 7 0.144491 0.144429 0.144553
43.2514 7 0.144525 0.144461 0.144588
43.6516 7 0.144417 0.144359 0.144476
44.0555 7 0.144426 0.144368 0.144485
44.4631 7 0.144475 0.144419 0.144532
44.8745 7 0.144426 0.144368 0.144483
45.2898 7 0.144457 0.144398 0.144516
45.7088 7 0.144444 0.144387 0.1445
46.1318 7 0.144451 0.144392 0.144509
46.5586 7 0.144454 0.144397 0.144511
46.9894 7 0.144409 0.144351 0.144466
47.4242 7 0.144413 0.144355 0.14447
47.863 7 0.144421 0.144367 0.144476
48.3059 7 0.144349 0.144291 0.144406
48.7528 7 0.144391 0.144335 0.144448
49.204 7 0.144373 0.144318 0.144429
49.6592 7 0.144406 0.144349 0.144463
50.1187 7 0.144339 0.144285 0.144393
50.5825 7 0.144323 0.144271 0.144375
51.0505 7 0.144349 0.144295 0.144403
51.5229 7 0.144379 0.144327 0.144431
51.9996 7 0.144369 0.144311 0.144427
52.4807 7 0.144396 0.144336 0.144456
52.9663 7 0.144347 0.144293 0.144401
53.4564 7 0.144297 0.144248 0.144346
53.9511 7 0.144338 0.144284 0.144393
54.4503 7 0.144324 0.14427 0.144378
54.9541 7 0.144317 0.144264 0.14437
55.4626 7 0.144316 0.144259 0.144372
55.9758 7 0.144336 0.144281 0.144391
56.4937 7 0.144259 0.14421 0.144308
57.0164 7 0.144294 0.144244 0.144344
57.544 7 0.144318 0.144263 0.144373
58.0764 7 0.144327 0.144272 0.144381
58.6138 7 0.144279 0.144228 0.144331
59.1562 7 0.144289 0.144238 0.14434
59.7035 7 0.144339 0.144284 0.144393
60.256 7 0.144251 0.144202 0.1443
60.8135 7 0.14429 0.14424 0.14434
61.3762 7 0.144295 0.144242 0.144349
61.9441 7 0.144301 0.144248 0.144354
62.5173 7 0.144273 0.144221 0.144324
63.0957 7 0.144304 0.144252 0.144357
63.6796 7 0.144293 0.14424 0.144347
64.2688 7 0.144258 0.144209 0.144306
64.8634 7 0.144266 0.144212 0.144319
65.4636 7 0.144277 0.144225 0.144329
66.0693 7 0.144241 0.144191 0.14429
66.6807 7 0.144244 0.144193 0.144295
67.2977 7 0.14423 0.144181 0.144279
67.9204 7 0.144274 0.144222 0.144327
68.5488 7 0.14418 0.144133 0.144228
69.1831 7 0.144268 0.144217 0.144319
69.8232 7 0.144194 0.144147 0.144241
70.4693 7 0.144184 0.144136 0.144233
71.1214 7 0.144212 0.144162 0.144262
71.7794 7 0.144232 0.144182 0.144282
72.4436 7 0.144227 0.144176 0.144277
73.1139 7 0.144204 0.144154 0.144253
73.7904 7 0.144205 0.144159 0.144251
74.4732 7 0.144226 0.14418 0.144273
75.1623 7 0.144213 0.144165 0.144261
75.8578 7 0.144173 0.144124 0.144222
76.5597 7 0.144227 0.144177 0.144277
77.2681 7 0.144172 0.144127 0.144218
77.983 7 0.144248 0.144195 0.144301
78.7046 7 0.144184 0.144136 0.144232
79.4328 7 0.144206 0.144158 0.144255
80.1678 7 0.144181 0.144132 0.144229
80.9096 7 0.144222 0.144171 0.144272
81.6582 7 0.144178 0.144133 0.144224
82.4138 7 0.144169 0.144122 0.144217
83.1764 7 0.14423 0.14418 0.14428
83.946 7 0.144177 0.144129 0.144225
84.7227 7 0.144145 0.144098 0.144192
85.5067 7 0.14421 0.144165 0.144256
86.2979 7 0.144153 0.144105 0.144201
87.0964 7 0.144189 0.144139 0.144239
87.9023 7 0.144181 0.144133 0.144229
88.7156 7 0.144169 0.14412 0.144217
89.5365 7 0.144211 0.144163 0.14426
90.3649 7 0.144148 0.144102 0.144194
91.2011 7 0.144164 0.144117 0.14421
92.045 7 0.144138 0.144089 0.144187
92.8966 7 0.144155 0.144109 0.144202
93.7562 7 0.14412 0.144073 0.144168
94.6237 7 0.144133 0.144087 0.144178
95.4993 7 0.144141 0.144095 0.144187
96.3829 7 0.144157 0.14411 0.144204
97.2747 7 0.144156 0.144111 0.144201
98.1748 7 0.144188 0.144143 0.144234
99.0832 7 0.1441 0.144054 0.144146
