//tau lambda mean lower_bound upper_bound
0.01 1.158 0.992507 0.989471 0.995543
0.0100925 1.169 0.99052 0.987031 0.99401
0.0101859 1.167 0.989238 0.985435 0.993041
0.0102802 1.16 0.988887 0.985142 0.992631
0.0103753 1.171 0.986726 0.982538 0.990914
0.0104713 1.165 0.98642 0.982204 0.990637
0.0105682 1.164 0.986358 0.982157 0.990558
0.010666 1.17 0.990387 0.986891 0.993883
0.0107647 1.185 0.988368 0.984545 0.992191
0.0108643 1.176 0.988342 0.984479 0.992205
0.0109648 1.17 0.98801 0.983991 0.99203
0.0110662 1.165 0.98832 0.984295 0.992344
0.0111686 1.167 0.989963 0.986461 0.993466
0.011272 1.176 0.989084 0.985349 0.992819
0.0113763 1.169 0.99004 0.986303 0.993776
0.0114815 1.185 0.989694 0.986006 0.993382
0.0115878 1.174 0.989788 0.986263 0.993312
0.011695 1.177 0.99024 0.986778 0.993702
0.0118032 1.191 0.98616 0.982077 0.990244
0.0119124 1.182 0.992822 0.99004 0.995604
0.0120226 1.185 0.988217 0.984394 0.99204
0.0121339 1.172 0.986498 0.982339 0.990658
0.0122462 1.198 0.987721 0.983779 0.991663
0.0123595 1.224 0.985876 0.981615 0.990137
0.0124738 1.213 0.984167 0.97958 0.988754
0.0125893 1.213 0.988054 0.984274 0.991834
0.0127057 1.208 0.988895 0.98529 0.992501
0.0128233 1.177 0.990287 0.986897 0.993677
0.012942 1.212 0.987171 0.983253 0.99109
0.0130617 1.193 0.99096 0.987575 0.994344
0.0131826 1.226 0.989438 0.985913 0.992964
0.0133045 1.21 0.987915 0.983922 0.991908
0.0134276 1.207 0.988063 0.984303 0.991824
0.0135519 1.218 0.988934 0.985357 0.99251
0.0136773 1.219 0.985775 0.981489 0.990062
0.0138038 1.183 0.985776 0.981419 0.990133
0.0139316 1.224 0.984127 0.979422 0.988832
0.0140605 1.247 0.984883 0.980466 0.9893
0.0141906 1.218 0.987 0.982981 0.991018
0.0143219 1.238 0.980839 0.976023 0.985655
0.0144544 1.234 0.984339 0.979982 0.988696
0.0145881 1.258 0.984156 0.979577 0.988735
0.0147231 1.227 0.989884 0.98664 0.993128
0.0148594 1.239 0.986693 0.982675 0.99071
0.0149968 1.236 0.986167 0.982027 0.990308
0.0151356 1.24 0.984288 0.979921 0.988654
0.0152757 1.237 0.988433 0.984717 0.992149
0.015417 1.251 0.985436 0.981286 0.989586
0.0155597 1.265 0.982558 0.977682 0.987435
0.0157036 1.244 0.984582 0.980225 0.988939
0.0158489 1.258 0.984344 0.979709 0.98898
0.0159956 1.249 0.982746 0.977964 0.987528
0.0161436 1.269 0.982758 0.978204 0.987313
0.016293 1.252 0.982071 0.977264 0.986878
0.0164437 1.265 0.983091 0.978501 0.987681
0.0165959 1.265 0.986306 0.982355 0.990257
0.0167494 1.282 0.980948 0.976288 0.985607
0.0169044 1.274 0.984339 0.979905 0.988773
0.0170608 1.265 0.981852 0.97693 0.986774
0.0172187 1.289 0.983242 0.978726 0.987757
0.017378 1.276 0.98016 0.974873 0.985447
0.0175388 1.273 0.983026 0.978495 0.987557
0.0177011 1.287 0.984461 0.980103 0.988818
0.0178649 1.282 0.983002 0.978538 0.987466
0.0180302 1.297 0.982454 0.977932 0.986976
0.018197 1.3 0.98011 0.975053 0.985167
0.0183654 1.296 0.980328 0.975373 0.985283
0.0185353 1.304 0.977195 0.97186 0.982531
0.0187068 1.339 0.977184 0.971829 0.982539
0.0188799 1.31 0.980752 0.975721 0.985783
0.0190546 1.28 0.985838 0.981827 0.989848
0.0192309 1.353 0.977269 0.971828 0.98271
0.0194089 1.299 0.977696 0.972282 0.983109
0.0195884 1.329 0.984208 0.980012 0.988405
0.0197697 1.314 0.978924 0.973915 0.983934
0.0199526 1.349 0.977623 0.972235 0.98301
0.0201372 1.327 0.983561 0.979015 0.988107
0.0203236 1.317 0.985446 0.98139 0.989502
0.0205116 1.326 0.978921 0.973601 0.984241
0.0207014 1.342 0.98406 0.979815 0.988305
0.020893 1.326 0.974938 0.969381 0.980495
0.0210863 1.351 0.978988 0.973681 0.984294
0.0212814 1.346 0.976086 0.970655 0.981517
0.0214783 1.336 0.979174 0.973914 0.984433
0.021677 1.387 0.974812 0.969194 0.98043
0.0218776 1.357 0.978533 0.973301 0.983765
0.02208 1.326 0.980559 0.975545 0.985573
0.0222844 1.321 0.976173 0.970674 0.981672
0.0224905 1.353 0.977447 0.972235 0.982659
0.0226986 1.31 0.979667 0.974545 0.984788
0.0229087 1.378 0.980713 0.975872 0.985554
0.0231206 1.339 0.984036 0.979958 0.988115
0.0233346 1.397 0.979486 0.974526 0.984445
0.0235505 1.393 0.973233 0.967283 0.979183
0.0237684 1.402 0.973868 0.968111 0.979625
0.0239883 1.374 0.978924 0.973727 0.984122
0.0242103 1.388 0.976227 0.970837 0.981617
0.0244343 1.399 0.975697 0.97011 0.981284
0.0246604 1.377 0.97507 0.969444 0.980697
0.0248886 1.414 0.974929 0.969281 0.980578
0.0251189 1.398 0.976716 0.971369 0.982063
0.0253513 1.391 0.976785 0.971512 0.982057
0.0255859 1.394 0.979855 0.975 0.984709
0.0258226 1.394 0.97639 0.971101 0.981679
0.0260615 1.43 0.973968 0.968413 0.979523
0.0263027 1.404 0.974759 0.969137 0.98038
0.0265461 1.412 0.976836 0.971536 0.982136
0.0267917 1.46 0.965698 0.959135 0.97226
0.0270396 1.418 0.971332 0.96531 0.977353
0.0272898 1.448 0.974972 0.969362 0.980582
0.0275423 1.422 0.972713 0.966924 0.978502
0.0277971 1.449 0.971805 0.965996 0.977615
0.0280543 1.449 0.975632 0.970215 0.981049
0.0283139 1.449 0.975107 0.969609 0.980604
0.0285759 1.475 0.967787 0.96129 0.974283
0.0288403 1.468 0.975677 0.970327 0.981028
0.0291072 1.458 0.973163 0.967253 0.979073
0.0293765 1.47 0.967799 0.961813 0.973786
0.0296483 1.47 0.971701 0.965682 0.97772
0.0299226 1.521 0.97147 0.965676 0.977264
0.0301995 1.484 0.97067 0.964716 0.976623
0.0304789 1.476 0.976358 0.970953 0.981763
0.030761 1.507 0.973616 0.96793 0.979302
0.0310456 1.489 0.970201 0.964183 0.976219
0.0313329 1.477 0.964218 0.957532 0.970903
0.0316228 1.527 0.969012 0.963067 0.974956
0.0319154 1.52 0.967026 0.960895 0.973157
0.0322107 1.524 0.972389 0.96663 0.978147
0.0325087 1.533 0.965598 0.959035 0.972161
0.0328095 1.529 0.971522 0.965779 0.977265
0.0331131 1.51 0.967197 0.960821 0.973572
0.0334195 1.495 0.96861 0.962535 0.974685
0.0337287 1.536 0.969856 0.963955 0.975757
0.0340408 1.59 0.968145 0.962194 0.974096
0.0343558 1.521 0.972219 0.966642 0.977796
0.0346737 1.551 0.964865 0.958375 0.971355
0.0349945 1.537 0.970675 0.964758 0.976591
0.0353183 1.593 0.963925 0.957206 0.970645
0.0356451 1.588 0.965124 0.958644 0.971604
0.0359749 1.599 0.966676 0.960057 0.973296
0.0363078 1.554 0.965465 0.959044 0.971886
0.0366438 1.621 0.964648 0.958309 0.970988
0.0369828 1.578 0.959177 0.95198 0.966374
0.037325 1.612 0.958991 0.951949 0.966034
0.0376704 1.604 0.956759 0.949447 0.964072
0.0380189 1.618 0.962394 0.955559 0.96923
0.0383707 1.613 0.963617 0.95711 0.970125
0.0387258 1.597 0.964852 0.958494 0.97121
0.0390841 1.679 0.962733 0.955785 0.969681
0.0394457 1.633 0.964364 0.957905 0.970823
0.0398107 1.64 0.957914 0.950846 0.964982
0.0401791 1.664 0.959094 0.952054 0.966134
0.0405509 1.656 0.957997 0.950797 0.965198
0.0409261 1.679 0.960749 0.954151 0.967348
0.0413048 1.65 0.959799 0.952963 0.966636
0.0416869 1.649 0.961917 0.955117 0.968717
0.0420727 1.676 0.961867 0.955226 0.968508
0.042462 1.706 0.959705 0.953108 0.966301
0.0428549 1.696 0.957516 0.950398 0.964634
0.0432514 1.677 0.956662 0.949573 0.963751
0.0436516 1.671 0.96245 0.955893 0.969007
0.0440555 1.738 0.950554 0.942772 0.958335
0.0444631 1.782 0.956061 0.949041 0.963082
0.0448745 1.705 0.955454 0.948146 0.962761
0.0452898 1.724 0.961354 0.954671 0.968036
0.0457088 1.754 0.955389 0.948176 0.962601
0.0461318 1.788 0.947971 0.940174 0.955767
0.0465586 1.806 0.949412 0.941759 0.957066
0.0469894 1.776 0.949616 0.941958 0.957274
0.0474242 1.706 0.951319 0.943808 0.95883
0.047863 1.801 0.956086 0.948952 0.963219
0.0483059 1.783 0.955541 0.948428 0.962654
0.0487528 1.707 0.953373 0.945676 0.96107
0.049204 1.813 0.957336 0.950401 0.964272
0.0496592 1.792 0.956028 0.948915 0.963141
0.0501187 1.813 0.952868 0.945681 0.960054
0.0505825 1.826 0.95129 0.943677 0.958902
0.0510505 1.825 0.951261 0.943775 0.958748
0.0515229 1.819 0.953572 0.946257 0.960886
0.0519996 1.81 0.949601 0.942047 0.957155
0.0524807 1.799 0.951924 0.944169 0.959679
0.0529663 1.895 0.952623 0.944962 0.960283
0.0534564 1.878 0.953128 0.945642 0.960614
0.0539511 1.884 0.947329 0.939377 0.955281
0.0544503 1.861 0.949531 0.941875 0.957186
0.0549541 1.868 0.949058 0.941373 0.956744
0.0554626 1.912 0.945512 0.937608 0.953415
0.0559758 1.869 0.94001 0.931455 0.948565
0.0564937 1.919 0.945931 0.938067 0.953796
0.0570164 1.958 0.9438 0.935777 0.951822
0.057544 1.963 0.949154 0.941763 0.956546
0.0580764 1.972 0.94466 0.936578 0.952742
0.0586138 1.95 0.945624 0.937444 0.953805
0.0591562 1.951 0.948107 0.94041 0.955804
0.0597035 1.96 0.947762 0.940115 0.95541
0.060256 2.001 0.93734 0.928996 0.945683
0.0608135 1.993 0.942951 0.934879 0.951022
0.0613762 1.958 0.940639 0.932429 0.948849
0.0619441 2.031 0.939442 0.931141 0.947743
0.0625173 1.997 0.934344 0.92572 0.942967
0.0630957 2.023 0.939219 0.930872 0.947565
0.0636796 2.017 0.939799 0.931717 0.947881
0.0642688 2.023 0.93934 0.930868 0.947811
0.0648634 2.015 0.938598 0.930353 0.946844
0.0654636 2.129 0.931928 0.923087 0.94077
0.0660693 2.052 0.940698 0.9326 0.948795
0.0666807 2.029 0.938101 0.929855 0.946347
0.0672977 2.158 0.926515 0.917303 0.935727
0.0679204 2.06 0.928807 0.919754 0.93786
0.0685488 2.118 0.935462 0.926838 0.944087
0.0691831 2.077 0.937201 0.928662 0.94574
0.0698232 2.159 0.9303 0.921334 0.939266
0.0704693 2.201 0.920515 0.911175 0.929854
0.0711214 2.127 0.935707 0.927142 0.944272
0.0717794 2.102 0.93718 0.928978 0.945383
0.0724436 2.142 0.93066 0.921798 0.939522
0.0731139 2.153 0.930841 0.9219 0.939782
0.0737904 2.193 0.934407 0.92601 0.942803
0.0744732 2.158 0.935729 0.927404 0.944054
0.0751623 2.171 0.928158 0.919122 0.937195
0.0758578 2.26 0.916085 0.906428 0.925742
0.0765597 2.202 0.931788 0.923212 0.940364
0.0772681 2.323 0.927859 0.919004 0.936714
0.077983 2.243 0.916621 0.906851 0.926392
0.0787046 2.319 0.920994 0.911499 0.930489
0.0794328 2.26 0.931608 0.922758 0.940458
0.0801678 2.264 0.920043 0.910621 0.929465
0.0809096 2.298 0.925149 0.915995 0.934304
0.0816582 2.314 0.92182 0.912516 0.931124
0.0824138 2.306 0.918388 0.908924 0.927852
0.0831764 2.334 0.91888 0.909655 0.928106
0.083946 2.37 0.924248 0.915227 0.93327
0.0847227 2.391 0.917838 0.908123 0.927553
0.0855067 2.376 0.914475 0.904739 0.924211
0.0862979 2.372 0.923988 0.9148 0.933176
0.0870964 2.355 0.920272 0.910868 0.929675
0.0879023 2.414 0.919364 0.9098 0.928929
0.0887156 2.375 0.917334 0.907881 0.926787
0.0895365 2.51 0.906368 0.896441 0.916296
0.0903649 2.463 0.906919 0.89694 0.916898
0.0912011 2.483 0.912375 0.902677 0.922073
0.092045 2.441 0.915854 0.906419 0.92529
0.0928966 2.493 0.908898 0.898999 0.918797
0.0937562 2.494 0.913829 0.904213 0.923445
0.0946237 2.506 0.909415 0.899238 0.919593
0.0954993 2.548 0.913893 0.90446 0.923326
0.0963829 2.556 0.911963 0.902094 0.921833
0.0972747 2.479 0.919907 0.911033 0.928781
0.0981748 2.63 0.906481 0.896441 0.916521
0.0990832 2.635 0.903271 0.893037 0.913505
0.1 2.648 0.9105 0.90086 0.920141
0.100925 2.704 0.900607 0.890164 0.911051
0.101859 2.613 0.905543 0.895382 0.915703
0.102802 2.641 0.909606 0.899819 0.919393
0.103753 2.738 0.905231 0.89518 0.915282
0.104713 2.689 0.907766 0.897804 0.917729
0.105682 2.678 0.905991 0.896216 0.915765
0.10666 2.652 0.897587 0.886922 0.908253
0.107647 2.733 0.904376 0.894458 0.914293
0.108643 2.754 0.899814 0.889611 0.910018
0.109648 2.81 0.899461 0.889054 0.909868
0.110662 2.813 0.89347 0.882795 0.904144
0.111686 2.723 0.899378 0.889301 0.909455
0.11272 2.816 0.899423 0.889131 0.909715
0.113763 2.753 0.895834 0.885129 0.906538
0.114815 2.849 0.889126 0.878324 0.899927
0.115878 2.788 0.899379 0.888968 0.909791
0.11695 2.879 0.891096 0.880572 0.901619
0.118032 2.927 0.898608 0.888465 0.908752
0.119124 2.899 0.884256 0.873295 0.895218
0.120226 2.908 0.884327 0.873425 0.89523
0.121339 2.882 0.891632 0.880857 0.902407
0.122462 2.971 0.88858 0.877693 0.899466
0.123595 3.069 0.878562 0.867397 0.889728
0.124738 2.901 0.89091 0.879999 0.901821
0.125893 3.045 0.880907 0.869686 0.892127
0.127057 2.977 0.886374 0.87561 0.897137
0.128233 3.109 0.882497 0.871514 0.89348
0.12942 3.032 0.877835 0.866704 0.888966
0.130617 3.131 0.872219 0.860664 0.883775
0.131826 3.129 0.878743 0.867496 0.889991
0.133045 3.166 0.886269 0.875333 0.897204
0.134276 3.171 0.869028 0.85738 0.880676
0.135519 3.132 0.882098 0.870995 0.893201
0.136773 3.188 0.886163 0.875484 0.896842
0.138038 3.203 0.88286 0.872098 0.893622
0.139316 3.218 0.867188 0.855716 0.87866
0.140605 3.303 0.872804 0.861467 0.884142
0.141906 3.234 0.8733 0.862243 0.884356
0.143219 3.293 0.874212 0.862713 0.885712
0.144544 3.222 0.85959 0.847969 0.871212
0.145881 3.338 0.859484 0.847676 0.871292
0.147231 3.39 0.86269 0.851046 0.874334
0.148594 3.452 0.864626 0.852875 0.876377
0.149968 3.403 0.863783 0.852404 0.875163
0.151356 3.365 0.867817 0.856566 0.879069
0.152757 3.369 0.86091 0.848973 0.872847
0.15417 3.475 0.856197 0.844448 0.867946
0.155597 3.452 0.86334 0.851417 0.875263
0.157036 3.531 0.854148 0.842398 0.865898
0.158489 3.549 0.846636 0.834451 0.858822
0.159956 3.544 0.857516 0.846036 0.868995
0.161436 3.522 0.859311 0.847092 0.87153
0.16293 3.627 0.851002 0.83889 0.863114
0.164437 3.638 0.844081 0.832041 0.856121
0.165959 3.67 0.85169 0.840016 0.863365
0.167494 3.7 0.856804 0.844955 0.868654
0.169044 3.633 0.850656 0.83889 0.862423
0.170608 3.803 0.845127 0.833186 0.857068
0.172187 3.734 0.844662 0.832493 0.85683
0.17378 3.751 0.85312 0.841464 0.864775
0.175388 3.812 0.834238 0.821891 0.846586
0.177011 3.668 0.854491 0.842958 0.866023
0.178649 3.932 0.837096 0.825004 0.849189
0.180302 3.807 0.845626 0.833378 0.857874
0.18197 3.868 0.840143 0.827968 0.852319
0.183654 3.955 0.844775 0.832915 0.856634
0.185353 4.009 0.832364 0.820078 0.844651
0.187068 3.96 0.843482 0.831393 0.855571
0.188799 3.935 0.839071 0.827055 0.851087
0.190546 3.967 0.835154 0.82274 0.847569
0.192309 4.038 0.830375 0.817792 0.842958
0.194089 4.048 0.829699 0.817203 0.842194
0.195884 4.206 0.828667 0.81594 0.841393
0.197697 4.108 0.826565 0.814048 0.839082
0.199526 4.241 0.821324 0.808556 0.834093
0.201372 4.183 0.835555 0.823068 0.848041
0.203236 4.316 0.821239 0.808436 0.834043
0.205116 4.35 0.80973 0.797 0.822459
0.207014 4.255 0.817199 0.804553 0.829846
0.20893 4.326 0.809919 0.796847 0.822991
0.210863 4.289 0.809971 0.797196 0.822746
0.212814 4.384 0.808107 0.795205 0.821008
0.214783 4.333 0.829563 0.817313 0.841812
0.21677 4.391 0.817077 0.80442 0.829733
0.218776 4.388 0.816711 0.803973 0.829449
0.2208 4.427 0.818495 0.805761 0.831228
0.222844 4.433 0.812897 0.799854 0.825939
0.224905 4.46 0.810617 0.798 0.823234
0.226986 4.589 0.817144 0.804321 0.829967
0.229087 4.583 0.798844 0.785519 0.812168
0.231206 4.6 0.796744 0.783443 0.810045
0.233346 4.548 0.798842 0.785801 0.811882
0.235505 4.64 0.797956 0.784603 0.811309
0.237684 4.669 0.786065 0.772682 0.799448
0.239883 4.725 0.797707 0.784632 0.810782
0.242103 4.711 0.791074 0.777871 0.804277
0.244343 4.893 0.775324 0.76196 0.788688
0.246604 4.914 0.788741 0.77537 0.802112
0.248886 4.746 0.79137 0.77842 0.80432
0.251189 4.947 0.785335 0.77213 0.79854
0.253513 5.011 0.781157 0.767627 0.794686
0.255859 4.954 0.789079 0.776116 0.802041
0.258226 5.047 0.785306 0.772045 0.798566
0.260615 5.024 0.778837 0.765364 0.79231
0.263027 5.08 0.784299 0.770916 0.797683
0.265461 5.157 0.767515 0.753896 0.781134
0.267917 5.141 0.784506 0.770954 0.798057
0.270396 5.123 0.77119 0.757614 0.784766
0.272898 5.16 0.776595 0.763172 0.790017
0.275423 5.259 0.767656 0.754035 0.781277
0.277971 5.307 0.767132 0.753397 0.780867
0.280543 5.351 0.763685 0.750119 0.777252
0.283139 5.444 0.768573 0.755042 0.782105
0.285759 5.423 0.76686 0.75333 0.780389
0.288403 5.424 0.763628 0.749783 0.777473
0.291072 5.537 0.762523 0.749185 0.775861
0.293765 5.507 0.766804 0.753165 0.780443
0.296483 5.5 0.768214 0.754683 0.781745
0.299226 5.525 0.763175 0.749563 0.776786
0.301995 5.488 0.757163 0.743622 0.770705
0.304789 5.586 0.748464 0.734522 0.762406
0.30761 5.549 0.753885 0.740064 0.767707
0.310456 5.71 0.735177 0.72145 0.748905
0.313329 5.772 0.7351 0.721205 0.748995
0.316228 5.797 0.737764 0.72388 0.751649
0.319154 5.773 0.743961 0.730041 0.75788
0.322107 5.885 0.735133 0.721435 0.74883
0.325087 5.984 0.743528 0.729518 0.757537
0.328095 5.972 0.737419 0.723723 0.751115
0.331131 6.011 0.726401 0.712329 0.740472
0.334195 6.019 0.724541 0.71072 0.738362
0.337287 6.077 0.729929 0.71627 0.743588
0.340408 6.022 0.723186 0.709253 0.73712
0.343558 6.16 0.720764 0.706413 0.735115
0.346737 6.117 0.728654 0.714641 0.742667
0.349945 6.105 0.728178 0.71449 0.741866
0.353183 6.135 0.718851 0.704914 0.732787
0.356451 6.283 0.712868 0.698609 0.727127
0.359749 6.268 0.719394 0.705411 0.733378
0.363078 6.243 0.719664 0.705537 0.733792
0.366438 6.361 0.714662 0.700498 0.728826
0.369828 6.374 0.708267 0.694343 0.722192
0.37325 6.438 0.705888 0.691501 0.720276
0.376704 6.445 0.709154 0.695085 0.723223
0.380189 6.428 0.694754 0.681006 0.708501
0.383707 6.492 0.706151 0.691753 0.720548
0.387258 6.5 0.702935 0.688715 0.717156
0.390841 6.596 0.690299 0.675972 0.704626
0.394457 6.615 0.687439 0.67338 0.701498
0.398107 6.667 0.690348 0.676672 0.704024
0.401791 6.737 0.680948 0.66639 0.695507
0.405509 6.712 0.691859 0.677748 0.70597
0.409261 6.673 0.699176 0.685359 0.712993
0.413048 6.717 0.686836 0.673033 0.700638
0.416869 6.829 0.676862 0.662591 0.691134
0.420727 6.77 0.668266 0.654181 0.682352
0.42462 6.901 0.681683 0.667456 0.695911
0.428549 6.878 0.662795 0.648726 0.676865
0.432514 6.937 0.673182 0.659171 0.687192
0.436516 6.912 0.678903 0.664662 0.693143
0.440555 6.977 0.661022 0.646684 0.675359
0.444631 6.989 0.665294 0.651331 0.679257
0.448745 7.02 0.66194 0.647652 0.676228
0.452898 7.011 0.650874 0.636967 0.66478
0.457088 7.012 0.673403 0.659101 0.687705
0.461318 7.105 0.658521 0.644204 0.672838
0.465586 7.121 0.658556 0.644123 0.67299
0.469894 7.187 0.655609 0.64139 0.669828
0.474242 7.162 0.649269 0.635204 0.663334
0.47863 7.209 0.64196 0.627804 0.656115
0.483059 7.203 0.645189 0.631075 0.659302
0.487528 7.316 0.637599 0.623714 0.651485
0.49204 7.315 0.629678 0.615723 0.643632
0.496592 7.285 0.645229 0.631034 0.659425
0.501187 7.299 0.639381 0.625282 0.65348
0.505825 7.425 0.61872 0.604681 0.632759
0.510505 7.346 0.634837 0.620802 0.648871
0.515229 7.345 0.626173 0.612523 0.639823
0.519996 7.4 0.617592 0.603684 0.631499
0.524807 7.407 0.619297 0.605106 0.633488
0.529663 7.455 0.618081 0.603673 0.632489
0.534564 7.534 0.595401 0.581741 0.60906
0.539511 7.497 0.609223 0.595193 0.623253
0.544503 7.518 0.60414 0.590051 0.618229
0.549541 7.463 0.619191 0.605299 0.633083
0.554626 7.591 0.618048 0.604141 0.631955
0.559758 7.582 0.60212 0.588099 0.61614
0.564937 7.544 0.621073 0.606773 0.635373
0.570164 7.66 0.593209 0.579586 0.606833
0.57544 7.573 0.608291 0.594114 0.622468
0.580764 7.588 0.613438 0.599355 0.62752
0.586138 7.694 0.594831 0.581304 0.608359
0.591562 7.639 0.598565 0.584685 0.612445
0.597035 7.635 0.60076 0.586574 0.614947
0.60256 7.723 0.589385 0.575557 0.603214
0.608135 7.662 0.593268 0.578929 0.607606
0.613762 7.746 0.573471 0.559928 0.587014
0.619441 7.704 0.587024 0.573011 0.601037
0.625173 7.754 0.567996 0.554187 0.581804
0.630957 7.719 0.567052 0.553565 0.58054
0.636796 7.76 0.56019 0.546595 0.573784
0.642688 7.779 0.563996 0.550308 0.577684
0.648634 7.824 0.572171 0.558504 0.585837
0.654636 7.801 0.559683 0.546194 0.573173
0.660693 7.83 0.563155 0.54972 0.57659
0.666807 7.825 0.567124 0.553208 0.58104
0.672977 7.799 0.569685 0.555731 0.583639
0.679204 7.856 0.559238 0.54557 0.572907
0.685488 7.863 0.550736 0.537306 0.564166
0.691831 7.878 0.539743 0.526286 0.553201
0.698232 7.882 0.537085 0.523649 0.55052
0.704693 7.898 0.542928 0.529551 0.556305
0.711214 7.887 0.539801 0.526831 0.55277
0.717794 7.912 0.526179 0.513035 0.539323
0.724436 7.896 0.523504 0.510325 0.536683
0.731139 7.926 0.517915 0.504789 0.531041
0.737904 7.922 0.539194 0.525362 0.553026
0.744732 7.907 0.528897 0.515942 0.541852
0.751623 7.921 0.526606 0.513393 0.53982
0.758578 7.898 0.519381 0.506639 0.532123
0.765597 7.936 0.514145 0.501148 0.527141
0.772681 7.914 0.509613 0.496879 0.522348
0.77983 7.949 0.504378 0.491502 0.517254
0.787046 7.938 0.515838 0.502535 0.52914
0.794328 7.939 0.506785 0.493586 0.519985
0.801678 7.952 0.497779 0.484833 0.510726
0.809096 7.943 0.495452 0.482759 0.508145
0.816582 7.95 0.499211 0.486457 0.511965
0.824138 7.958 0.500542 0.487647 0.513436
0.831764 7.967 0.492502 0.479939 0.505066
0.83946 7.952 0.488227 0.47587 0.500584
0.847227 7.962 0.490938 0.478339 0.503537
0.855067 7.972 0.468743 0.456728 0.480759
0.862979 7.96 0.487234 0.47463 0.499837
0.870964 7.975 0.479302 0.466954 0.491649
0.879023 7.979 0.472356 0.460638 0.484075
0.887156 7.988 0.473022 0.460505 0.48554
0.895365 7.982 0.478699 0.466026 0.491371
0.903649 7.98 0.475922 0.463833 0.488012
0.912011 7.988 0.465816 0.453291 0.47834
0.92045 7.981 0.456052 0.444431 0.467673
0.928966 7.985 0.468759 0.456448 0.481069
0.937562 7.984 0.452612 0.44071 0.464513
0.946237 7.988 0.461972 0.449851 0.474093
0.954993 7.988 0.446456 0.434594 0.458317
0.963829 7.995 0.448377 0.436685 0.460069
0.972747 7.993 0.452242 0.440627 0.463857
0.981748 7.992 0.441335 0.429548 0.453122
0.990832 7.994 0.447492 0.43576 0.459224
1 7.998 0.444441 0.432819 0.456062
1.00925 7.983 0.435069 0.424005 0.446134
1.01859 7.995 0.433788 0.422296 0.445279
1.02802 7.993 0.417365 0.406075 0.428655
1.03753 7.996 0.436769 0.425307 0.448231
1.04713 7.999 0.426225 0.415053 0.437398
1.05682 7.994 0.427895 0.416232 0.439558
1.0666 8 0.415346 0.404378 0.426313
1.07647 7.999 0.413216 0.401901 0.424531
1.08643 8 0.406917 0.39611 0.417724
1.09648 7.996 0.405948 0.395074 0.416822
1.10662 7.996 0.407885 0.396911 0.41886
1.11686 7.995 0.404598 0.393496 0.4157
1.1272 8 0.412796 0.401406 0.424185
1.13763 8 0.408086 0.397481 0.418691
1.14815 7.995 0.408271 0.397251 0.419292
1.15878 8 0.396029 0.385011 0.407047
1.1695 8 0.400214 0.389455 0.410973
1.18032 8 0.390273 0.379604 0.400942
1.19124 8 0.392659 0.382172 0.403146
1.20226 8 0.399327 0.388927 0.409727
1.21339 7.999 0.378969 0.369176 0.388763
1.22462 8 0.377896 0.367617 0.388175
1.23595 8 0.380761 0.370536 0.390986
1.24738 8 0.38154 0.371552 0.391529
1.25893 8 0.37925 0.368975 0.389524
1.27057 8 0.357339 0.347993 0.366685
1.28233 8 0.377202 0.36681 0.387594
1.2942 7.999 0.366254 0.356656 0.375852
1.30617 8 0.362597 0.352799 0.372395
1.31826 8 0.362896 0.353537 0.372255
1.33045 8 0.36198 0.352587 0.371372
1.34276 8 0.355718 0.346106 0.365329
1.35519 8 0.351823 0.342557 0.361089
1.36773 8 0.359976 0.350255 0.369697
1.38038 8 0.353214 0.343548 0.362881
1.39316 8 0.346122 0.336849 0.355395
1.40605 8 0.345381 0.33589 0.354872
1.41906 8 0.339147 0.330479 0.347815
1.43219 8 0.343429 0.334295 0.352562
1.44544 8 0.341493 0.332493 0.350493
1.45881 8 0.335915 0.327045 0.344784
1.47231 8 0.331872 0.322966 0.340779
1.48594 7.998 0.328165 0.319567 0.336763
1.49968 8 0.329972 0.321298 0.338646
1.51356 8 0.332579 0.32339 0.341768
1.52757 8 0.323801 0.315345 0.332258
1.5417 8 0.326405 0.317948 0.334863
1.55597 8 0.321094 0.312807 0.329381
1.57036 8 0.320374 0.312186 0.328562
1.58489 8 0.319011 0.310302 0.327721
1.59956 8 0.317685 0.309708 0.325663
1.61436 8 0.315518 0.307262 0.323774
1.6293 8 0.313853 0.305273 0.322434
1.64437 8 0.310774 0.302686 0.318862
1.65959 8 0.307336 0.299434 0.315238
1.67494 8 0.303872 0.296004 0.31174
1.69044 8 0.307072 0.298952 0.315193
1.70608 8 0.291779 0.283847 0.299712
1.72187 8 0.29723 0.289483 0.304977
1.7378 8 0.291678 0.284447 0.29891
1.75388 8 0.29451 0.286959 0.302062
1.77011 8 0.295385 0.288194 0.302575
1.78649 8 0.281011 0.27414 0.287882
1.80302 8 0.284232 0.276875 0.291589
1.8197 8 0.291573 0.284341 0.298806
1.83654 8 0.287749 0.280465 0.295032
1.85353 8 0.280553 0.273199 0.287907
1.87068 8 0.280601 0.273262 0.28794
1.88799 8 0.276092 0.269308 0.282876
1.90546 8 0.273112 0.266296 0.279929
1.92309 8 0.278533 0.271668 0.285397
1.94089 8 0.273378 0.266988 0.279768
1.95884 8 0.268656 0.262242 0.27507
1.97697 8 0.271858 0.264928 0.278787
1.99526 8 0.266836 0.260258 0.273413
2.01372 8 0.264476 0.258004 0.270949
2.03236 8 0.26175 0.255606 0.267894
2.05116 8 0.257484 0.251542 0.263425
2.07014 8 0.261807 0.255563 0.268052
2.0893 8 0.260793 0.254405 0.267181
2.10863 8 0.260554 0.254134 0.266974
2.12814 8 0.260401 0.253996 0.266807
2.14783 8 0.245371 0.239724 0.251018
2.1677 8 0.25087 0.244958 0.256783
2.18776 8 0.250315 0.244453 0.256177
2.208 8 0.246337 0.240849 0.251824
2.22844 8 0.247579 0.242096 0.253062
2.24905 8 0.241131 0.235646 0.246616
2.26986 8 0.239828 0.234693 0.244963
2.29087 8 0.242395 0.236752 0.248037
2.31206 8 0.241683 0.236094 0.247272
2.33346 8 0.234077 0.228918 0.239236
2.35505 8 0.238864 0.233414 0.244314
2.37684 8 0.229839 0.224628 0.235049
2.39883 8 0.234761 0.229662 0.23986
2.42103 8 0.232444 0.226997 0.237892
2.44343 8 0.232198 0.226949 0.237446
2.46604 8 0.225506 0.220931 0.230082
2.48886 8 0.228893 0.224335 0.233451
2.51189 8 0.224543 0.219873 0.229213
2.53513 8 0.219768 0.215256 0.22428
2.55859 8 0.221916 0.21714 0.226691
2.58226 8 0.225555 0.220782 0.230328
2.60615 8 0.220249 0.215969 0.224528
2.63027 8 0.221237 0.216616 0.225858
2.65461 8 0.216519 0.212239 0.2208
2.67917 8 0.215107 0.211105 0.219109
2.70396 8 0.216733 0.212245 0.221221
2.72898 8 0.212759 0.208625 0.216892
2.75423 8 0.213913 0.20981 0.218016
2.77971 8 0.20874 0.204635 0.212845
2.80543 8 0.207199 0.203024 0.211373
2.83139 8 0.206225 0.20241 0.21004
2.85759 8 0.210038 0.205856 0.214219
2.88403 8 0.205292 0.201241 0.209343
2.91072 8 0.203435 0.199575 0.207294
2.93765 8 0.204449 0.200426 0.208472
2.96483 8 0.200076 0.196531 0.203621
2.99226 8 0.203795 0.200053 0.207538
3.01995 8 0.202925 0.199002 0.206848
3.04789 8 0.201406 0.197653 0.205159
3.0761 8 0.197732 0.194392 0.201072
3.10456 8 0.196746 0.193323 0.200169
3.13329 8 0.199214 0.195548 0.20288
3.16228 8 0.19462 0.19124 0.198
3.19154 8 0.192843 0.189429 0.196257
3.22107 8 0.196021 0.192526 0.199516
3.25087 8 0.191355 0.188148 0.194562
3.28095 8 0.191195 0.187834 0.194556
3.31131 8 0.191319 0.188159 0.194479
3.34195 8 0.187717 0.184651 0.190782
3.37287 8 0.18728 0.184035 0.190525
3.40408 8 0.185755 0.182583 0.188927
3.43558 8 0.185407 0.182381 0.188434
3.46737 8 0.185048 0.182224 0.187871
3.49945 8 0.183677 0.180627 0.186728
3.53183 8 0.18583 0.182867 0.188794
3.56451 8 0.180811 0.178067 0.183555
3.59749 8 0.182498 0.179736 0.18526
3.63078 8 0.18019 0.177512 0.182867
3.66438 8 0.180558 0.177793 0.183324
3.69828 8 0.176012 0.173603 0.17842
3.7325 8 0.177957 0.175326 0.180587
3.76704 8 0.176126 0.173583 0.178669
3.80189 8 0.174496 0.172086 0.176905
3.83707 8 0.174185 0.171533 0.176838
3.87258 8 0.172691 0.170216 0.175166
3.90841 8 0.173024 0.170494 0.175555
3.94457 8 0.173049 0.170605 0.175492
3.98107 8 0.171312 0.169031 0.173594
4.01791 8 0.169467 0.167247 0.171687
4.05509 8 0.16893 0.166842 0.171018
4.09261 8 0.17182 0.169571 0.174069
4.13048 8 0.168146 0.166041 0.170252
4.16869 8 0.168497 0.166262 0.170733
4.20727 8 0.167333 0.165371 0.169294
4.2462 8 0.166708 0.164573 0.168844
4.28549 8 0.165615 0.163695 0.167536
4.32514 8 0.164404 0.162545 0.166263
4.36516 8 0.164366 0.162577 0.166155
4.40555 8 0.164709 0.162608 0.166809
4.44631 8 0.164857 0.162769 0.166945
4.48745 8 0.161619 0.159881 0.163357
4.52898 8 0.161548 0.159675 0.163421
4.57088 8 0.162308 0.160471 0.164145
4.61318 8 0.162732 0.160871 0.164593
4.65586 8 0.160469 0.158741 0.162196
4.69894 8 0.159864 0.158161 0.161567
4.74242 8 0.159745 0.158015 0.161476
4.7863 8 0.159765 0.158104 0.161426
4.83059 8 0.158288 0.156575 0.16
4.87528 8 0.157278 0.155675 0.15888
4.9204 8 0.157927 0.156321 0.159533
4.96592 8 0.156109 0.154583 0.157636
5.01187 8 0.157635 0.156022 0.159249
5.05825 8 0.156176 0.154681 0.157671
5.10505 8 0.155049 0.153577 0.156522
5.15229 8 0.154826 0.153294 0.156357
5.19996 8 0.154745 0.153185 0.156305
5.24807 8 0.15308 0.151727 0.154433
5.29663 8 0.15272 0.151385 0.154055
5.34564 8 0.153794 0.152156 0.155431
5.39511 8 0.153095 0.151704 0.154486
5.44503 8 0.151685 0.150379 0.152991
5.49541 8 0.151018 0.149673 0.152364
5.54626 8 0.15092 0.14967 0.152169
5.59758 8 0.151278 0.150055 0.152501
5.64937 8 0.150713 0.149495 0.151932
5.70164 8 0.150151 0.148989 0.151313
5.7544 8 0.149541 0.148367 0.150714
5.80764 8 0.149951 0.148745 0.151157
5.86138 8 0.148852 0.147714 0.149989
5.91562 8 0.14768 0.146573 0.148787
5.97035 8 0.148468 0.147319 0.149618
6.0256 8 0.147192 0.146121 0.148264
6.08135 8 0.147005 0.145894 0.148115
6.13762 8 0.147114 0.145991 0.148236
6.19441 8 0.146126 0.145039 0.147213
6.25173 8 0.146382 0.14532 0.147444
6.30957 8 0.14654 0.145463 0.147617
6.36796 8 0.14492 0.143919 0.14592
6.42688 8 0.144921 0.143944 0.145899
6.48634 8 0.144681 0.143737 0.145625
6.54636 8 0.145101 0.144124 0.146078
6.60693 8 0.143972 0.143065 0.14488
6.66807 8 0.143319 0.142492 0.144146
6.72977 8 0.14352 0.14256 0.14448
6.79204 8 0.143137 0.142209 0.144065
6.85488 8 0.142525 0.141651 0.143398
6.91831 8 0.14269 0.141835 0.143546
6.98232 8 0.142461 0.141613 0.143309
7.04693 8 0.142192 0.141356 0.143029
7.11214 8 0.142185 0.141367 0.143004
7.17794 8 0.140981 0.14024 0.141723
7.24436 8 0.1411 0.140361 0.141839
7.31139 8 0.141802 0.14093 0.142673
7.37904 8 0.140344 0.139603 0.141085
7.44732 8 0.140025 0.139352 0.140698
7.51623 8 0.140892 0.140095 0.14169
7.58578 8 0.140182 0.139471 0.140893
7.65597 8 0.139399 0.138722 0.140076
7.72681 8 0.1389 0.138234 0.139566
7.7983 8 0.139414 0.138736 0.140093
7.87046 8 0.139081 0.138407 0.139754
7.94328 8 0.138679 0.137925 0.139432
8.01678 8 0.138564 0.137942 0.139185
8.09096 8 0.138545 0.137871 0.139219
8.16582 8 0.138781 0.138055 0.139506
8.24138 8 0.13752 0.136927 0.138114
8.31764 8 0.137276 0.136696 0.137856
8.3946 8 0.137719 0.13708 0.138359
8.47227 8 0.137366 0.136791 0.137941
8.55067 8 0.137393 0.136798 0.137989
8.62979 8 0.136848 0.136268 0.137428
8.70964 8 0.137046 0.136462 0.13763
8.79023 8 0.136351 0.135845 0.136858
8.87156 8 0.136401 0.135876 0.136926
8.95365 8 0.136059 0.135526 0.136593
9.03649 8 0.136021 0.13549 0.136553
9.12011 8 0.135867 0.135356 0.136378
9.2045 8 0.135399 0.134898 0.135901
9.28966 8 0.134929 0.134465 0.135393
9.37562 8 0.134957 0.134486 0.135428
9.46237 8 0.135293 0.134827 0.13576
9.54993 8 0.134714 0.134263 0.135166
9.63829 8 0.134823 0.134361 0.135284
9.72747 8 0.134742 0.134267 0.135218
9.81748 8 0.134319 0.133873 0.134764
9.90832 8 0.134153 0.133745 0.13456
10 8 0.13443 0.133967 0.134894
10.0925 8 0.134457 0.134001 0.134912
10.1859 8 0.133847 0.133446 0.134249
10.2802 8 0.134008 0.133559 0.134456
10.3753 8 0.133168 0.132784 0.133552
10.4713 8 0.133564 0.13316 0.133967
10.5682 8 0.133353 0.13299 0.133716
10.666 8 0.132923 0.132553 0.133294
10.7647 8 0.133166 0.132792 0.13354
10.8643 8 0.132737 0.132361 0.133113
10.9648 8 0.132631 0.132287 0.132974
11.0662 8 0.132384 0.132041 0.132727
11.1686 8 0.132712 0.132339 0.133086
11.272 8 0.132826 0.132456 0.133195
11.3763 8 0.132157 0.131827 0.132487
11.4815 8 0.132225 0.131888 0.132561
11.5878 8 0.131969 0.13165 0.132288
11.695 8 0.132088 0.131741 0.132434
11.8032 8 0.131913 0.131588 0.132238
11.9124 8 0.131883 0.131555 0.132211
12.0226 8 0.131646 0.13134 0.131952
12.1339 8 0.13165 0.131361 0.13194
12.2462 8 0.131495 0.1312 0.13179
12.3595 8 0.131783 0.131486 0.13208
12.4738 8 0.131219 0.130922 0.131516
12.5893 8 0.131088 0.130821 0.131356
12.7057 8 0.131271 0.130964 0.131578
12.8233 8 0.130789 0.130534 0.131045
12.942 8 0.131091 0.130809 0.131374
13.0617 8 0.130486 0.130256 0.130717
13.1826 8 0.130741 0.130483 0.131
13.3045 8 0.130701 0.130439 0.130963
13.4276 8 0.130732 0.130457 0.131008
13.5519 8 0.130341 0.130094 0.130589
13.6773 8 0.130328 0.130085 0.130571
13.8038 8 0.130126 0.12989 0.130362
13.9316 8 0.130198 0.129967 0.130428
14.0605 8 0.130216 0.129978 0.130454
14.1906 8 0.130245 0.130008 0.130482
14.3219 8 0.130132 0.129896 0.130369
14.4544 8 0.129919 0.129695 0.130142
14.5881 8 0.129888 0.129659 0.130116
14.7231 8 0.12998 0.129769 0.130192
14.8594 8 0.12963 0.129432 0.129828
14.9968 8 0.129499 0.129302 0.129696
15.1356 8 0.129587 0.129382 0.129793
15.2757 8 0.129626 0.129427 0.129825
15.417 8 0.129453 0.129257 0.129648
15.5597 8 0.129344 0.129165 0.129523
15.7036 8 0.129456 0.129262 0.12965
15.8489 8 0.129326 0.129134 0.129518
15.9956 8 0.129193 0.129013 0.129372
16.1436 8 0.129128 0.128945 0.129311
16.293 8 0.129152 0.128978 0.129326
16.4437 8 0.129065 0.128887 0.129243
16.5959 8 0.129069 0.128895 0.129243
16.7494 8 0.129132 0.128951 0.129314
16.9044 8 0.128951 0.128782 0.12912
17.0608 8 0.128897 0.128718 0.129076
17.2187 8 0.128801 0.12864 0.128963
17.378 8 0.12883 0.128656 0.129004
17.5388 8 0.128766 0.128605 0.128928
17.7011 8 0.128665 0.128509 0.128821
17.8649 8 0.128683 0.12853 0.128836
18.0302 8 0.128627 0.12848 0.128775
18.197 8 0.128458 0.128303 0.128613
18.3654 8 0.128441 0.128298 0.128584
18.5353 8 0.128459 0.128311 0.128608
18.7068 8 0.128487 0.128344 0.12863
18.8799 8 0.128197 0.128066 0.128328
19.0546 8 0.128417 0.128283 0.128551
19.2309 8 0.128249 0.128111 0.128387
19.4089 8 0.12817 0.128038 0.128301
19.5884 8 0.128308 0.128171 0.128444
19.7697 8 0.128234 0.128101 0.128367
19.9526 8 0.128219 0.128088 0.12835
20.1372 8 0.128141 0.128012 0.128269
20.3236 8 0.128101 0.127974 0.128229
20.5116 8 0.128106 0.127967 0.128245
20.7014 8 0.128068 0.127939 0.128197
20.893 8 0.127872 0.127754 0.12799
21.0863 8 0.127944 0.127816 0.128071
21.2814 8 0.127815 0.127701 0.127929
21.4783 8 0.127837 0.127725 0.127949
21.677 8 0.127758 0.127651 0.127865
21.8776 8 0.127766 0.127654 0.127877
22.08 8 0.127829 0.127714 0.127944
22.2844 8 0.127821 0.127707 0.127936
22.4905 8 0.127628 0.127525 0.127732
22.6986 8 0.127649 0.127544 0.127754
22.9087 8 0.12765 0.127545 0.127755
23.1206 8 0.127535 0.127432 0.127639
23.3346 8 0.127628 0.127516 0.127739
23.5505 8 0.12764 0.127529 0.12775
23.7684 8 0.127594 0.127493 0.127696
23.9883 8 0.127508 0.127408 0.127608
24.2103 8 0.127438 0.127339 0.127537
24.4343 8 0.127531 0.127432 0.127629
24.6604 8 0.127385 0.127287 0.127482
24.8886 8 0.127457 0.127356 0.127558
25.1189 8 0.127399 0.127307 0.127491
25.3513 8 0.127353 0.127266 0.12744
25.5859 8 0.127368 0.127277 0.127458
25.8226 8 0.127315 0.127226 0.127403
26.0615 8 0.12733 0.127236 0.127424
26.3027 8 0.127259 0.12717 0.127347
26.5461 8 0.127225 0.127141 0.127308
26.7917 8 0.127259 0.127162 0.127355
27.0396 8 0.127192 0.127107 0.127277
27.2898 8 0.127198 0.127106 0.127291
27.5423 8 0.127194 0.127113 0.127275
27.7971 8 0.127158 0.127074 0.127241
28.0543 8 0.127094 0.127013 0.127175
28.3139 8 0.127119 0.127043 0.127195
28.5759 8 0.127139 0.127058 0.127219
28.8403 8 0.127098 0.127014 0.127181
29.1072 8 0.12706 0.126981 0.12714
29.3765 8 0.127031 0.126953 0.127108
29.6483 8 0.127001 0.126926 0.127076
29.9226 8 0.127094 0.127015 0.127174
30.1995 8 0.126964 0.126892 0.127036
30.4789 8 0.126936 0.126863 0.127008
30.761 8 0.126981 0.126909 0.127054
31.0456 8 0.12695 0.126877 0.127023
31.3329 8 0.126939 0.126872 0.127007
31.6228 8 0.126894 0.126823 0.126964
31.9154 8 0.126963 0.126888 0.127037
32.2107 8 0.126904 0.126834 0.126973
32.5087 8 0.126878 0.126811 0.126944
32.8095 8 0.126845 0.126776 0.126914
33.1131 8 0.126845 0.126775 0.126915
33.4195 8 0.12679 0.126726 0.126855
33.7287 8 0.126793 0.126732 0.126854
34.0408 8 0.126786 0.126721 0.126852
34.3558 8 0.126784 0.126718 0.126849
34.6737 8 0.126742 0.126682 0.126803
34.9945 8 0.126827 0.126762 0.126891
35.3183 8 0.12674 0.126677 0.126802
35.6451 8 0.126763 0.1267 0.126826
35.9749 8 0.126724 0.12666 0.126788
36.3078 8 0.126704 0.126646 0.126762
36.6438 8 0.126676 0.126615 0.126737
36.9828 8 0.126669 0.126607 0.12673
37.325 8 0.126662 0.126606 0.126717
37.6704 8 0.126663 0.126603 0.126723
38.0189 8 0.126642 0.126585 0.1267
38.3707 8 0.126648 0.126591 0.126704
38.7258 8 0.126625 0.126569 0.126681
39.0841 8 0.12663 0.126573 0.126688
39.4457 8 0.126671 0.126608 0.126733
39.8107 8 0.126565 0.12651 0.12662
40.1791 8 0.126579 0.126523 0.126635
40.5509 8 0.126576 0.126521 0.126631
40.9261 8 0.126571 0.126516 0.126627
41.3048 8 0.126562 0.126508 0.126617
41.6869 8 0.126586 0.126529 0.126642
42.0727 8 0.126509 0.126456 0.126561
42.462 8 0.12654 0.126487 0.126594
42.8549 8 0.126505 0.12645 0.12656
43.2514 8 0.12659 0.126533 0.126646
43.6516 8 0.126499 0.126444 0.126553
44.0555 8 0.126509 0.126455 0.126563
44.4631 8 0.126485 0.126432 0.126537
44.8745 8 0.126503 0.126449 0.126557
45.2898 8 0.126469 0.126419 0.12652
45.7088 8 0.126528 0.126472 0.126583
46.1318 8 0.126472 0.12642 0.126524
46.5586 8 0.126471 0.12642 0.126523
46.9894 8 0.126461 0.126411 0.126511
47.4242 8 0.126438 0.126389 0.126486
47.863 8 0.126415 0.126366 0.126465
48.3059 8 0.126429 0.12638 0.126478
48.7528 8 0.126441 0.126393 0.126489
49.204 8 0.126455 0.126405 0.126506
49.6592 8 0.126402 0.126355 0.12645
50.1187 8 0.126422 0.126371 0.126474
50.5825 8 0.126426 0.126377 0.126475
51.0505 8 0.126358 0.126312 0.126403
51.5229 8 0.126377 0.12633 0.126424
51.9996 8 0.126402 0.126353 0.126451
52.4807 8 0.12642 0.126368 0.126471
52.9663 8 0.126398 0.126349 0.126446
53.4564 8 0.126387 0.126337 0.126436
53.9511 8 0.126376 0.12633 0.126422
54.4503 8 0.126372 0.126326 0.126417
54.9541 8 0.126353 0.126307 0.126399
55.4626 8 0.126367 0.126321 0.126413
55.9758 8 0.126335 0.126291 0.12638
56.4937 8 0.126346 0.126302 0.12639
57.0164 8 0.126323 0.126278 0.126369
57.544 8 0.126328 0.126285 0.126371
58.0764 8 0.126328 0.126282 0.126374
58.6138 8 0.126314 0.126269 0.12636
59.1562 8 0.126299 0.126255 0.126344
59.7035 8 0.126303 0.12626 0.126346
60.256 8 0.126341 0.126297 0.126386
60.8135 8 0.126322 0.126273 0.12637
61.3762 8 0.126304 0.126261 0.126346
61.9441 8 0.126306 0.126263 0.126349
62.5173 8 0.126289 0.126243 0.126334
63.0957 8 0.126282 0.126239 0.126326
63.6796 8 0.126345 0.126299 0.12639
64.2688 8 0.126271 0.12623 0.126312
64.8634 8 0.126295 0.126252 0.126338
65.4636 8 0.126261 0.12622 0.126302
66.0693 8 0.126274 0.12623 0.126318
66.6807 8 0.126246 0.126205 0.126288
67.2977 8 0.126296 0.126253 0.12634
67.9204 8 0.126275 0.126233 0.126317
68.5488 8 0.126275 0.126233 0.126318
69.1831 8 0.126286 0.126242 0.126329
69.8232 8 0.126283 0.12624 0.126325
70.4693 8 0.126292 0.126248 0.126337
71.1214 8 0.126253 0.126212 0.126294
71.7794 8 0.126175 0.126136 0.126215
72.4436 8 0.126277 0.126235 0.126319
73.1139 8 0.126229 0.126186 0.126273
73.7904 8 0.126261 0.126219 0.126304
74.4732 8 0.126235 0.126193 0.126277
75.1623 8 0.126196 0.126155 0.126238
75.8578 8 0.126226 0.126185 0.126267
76.5597 8 0.126281 0.126236 0.126325
77.2681 8 0.126259 0.126215 0.126303
77.983 8 0.126213 0.126175 0.126252
78.7046 8 0.126202 0.126163 0.126241
79.4328 8 0.126251 0.12621 0.126291
80.1678 8 0.126221 0.126182 0.126261
80.9096 8 0.126235 0.126195 0.126275
81.6582 8 0.126212 0.126173 0.126252
82.4138 8 0.126255 0.126211 0.126299
83.1764 8 0.126209 0.126169 0.12625
83.946 8 0.12621 0.126169 0.126251
84.7227 8 0.126223 0.126183 0.126263
85.5067 8 0.126224 0.126181 0.126267
86.2979 8 0.126238 0.126198 0.126279
87.0964 8 0.126195 0.126155 0.126235
87.9023 8 0.126196 0.126157 0.126234
88.7156 8 0.126224 0.126184 0.126265
89.5365 8 0.126213 0.126173 0.126253
90.3649 8 0.12617 0.126131 0.126209
91.2011 8 0.126236 0.126194 0.126279
92.045 8 0.126186 0.126147 0.126225
92.8966 8 0.126175 0.126135 0.126214
93.7562 8 0.126161 0.126122 0.1262
94.6237 8 0.126219 0.126178 0.126259
95.4993 8 0.126185 0.126146 0.126223
96.3829 8 0.126205 0.126165 0.126245
97.2747 8 0.126189 0.126149 0.126229
98.1748 8 0.126145 0.126107 0.126184
99.0832 8 0.126187 0.126146 0.126228
