//tau lambda mean lower_bound upper_bound
0.01 1 1 1 1
0.0100925 1 1 1 1
0.0101859 1 1 1 1
0.0102802 1 1 1 1
0.0103753 1 1 1 1
0.0104713 1 1 1 1
0.0105682 1 1 1 1
0.010666 1 1 1 1
0.0107647 1 1 1 1
0.0108643 1 1 1 1
0.0109648 1 1 1 1
0.0110662 1 1 1 1
0.0111686 1 1 1 1
0.011272 1 1 1 1
0.0113763 1 1 1 1
0.0114815 1 1 1 1
0.0115878 1 1 1 1
0.011695 1 1 1 1
0.0118032 1 1 1 1
0.0119124 1 1 1 1
0.0120226 1 1 1 1
0.0121339 1 1 1 1
0.0122462 1 1 1 1
0.0123595 1 1 1 1
0.0124738 1 1 1 1
0.0125893 1 1 1 1
0.0127057 1 1 1 1
0.0128233 1 1 1 1
0.012942 1 1 1 1
0.0130617 1 1 1 1
0.0131826 1 1 1 1
0.0133045 1 1 1 1
0.0134276 1 1 1 1
0.0135519 1 1 1 1
0.0136773 1 1 1 1
0.0138038 1 1 1 1
0.0139316 1 1 1 1
0.0140605 1 1 1 1
0.0141906 1 1 1 1
0.0143219 1 1 1 1
0.0144544 1 1 1 1
0.0145881 1 1 1 1
0.0147231 1 1 1 1
0.0148594 1 1 1 1
0.0149968 1 1 1 1
0.0151356 1 1 1 1
0.0152757 1 1 1 1
0.015417 1 1 1 1
0.0155597 1 1 1 1
0.0157036 1 1 1 1
0.0158489 1 1 1 1
0.0159956 1 1 1 1
0.0161436 1 1 1 1
0.016293 1 1 1 1
0.0164437 1 1 1 1
0.0165959 1 1 1 1
0.0167494 1 1 1 1
0.0169044 1 1 1 1
0.0170608 1 1 1 1
0.0172187 1 1 1 1
0.017378 1 1 1 1
0.0175388 1 1 1 1
0.0177011 1 1 1 1
0.0178649 1 1 1 1
0.0180302 1 1 1 1
0.018197 1 1 1 1
0.0183654 1 1 1 1
0.0185353 1 1 1 1
0.0187068 1 1 1 1
0.0188799 1 1 1 1
0.0190546 1 1 1 1
0.0192309 1 1 1 1
0.0194089 1 1 1 1
0.0195884 1 1 1 1
0.0197697 1 1 1 1
0.0199526 1 1 1 1
0.0201372 1 1 1 1
0.0203236 1 1 1 1
0.0205116 1 1 1 1
0.0207014 1 1 1 1
0.020893 1 1 1 1
0.0210863 1 1 1 1
0.0212814 1 1 1 1
0.0214783 1 1 1 1
0.021677 1 1 1 1
0.0218776 1 1 1 1
0.02208 1 1 1 1
0.0222844 1 1 1 1
0.0224905 1 1 1 1
0.0226986 1 1 1 1
0.0229087 1 1 1 1
0.0231206 1 1 1 1
0.0233346 1 1 1 1
0.0235505 1 1 1 1
0.0237684 1 1 1 1
0.0239883 1 1 1 1
0.0242103 1 1 1 1
0.0244343 1 1 1 1
0.0246604 1 1 1 1
0.0248886 1 1 1 1
0.0251189 1 1 1 1
0.0253513 1 1 1 1
0.0255859 1 1 1 1
0.0258226 1 1 1 1
0.0260615 1 1 1 1
0.0263027 1 1 1 1
0.0265461 1 1 1 1
0.0267917 1 1 1 1
0.0270396 1 1 1 1
0.0272898 1 1 1 1
0.0275423 1 1 1 1
0.0277971 1 1 1 1
0.0280543 1 1 1 1
0.0283139 1 1 1 1
0.0285759 1 1 1 1
0.0288403 1 1 1 1
0.0291072 1 1 1 1
0.0293765 1 1 1 1
0.0296483 1 1 1 1
0.0299226 1 1 1 1
0.0301995 1 1 1 1
0.0304789 1 1 1 1
0.030761 1 1 1 1
0.0310456 1 1 1 1
0.0313329 1 1 1 1
0.0316228 1 1 1 1
0.0319154 1 1 1 1
0.0322107 1 1 1 1
0.0325087 1 1 1 1
0.0328095 1 1 1 1
0.0331131 1 1 1 1
0.0334195 1 1 1 1
0.0337287 1 1 1 1
0.0340408 1 1 1 1
0.0343558 1 1 1 1
0.0346737 1 1 1 1
0.0349945 1 1 1 1
0.0353183 1 1 1 1
0.0356451 1 1 1 1
0.0359749 1 1 1 1
0.0363078 1 1 1 1
0.0366438 1 1 1 1
0.0369828 1 1 1 1
0.037325 1 1 1 1
0.0376704 1 1 1 1
0.0380189 1 1 1 1
0.0383707 1 1 1 1
0.0387258 1 1 1 1
0.0390841 1 1 1 1
0.0394457 1 1 1 1
0.0398107 1 1 1 1
0.0401791 1 1 1 1
0.0405509 1 1 1 1
0.0409261 1 1 1 1
0.0413048 1 1 1 1
0.0416869 1 1 1 1
0.0420727 1 1 1 1
0.042462 1 1 1 1
0.0428549 1 1 1 1
0.0432514 1 1 1 1
0.0436516 1 1 1 1
0.0440555 1 1 1 1
0.0444631 1 1 1 1
0.0448745 1 1 1 1
0.0452898 1 1 1 1
0.0457088 1 1 1 1
0.0461318 1 1 1 1
0.0465586 1 1 1 1
0.0469894 1 1 1 1
0.0474242 1 1 1 1
0.047863 1 1 1 1
0.0483059 1 1 1 1
0.0487528 1 1 1 1
0.049204 1 1 1 1
0.0496592 1 1 1 1
0.0501187 1 1 1 1
0.0505825 1 1 1 1
0.0510505 1 1 1 1
0.0515229 1 1 1 1
0.0519996 1 1 1 1
0.0524807 1 1 1 1
0.0529663 1 1 1 1
0.0534564 1 1 1 1
0.0539511 1 1 1 1
0.0544503 1 1 1 1
0.0549541 1 1 1 1
0.0554626 1 1 1 1
0.0559758 1 1 1 1
0.0564937 1 1 1 1
0.0570164 1 1 1 1
0.057544 1 1 1 1
0.0580764 1 1 1 1
0.0586138 1 1 1 1
0.0591562 1 1 1 1
0.0597035 1 1 1 1
0.060256 1 1 1 1
0.0608135 1 1 1 1
0.0613762 1 1 1 1
0.0619441 1 1 1 1
0.0625173 2 1 1 1
0.0630957 2 1 1 1
0.0636796 2 1 1 1
0.0642688 2 1 1 1
0.0648634 2 1 1 1
0.0654636 2 1 1 1
0.0660693 2 0.999999 0.999999 0.999999
0.0666807 2 0.999999 0.999999 0.999999
0.0672977 2 0.999999 0.999999 0.999999
0.0679204 2 0.999999 0.999999 0.999999
0.0685488 2 0.999999 0.999999 0.999999
0.0691831 2 0.999999 0.999999 0.999999
0.0698232 2 0.999999 0.999999 0.999999
0.0704693 2 0.999999 0.999999 0.999999
0.0711214 2 0.999998 0.999998 0.999998
0.0717794 2 0.999998 0.999998 0.999998
0.0724436 2 0.999998 0.999998 0.999998
0.0731139 2 0.999998 0.999998 0.999998
0.0737904 2 0.999997 0.999997 0.999997
0.0744732 2 0.999997 0.999997 0.999997
0.0751623 2 0.999997 0.999997 0.999997
0.0758578 2 0.999996 0.999996 0.999996
0.0765597 2 0.999996 0.999996 0.999996
0.0772681 2 0.999995 0.999995 0.999995
0.077983 2 0.999995 0.999995 0.999995
0.0787046 2 0.999994 0.999994 0.999994
0.0794328 2 0.999993 0.999993 0.999993
0.0801678 2 0.999992 0.999992 0.999992
0.0809096 2 0.999991 0.999991 0.999991
0.0816582 2 0.99999 0.99999 0.99999
0.0824138 2 0.999989 0.999989 0.999989
0.0831764 2 0.999988 0.999988 0.999988
0.083946 2 0.999987 0.999986 0.999987
0.0847227 2 0.999985 0.999985 0.999985
0.0855067 2 0.999983 0.999983 0.999983
0.0862979 2 0.999981 0.999981 0.999981
0.0870964 2 0.999979 0.999979 0.999979
0.0879023 2 0.999977 0.999977 0.999977
0.0887156 2 0.999974 0.999974 0.999975
0.0895365 2 0.999971 0.999971 0.999972
0.0903649 2 0.999968 0.999968 0.999969
0.0912011 2 0.999965 0.999965 0.999965
0.092045 2 0.999961 0.999961 0.999962
0.0928966 2 0.999957 0.999957 0.999958
0.0937562 2 0.999953 0.999952 0.999953
0.0946237 2 0.999948 0.999948 0.999948
0.0954993 2 0.999943 0.999942 0.999943
0.0963829 2 0.999937 0.999937 0.999938
0.0972747 2 0.999931 0.99993 0.999931
0.0981748 2 0.999923 0.999923 0.999924
0.0990832 2 0.999916 0.999915 0.999917
0.1 2 0.999909 0.999908 0.99991
0.100925 2 0.9999 0.999899 0.999901
0.101859 2 0.999891 0.99989 0.999892
0.102802 2 0.999879 0.999878 0.99988
0.103753 2 0.999867 0.999866 0.999868
0.104713 2 0.999856 0.999854 0.999857
0.105682 2 0.999843 0.999841 0.999844
0.10666 2 0.99983 0.999828 0.999831
0.107647 2 0.999814 0.999812 0.999815
0.108643 2 0.999797 0.999795 0.999799
0.109648 2 0.999781 0.999779 0.999783
0.110662 2 0.99976 0.999757 0.999762
0.111686 2 0.999739 0.999736 0.999741
0.11272 2 0.999716 0.999714 0.999719
0.113763 2 0.999692 0.999689 0.999694
0.114815 2 0.999668 0.999665 0.999671
0.115878 2 0.999639 0.999636 0.999642
0.11695 2 0.999609 0.999605 0.999612
0.118032 2 0.999576 0.999573 0.99958
0.119124 2 0.999544 0.99954 0.999548
0.120226 2 0.999508 0.999504 0.999513
0.121339 2 0.99947 0.999465 0.999475
0.122462 2 0.999424 0.999419 0.999429
0.123595 2 0.999383 0.999378 0.999388
0.124738 3 0.999335 0.999329 0.999341
0.125893 3 0.999282 0.999276 0.999289
0.127057 3 0.999226 0.999219 0.999233
0.128233 3 0.99917 0.999163 0.999178
0.12942 3 0.999111 0.999104 0.999119
0.130617 3 0.999053 0.999045 0.999061
0.131826 3 0.998973 0.998964 0.998982
0.133045 3 0.998901 0.998891 0.998911
0.134276 3 0.998821 0.99881 0.998831
0.135519 3 0.998747 0.998737 0.998758
0.136773 3 0.998653 0.998641 0.998666
0.138038 3 0.998558 0.998545 0.998571
0.139316 3 0.998454 0.998439 0.998468
0.140605 3 0.998355 0.99834 0.99837
0.141906 3 0.998249 0.998233 0.998265
0.143219 3 0.998127 0.998111 0.998143
0.144544 3 0.997992 0.997974 0.99801
0.145881 3 0.997884 0.997865 0.997903
0.147231 3 0.997734 0.997715 0.997753
0.148594 3 0.997597 0.997576 0.997617
0.149968 3 0.997439 0.997417 0.997462
0.151356 3 0.997273 0.99725 0.997297
0.152757 3 0.997113 0.997088 0.997138
0.15417 3 0.996926 0.996901 0.996952
0.155597 3 0.996742 0.996713 0.996771
0.157036 3 0.99652 0.99649 0.996551
0.158489 3 0.996377 0.996346 0.996408
0.159956 3 0.996136 0.996101 0.99617
0.161436 3 0.995874 0.995838 0.995911
0.16293 3 0.995676 0.995638 0.995714
0.164437 3 0.995384 0.995344 0.995424
0.165959 3 0.995153 0.995111 0.995195
0.167494 3 0.994882 0.99484 0.994924
0.169044 3 0.994561 0.994512 0.99461
0.170608 3 0.994217 0.994167 0.994267
0.172187 3 0.993917 0.993864 0.99397
0.17378 3 0.993588 0.993533 0.993642
0.175388 3 0.993294 0.993233 0.993356
0.177011 3 0.992874 0.992812 0.992936
0.178649 3 0.992552 0.992487 0.992617
0.180302 3 0.992116 0.992046 0.992186
0.18197 3 0.991738 0.991668 0.991808
0.183654 3 0.991258 0.99118 0.991335
0.185353 3 0.990866 0.990786 0.990947
0.187068 4 0.990506 0.990424 0.990589
0.188799 4 0.989864 0.989769 0.98996
0.190546 4 0.989413 0.989321 0.989505
0.192309 4 0.988994 0.988894 0.989093
0.194089 4 0.988396 0.988298 0.988494
0.195884 4 0.987769 0.987662 0.987876
0.197697 4 0.987286 0.987178 0.987394
0.199526 4 0.98661 0.986496 0.986724
0.201372 4 0.985973 0.985845 0.9861
0.203236 4 0.985271 0.985142 0.985399
0.205116 4 0.98473 0.984595 0.984865
0.207014 4 0.983985 0.983848 0.984122
0.20893 4 0.983311 0.983166 0.983456
0.210863 4 0.98238 0.982223 0.982536
0.212814 4 0.98173 0.981569 0.98189
0.214783 4 0.980958 0.980797 0.981118
0.21677 4 0.980281 0.980114 0.980447
0.218776 4 0.979288 0.979116 0.979461
0.2208 4 0.978358 0.978169 0.978547
0.222844 4 0.977289 0.977093 0.977484
0.224905 4 0.97647 0.976278 0.976662
0.226986 4 0.975767 0.975562 0.975973
0.229087 4 0.974757 0.974544 0.97497
0.231206 4 0.973717 0.973484 0.973951
0.233346 4 0.97273 0.972494 0.972966
0.235505 4 0.971443 0.971201 0.971686
0.237684 4 0.970281 0.970028 0.970535
0.239883 4 0.969157 0.968888 0.969427
0.242103 4 0.967926 0.967652 0.9682
0.244343 4 0.966981 0.966703 0.96726
0.246604 4 0.965602 0.965315 0.965889
0.248886 5 0.96417 0.96387 0.964471
0.251189 5 0.96295 0.962648 0.963252
0.253513 5 0.961677 0.96136 0.961993
0.255859 5 0.960517 0.960191 0.960842
0.258226 5 0.958857 0.958511 0.959203
0.260615 5 0.95747 0.957109 0.957831
0.263027 5 0.955827 0.955451 0.956203
0.265461 5 0.954498 0.954123 0.954874
0.267917 5 0.952306 0.951916 0.952696
0.270396 5 0.951409 0.951015 0.951802
0.272898 5 0.949664 0.949234 0.950094
0.275423 5 0.947626 0.947189 0.948064
0.277971 5 0.946281 0.945837 0.946724
0.280543 5 0.944654 0.944197 0.945111
0.283139 5 0.942622 0.942173 0.943071
0.285759 5 0.940689 0.940203 0.941176
0.288403 5 0.939364 0.938863 0.939864
0.291072 5 0.937283 0.936765 0.937801
0.293765 5 0.935143 0.934618 0.935669
0.296483 5 0.932937 0.932407 0.933466
0.299226 5 0.931958 0.931411 0.932506
0.301995 5 0.928691 0.928142 0.92924
0.304789 5 0.926531 0.925952 0.92711
0.30761 5 0.925031 0.924464 0.925597
0.310456 5 0.922312 0.921691 0.922933
0.313329 6 0.920235 0.919615 0.920856
0.316228 6 0.918113 0.917481 0.918745
0.319154 6 0.915677 0.915023 0.916332
0.322107 6 0.913315 0.912612 0.914018
0.325087 6 0.910841 0.910148 0.911533
0.328095 6 0.908719 0.907992 0.909446
0.331131 6 0.906956 0.906238 0.907675
0.334195 6 0.903638 0.90287 0.904406
0.337287 6 0.90153 0.900771 0.90229
0.340408 6 0.898193 0.897419 0.898967
0.343558 6 0.895856 0.895066 0.896646
0.346737 6 0.893434 0.892612 0.894256
0.349945 6 0.89008 0.889247 0.890912
0.353183 6 0.887634 0.886775 0.888493
0.356451 6 0.885315 0.884447 0.886183
0.359749 6 0.882277 0.881397 0.883156
0.363078 6 0.879452 0.878565 0.88034
0.366438 6 0.877184 0.876266 0.878101
0.369828 6 0.874733 0.873811 0.875656
0.37325 6 0.871004 0.870045 0.871964
0.376704 7 0.868272 0.867336 0.869208
0.380189 7 0.865308 0.864324 0.866292
0.383707 7 0.861892 0.860916 0.862868
0.387258 7 0.85852 0.857502 0.859539
0.390841 7 0.85621 0.855189 0.857232
0.394457 7 0.851899 0.850825 0.852974
0.398107 7 0.848991 0.847952 0.85003
0.401791 7 0.846327 0.845225 0.84743
0.405509 7 0.842079 0.840937 0.843222
0.409261 7 0.839379 0.838247 0.840511
0.413048 7 0.836821 0.835673 0.837969
0.416869 7 0.832759 0.831562 0.833956
0.420727 7 0.828682 0.827493 0.82987
0.42462 7 0.824896 0.823718 0.826075
0.428549 7 0.822105 0.820965 0.823245
0.432514 7 0.818723 0.817499 0.819947
0.436516 7 0.815336 0.814131 0.816542
0.440555 8 0.811346 0.810122 0.81257
0.444631 8 0.807643 0.806363 0.808922
0.448745 8 0.804295 0.803005 0.805584
0.452898 8 0.799846 0.798547 0.801145
0.457088 8 0.797674 0.796352 0.798996
0.461318 8 0.794513 0.793141 0.795885
0.465586 8 0.790763 0.789375 0.79215
0.469894 8 0.786428 0.785055 0.787802
0.474242 8 0.782429 0.781028 0.783829
0.47863 8 0.779078 0.77767 0.780487
0.483059 8 0.775694 0.774284 0.777105
0.487528 8 0.769917 0.768459 0.771374
0.49204 8 0.766769 0.765372 0.768167
0.496592 8 0.764475 0.763019 0.765931
0.501187 8 0.759633 0.758121 0.761145
0.505825 8 0.755031 0.753582 0.75648
0.510505 8 0.751763 0.750265 0.753261
0.515229 8 0.747801 0.746346 0.749257
0.519996 8 0.743964 0.742449 0.745479
0.524807 8 0.740657 0.739175 0.742139
0.529663 8 0.734542 0.733014 0.736071
0.534564 8 0.732502 0.730934 0.73407
0.539511 8 0.728026 0.72649 0.729562
0.544503 8 0.724181 0.722644 0.725718
0.549541 8 0.721679 0.720032 0.723326
0.554626 8 0.716753 0.715179 0.718327
0.559758 8 0.712841 0.711209 0.714472
0.564937 8 0.708001 0.706387 0.709616
0.570164 8 0.703918 0.702306 0.70553
0.57544 8 0.701891 0.700321 0.703462
0.580764 8 0.69738 0.695728 0.699032
0.586138 8 0.693042 0.69139 0.694694
0.591562 8 0.687626 0.685937 0.689315
0.597035 8 0.683368 0.681771 0.684966
0.60256 8 0.680408 0.678728 0.682087
0.608135 8 0.675643 0.673963 0.677323
0.613762 8 0.669779 0.668074 0.671484
0.619441 8 0.667259 0.665537 0.668982
0.625173 8 0.663344 0.661659 0.665028
0.630957 8 0.658064 0.656367 0.659761
0.636796 8 0.655318 0.653554 0.657081
0.642688 8 0.651419 0.6497 0.653139
0.648634 8 0.647743 0.64606 0.649426
0.654636 8 0.642897 0.641137 0.644657
0.660693 8 0.638866 0.637185 0.640548
0.666807 8 0.632792 0.631145 0.634439
0.672977 8 0.63103 0.629288 0.632771
0.679204 8 0.625214 0.623418 0.62701
0.685488 8 0.623176 0.621466 0.624886
0.691831 8 0.616338 0.614671 0.618004
0.698232 8 0.616194 0.614497 0.617892
0.704693 8 0.609438 0.607795 0.61108
0.711214 8 0.606918 0.605248 0.608589
0.717794 8 0.601783 0.600045 0.603521
0.724436 8 0.59774 0.596024 0.599457
0.731139 8 0.593328 0.591575 0.595082
0.737904 8 0.590045 0.588318 0.591772
0.744732 8 0.58453 0.582806 0.586254
0.751623 8 0.579873 0.578186 0.581561
0.758578 8 0.577229 0.575541 0.578918
0.765597 8 0.57362 0.571936 0.575304
0.772681 8 0.567379 0.565657 0.5691
0.77983 8 0.56584 0.564122 0.567557
0.787046 8 0.562093 0.560424 0.563763
0.794328 8 0.556639 0.554976 0.558302
0.801678 8 0.554189 0.552519 0.555858
0.809096 8 0.549264 0.547543 0.550984
0.816582 8 0.54519 0.543557 0.546824
0.824138 8 0.54137 0.539687 0.543054
0.831764 8 0.538587 0.536935 0.540238
0.83946 8 0.533391 0.531744 0.535038
0.847227 8 0.530215 0.52858 0.531851
0.855067 8 0.525842 0.524197 0.527488
0.862979 8 0.521727 0.520056 0.523398
0.870964 8 0.520533 0.518872 0.522193
0.879023 8 0.515032 0.513355 0.516709
0.887156 8 0.509741 0.508086 0.511396
0.895365 8 0.508133 0.506488 0.509779
0.903649 8 0.50325 0.501627 0.504873
0.912011 8 0.499452 0.4979 0.501005
0.92045 8 0.496603 0.495046 0.49816
0.928966 8 0.491723 0.490144 0.493302
0.937562 8 0.486832 0.48524 0.488424
0.946237 8 0.485639 0.484012 0.487266
0.954993 8 0.481361 0.479797 0.482924
0.963829 8 0.477772 0.476257 0.479287
0.972747 8 0.474604 0.47304 0.476168
0.981748 8 0.469577 0.468011 0.471144
0.990832 8 0.467586 0.466004 0.469168
1 8 0.463024 0.461429 0.46462
1.00925 8 0.459078 0.45747 0.460685
1.01859 8 0.456172 0.454661 0.457683
1.02802 8 0.451872 0.450292 0.453452
1.03753 8 0.448423 0.44692 0.449926
1.04713 8 0.444399 0.442871 0.445926
1.05682 8 0.442134 0.44064 0.443628
1.0666 8 0.438753 0.437293 0.440212
1.07647 8 0.435207 0.433719 0.436696
1.08643 8 0.430684 0.429197 0.432171
1.09648 8 0.427395 0.425947 0.428844
1.10662 8 0.424091 0.422615 0.425566
1.11686 8 0.422128 0.420722 0.423534
1.1272 8 0.417304 0.415835 0.418773
1.13763 8 0.414627 0.413202 0.416053
1.14815 8 0.410546 0.409119 0.411973
1.15878 8 0.409088 0.407677 0.410499
1.1695 8 0.405029 0.403654 0.406404
1.18032 8 0.401573 0.400238 0.402909
1.19124 8 0.397945 0.396623 0.399268
1.20226 8 0.394939 0.393538 0.39634
1.21339 8 0.390674 0.389321 0.392027
1.22462 8 0.387727 0.386399 0.389056
1.23595 8 0.386121 0.38475 0.387491
1.24738 8 0.381678 0.380356 0.383
1.25893 8 0.379965 0.37862 0.381311
1.27057 8 0.376625 0.375338 0.377911
1.28233 8 0.373541 0.37225 0.374832
1.2942 8 0.370462 0.369209 0.371715
1.30617 8 0.367689 0.366442 0.368935
1.31826 8 0.365504 0.364227 0.366782
1.33045 8 0.362114 0.360891 0.363338
1.34276 8 0.358436 0.357208 0.359665
1.35519 8 0.354834 0.353633 0.356035
1.36773 8 0.352886 0.351701 0.354071
1.38038 8 0.350105 0.348946 0.351263
1.39316 8 0.348105 0.346908 0.349302
1.40605 8 0.344858 0.343674 0.346042
1.41906 8 0.341793 0.34062 0.342965
1.43219 8 0.339448 0.338276 0.340619
1.44544 8 0.336049 0.334919 0.33718
1.45881 8 0.333607 0.332438 0.334775
1.47231 8 0.331424 0.33027 0.332579
1.48594 8 0.328877 0.327795 0.32996
1.49968 8 0.325848 0.324768 0.326928
1.51356 8 0.322347 0.321267 0.323427
1.52757 8 0.320279 0.319183 0.321375
1.5417 8 0.317777 0.316695 0.31886
1.55597 8 0.314643 0.313566 0.315721
1.57036 8 0.313667 0.312589 0.314745
1.58489 8 0.310245 0.309151 0.31134
1.59956 8 0.308182 0.307152 0.309213
1.61436 8 0.305689 0.304672 0.306707
1.6293 8 0.303677 0.302648 0.304705
1.64437 8 0.3004 0.2994 0.3014
1.65959 8 0.298511 0.297506 0.299516
1.67494 8 0.295661 0.294699 0.296622
1.69044 8 0.294209 0.293236 0.295182
1.70608 8 0.291115 0.290165 0.292065
1.72187 8 0.28874 0.287799 0.28968
1.7378 8 0.286949 0.286015 0.287884
1.75388 8 0.284068 0.283125 0.285012
1.77011 8 0.282108 0.281212 0.283004
1.78649 8 0.279328 0.278415 0.280241
1.80302 8 0.278779 0.277862 0.279696
1.8197 8 0.276073 0.275198 0.276948
1.83654 8 0.273913 0.273039 0.274787
1.85353 8 0.271439 0.270536 0.272341
1.87068 8 0.269567 0.268722 0.270413
1.88799 8 0.267627 0.266763 0.268491
1.90546 8 0.265198 0.264371 0.266026
1.92309 8 0.262742 0.261904 0.263581
1.94089 8 0.261036 0.260195 0.261876
1.95884 8 0.25915 0.258362 0.259938
1.97697 8 0.257402 0.256583 0.258222
1.99526 8 0.255829 0.255041 0.256617
2.01372 8 0.253737 0.252928 0.254545
2.03236 8 0.251985 0.251196 0.252773
2.05116 8 0.249628 0.248837 0.250419
2.07014 8 0.24832 0.247542 0.249098
2.0893 8 0.246467 0.245708 0.247227
2.10863 8 0.24436 0.243608 0.245111
2.12814 8 0.243491 0.242737 0.244246
2.14783 8 0.241654 0.240917 0.242392
2.1677 8 0.239669 0.238941 0.240397
2.18776 8 0.237504 0.236779 0.238228
2.208 8 0.235976 0.235246 0.236705
2.22844 8 0.234363 0.233654 0.235073
2.24905 8 0.232014 0.231326 0.232702
2.26986 8 0.231604 0.230928 0.232279
2.29087 8 0.228715 0.228045 0.229385
2.31206 8 0.227566 0.226891 0.228241
2.33346 8 0.226476 0.225816 0.227135
2.35505 8 0.224777 0.224144 0.225411
2.37684 8 0.22311 0.222477 0.223744
2.39883 8 0.222298 0.221646 0.22295
2.42103 8 0.220152 0.219521 0.220782
2.44343 8 0.218627 0.217989 0.219264
2.46604 8 0.21764 0.216995 0.218284
2.48886 8 0.215905 0.215283 0.216527
2.51189 8 0.214615 0.214006 0.215224
2.53513 8 0.213399 0.212771 0.214027
2.55859 8 0.211862 0.211273 0.212452
2.58226 8 0.210532 0.209933 0.211132
2.60615 8 0.20886 0.208286 0.209433
2.63027 8 0.208384 0.207799 0.20897
2.65461 8 0.206913 0.206359 0.207467
2.67917 8 0.205061 0.204491 0.20563
2.70396 8 0.203671 0.203114 0.204228
2.72898 8 0.202994 0.202433 0.203555
2.75423 8 0.201323 0.200785 0.201861
2.77971 8 0.20062 0.200099 0.201141
2.80543 8 0.199154 0.198625 0.199684
2.83139 8 0.197631 0.197113 0.198149
2.85759 8 0.196946 0.19641 0.197481
2.88403 8 0.195639 0.195121 0.196157
2.91072 8 0.194805 0.194306 0.195304
2.93765 8 0.194114 0.193603 0.194624
2.96483 8 0.192117 0.191628 0.192607
2.99226 8 0.191162 0.190669 0.191655
3.01995 8 0.19002 0.189537 0.190503
3.04789 8 0.189298 0.188815 0.189782
3.0761 8 0.188206 0.187716 0.188697
3.10456 8 0.187014 0.186566 0.187463
3.13329 8 0.186118 0.185636 0.1866
3.16228 8 0.185018 0.184538 0.185498
3.19154 8 0.183842 0.183404 0.18428
3.22107 8 0.183225 0.182784 0.183667
3.25087 8 0.182118 0.181656 0.18258
3.28095 8 0.181393 0.180953 0.181832
3.31131 8 0.180487 0.180037 0.180937
3.34195 8 0.179367 0.17894 0.179795
3.37287 8 0.178575 0.178148 0.179001
3.40408 8 0.177478 0.177049 0.177907
3.43558 8 0.17696 0.176536 0.177384
3.46737 8 0.176019 0.175607 0.176431
3.49945 8 0.175352 0.174933 0.17577
3.53183 8 0.17462 0.174195 0.175046
3.56451 8 0.173959 0.173563 0.174355
3.59749 8 0.172937 0.172553 0.173321
3.63078 8 0.172105 0.171706 0.172504
3.66438 8 0.171237 0.170832 0.171643
3.69828 8 0.170603 0.170227 0.170979
3.7325 8 0.169809 0.169418 0.170199
3.76704 8 0.168845 0.168468 0.169223
3.80189 8 0.168384 0.168015 0.168753
3.83707 8 0.167515 0.167138 0.167893
3.87258 8 0.166965 0.166594 0.167336
3.90841 8 0.165922 0.165558 0.166286
3.94457 8 0.165205 0.164851 0.165559
3.98107 8 0.164939 0.164587 0.16529
4.01791 8 0.163847 0.163506 0.164188
4.05509 8 0.163177 0.162837 0.163516
4.09261 8 0.162959 0.162619 0.163298
4.13048 8 0.16216 0.161836 0.162485
4.16869 8 0.161588 0.161253 0.161924
4.20727 8 0.161109 0.160777 0.16144
4.2462 8 0.160389 0.160056 0.160722
4.28549 8 0.15971 0.159379 0.160042
4.32514 8 0.159133 0.158811 0.159455
4.36516 8 0.158486 0.158175 0.158798
4.40555 8 0.158185 0.157869 0.158502
4.44631 8 0.157677 0.157362 0.157992
4.48745 8 0.157051 0.15674 0.157362
4.52898 8 0.156552 0.156245 0.156858
4.57088 8 0.155736 0.155442 0.15603
4.61318 8 0.155432 0.155124 0.155739
4.65586 8 0.154831 0.154529 0.155133
4.69894 8 0.15438 0.154077 0.154682
4.74242 8 0.154044 0.153753 0.154335
4.7863 8 0.153418 0.153133 0.153704
4.83059 8 0.152948 0.15267 0.153227
4.87528 8 0.152407 0.15212 0.152695
4.9204 8 0.151946 0.151672 0.15222
4.96592 8 0.151528 0.151256 0.151801
5.01187 8 0.150912 0.150644 0.15118
5.05825 8 0.150751 0.150486 0.151016
5.10505 8 0.150231 0.149962 0.1505
5.15229 8 0.150037 0.149769 0.150305
5.19996 8 0.149403 0.149148 0.149659
5.24807 8 0.149053 0.148791 0.149315
5.29663 8 0.14875 0.148489 0.149012
5.34564 8 0.148341 0.148085 0.148597
5.39511 8 0.147933 0.147682 0.148185
5.44503 8 0.147588 0.147342 0.147834
5.49541 8 0.146933 0.146687 0.14718
5.54626 8 0.146653 0.14639 0.146915
5.59758 8 0.146443 0.146198 0.146688
5.64937 8 0.14586 0.14562 0.1461
5.70164 8 0.145692 0.145445 0.14594
5.7544 8 0.145428 0.145182 0.145673
5.80764 8 0.14491 0.144677 0.145143
5.86138 8 0.144641 0.144408 0.144875
5.91562 8 0.14437 0.144147 0.144594
5.97035 8 0.144055 0.143825 0.144284
6.0256 8 0.143508 0.14329 0.143726
6.08135 8 0.143145 0.142918 0.143372
6.13762 8 0.143128 0.14291 0.143345
6.19441 8 0.14301 0.142781 0.143239
6.25173 8 0.14252 0.142303 0.142737
6.30957 8 0.14214 0.141934 0.142346
6.36796 8 0.141841 0.141629 0.142053
6.42688 8 0.141557 0.141345 0.14177
6.48634 8 0.141245 0.14104 0.141451
6.54636 8 0.141006 0.140803 0.14121
6.60693 8 0.140847 0.140637 0.141057
6.66807 8 0.140647 0.140437 0.140856
6.72977 8 0.140442 0.14024 0.140644
6.79204 8 0.140105 0.139912 0.140298
6.85488 8 0.139754 0.139564 0.139945
6.91831 8 0.139516 0.139323 0.13971
6.98232 8 0.139222 0.139033 0.13941
7.04693 8 0.139175 0.138986 0.139363
7.11214 8 0.138705 0.138526 0.138884
7.17794 8 0.13856 0.138375 0.138745
7.24436 8 0.138389 0.138203 0.138574
7.31139 8 0.138242 0.138069 0.138416
7.37904 8 0.137922 0.137736 0.138108
7.44732 8 0.137883 0.137708 0.138058
7.51623 8 0.137357 0.137189 0.137525
7.58578 8 0.137409 0.137236 0.137582
7.65597 8 0.137063 0.136886 0.137239
7.72681 8 0.137035 0.136856 0.137214
7.7983 8 0.136791 0.136618 0.136963
7.87046 8 0.136517 0.136352 0.136683
7.94328 8 0.136365 0.136203 0.136526
8.01678 8 0.136354 0.13619 0.136519
8.09096 8 0.13591 0.135746 0.136075
8.16582 8 0.135697 0.135533 0.135862
8.24138 8 0.135703 0.135539 0.135868
8.31764 8 0.135359 0.135189 0.135529
8.3946 8 0.135363 0.135199 0.135527
8.47227 8 0.135135 0.134964 0.135305
8.55067 8 0.134972 0.134808 0.135136
8.62979 8 0.134817 0.134658 0.134976
8.70964 8 0.134574 0.134424 0.134724
8.79023 8 0.134498 0.13435 0.134647
8.87156 8 0.134451 0.1343 0.134601
8.95365 8 0.134183 0.134037 0.13433
9.03649 8 0.133958 0.133807 0.134109
9.12011 8 0.133897 0.133749 0.134045
9.2045 8 0.133814 0.133671 0.133957
9.28966 8 0.133418 0.133282 0.133554
9.37562 8 0.133279 0.133138 0.13342
9.46237 8 0.13338 0.133234 0.133527
9.54993 8 0.133278 0.133138 0.133418
9.63829 8 0.133129 0.132985 0.133273
9.72747 8 0.132956 0.132819 0.133092
9.81748 8 0.132961 0.132821 0.133101
9.90832 8 0.132735 0.132598 0.132872
10 8 0.132354 0.132221 0.132487
10.0925 8 0.132437 0.132306 0.132568
10.1859 8 0.13232 0.13219 0.132451
10.2802 8 0.132261 0.132131 0.132392
10.3753 8 0.132022 0.131891 0.132154
10.4713 8 0.132015 0.131882 0.132148
10.5682 8 0.131897 0.131769 0.132024
10.666 8 0.13179 0.131663 0.131917
10.7647 8 0.131714 0.131584 0.131844
10.8643 8 0.131601 0.131479 0.131724
10.9648 8 0.131567 0.131445 0.131689
11.0662 8 0.13129 0.131169 0.13141
11.1686 8 0.13128 0.13116 0.131401
11.272 8 0.131313 0.131196 0.13143
11.3763 8 0.131073 0.130954 0.131192
11.4815 8 0.131022 0.130903 0.13114
11.5878 8 0.130961 0.130844 0.131077
11.695 8 0.130832 0.130713 0.13095
11.8032 8 0.130712 0.130595 0.130829
11.9124 8 0.130628 0.130518 0.130738
12.0226 8 0.130488 0.13037 0.130606
12.1339 8 0.130621 0.130505 0.130738
12.2462 8 0.13045 0.130337 0.130563
12.3595 8 0.130274 0.130167 0.13038
12.4738 8 0.130262 0.130154 0.13037
12.5893 8 0.130293 0.130187 0.130399
12.7057 8 0.130113 0.130003 0.130222
12.8233 8 0.130089 0.129986 0.130193
12.942 8 0.130105 0.129995 0.130214
13.0617 8 0.129958 0.129855 0.130061
13.1826 8 0.129831 0.129729 0.129934
13.3045 8 0.12969 0.129588 0.129792
13.4276 8 0.129734 0.129635 0.129834
13.5519 8 0.129644 0.129543 0.129744
13.6773 8 0.129611 0.129506 0.129716
13.8038 8 0.129562 0.129461 0.129663
13.9316 8 0.12952 0.129418 0.129621
14.0605 8 0.129392 0.129296 0.129488
14.1906 8 0.129372 0.129272 0.129471
14.3219 8 0.129342 0.129241 0.129443
14.4544 8 0.129207 0.129109 0.129305
14.5881 8 0.129235 0.129141 0.129329
14.7231 8 0.129066 0.128973 0.12916
14.8594 8 0.129029 0.128933 0.129124
14.9968 8 0.129079 0.128986 0.129171
15.1356 8 0.128899 0.128808 0.12899
15.2757 8 0.128895 0.128806 0.128985
15.417 8 0.128868 0.128776 0.128959
15.5597 8 0.128827 0.128738 0.128916
15.7036 8 0.128763 0.128674 0.128852
15.8489 8 0.128756 0.128666 0.128846
15.9956 8 0.128663 0.128572 0.128754
16.1436 8 0.128626 0.128537 0.128715
16.293 8 0.128603 0.128519 0.128687
16.4437 8 0.128527 0.128439 0.128614
16.5959 8 0.128465 0.128378 0.128553
16.7494 8 0.128334 0.128254 0.128414
16.9044 8 0.128372 0.128292 0.128453
17.0608 8 0.128391 0.128307 0.128475
17.2187 8 0.128258 0.128173 0.128343
17.378 8 0.128246 0.128164 0.128327
17.5388 8 0.128214 0.128135 0.128294
17.7011 8 0.128145 0.128068 0.128222
17.8649 8 0.128114 0.128034 0.128194
18.0302 8 0.128097 0.128019 0.128176
18.197 8 0.128065 0.127987 0.128143
18.3654 8 0.12802 0.127942 0.128099
18.5353 8 0.127948 0.127874 0.128022
18.7068 8 0.12799 0.127916 0.128064
18.8799 8 0.127914 0.12784 0.127987
19.0546 8 0.127892 0.127815 0.127968
19.2309 8 0.127832 0.127757 0.127906
19.4089 8 0.127804 0.12773 0.127878
19.5884 8 0.127781 0.127707 0.127856
19.7697 8 0.127766 0.12769 0.127843
19.9526 8 0.127751 0.127678 0.127825
20.1372 8 0.127756 0.127679 0.127832
20.3236 8 0.127736 0.127661 0.127811
20.5116 8 0.127684 0.127609 0.127759
20.7014 8 0.127604 0.127529 0.127678
20.893 8 0.127618 0.127548 0.127689
21.0863 8 0.127615 0.127539 0.12769
21.2814 8 0.1275 0.127433 0.127567
21.4783 8 0.127506 0.127436 0.127575
21.677 8 0.127481 0.127409 0.127553
21.8776 8 0.127456 0.127388 0.127524
22.08 8 0.127425 0.127357 0.127492
22.2844 8 0.127314 0.12725 0.127378
22.4905 8 0.127436 0.12737 0.127502
22.6986 8 0.127326 0.12726 0.127392
22.9087 8 0.127397 0.127324 0.12747
23.1206 8 0.127379 0.12731 0.127447
23.3346 8 0.127265 0.127201 0.127328
23.5505 8 0.12726 0.127196 0.127323
23.7684 8 0.127243 0.127178 0.127308
23.9883 8 0.127233 0.12717 0.127296
24.2103 8 0.127214 0.127149 0.127279
24.4343 8 0.12719 0.127127 0.127253
24.6604 8 0.127177 0.127115 0.127239
24.8886 8 0.127163 0.127099 0.127226
25.1189 8 0.127178 0.127118 0.127239
25.3513 8 0.127198 0.127135 0.12726
25.5859 8 0.127038 0.126979 0.127097
25.8226 8 0.127073 0.127011 0.127135
26.0615 8 0.127018 0.126957 0.127079
26.3027 8 0.127059 0.127001 0.127117
26.5461 8 0.12706 0.126998 0.127122
26.7917 8 0.127037 0.126976 0.127098
27.0396 8 0.12702 0.126959 0.127081
27.2898 8 0.126914 0.126857 0.12697
27.5423 8 0.126967 0.126909 0.127024
27.7971 8 0.127005 0.126944 0.127066
28.0543 8 0.126932 0.126872 0.126992
28.3139 8 0.126843 0.126787 0.1269
28.5759 8 0.126849 0.126795 0.126904
28.8403 8 0.126917 0.126858 0.126977
29.1072 8 0.126864 0.126808 0.12692
29.3765 8 0.126872 0.126816 0.126928
29.6483 8 0.126821 0.126765 0.126877
29.9226 8 0.126869 0.126812 0.126926
30.1995 8 0.126846 0.126785 0.126907
30.4789 8 0.126794 0.126739 0.12685
30.761 8 0.126803 0.126748 0.126857
31.0456 8 0.126782 0.126726 0.126837
31.3329 8 0.126774 0.126721 0.126826
31.6228 8 0.126754 0.126698 0.12681
31.9154 8 0.126821 0.126761 0.126881
32.2107 8 0.126728 0.126675 0.126782
32.5087 8 0.126693 0.126642 0.126744
32.8095 8 0.126725 0.12667 0.12678
33.1131 8 0.126702 0.126649 0.126755
33.4195 8 0.126659 0.126605 0.126713
33.7287 8 0.126675 0.126623 0.126728
34.0408 8 0.126657 0.126602 0.126712
34.3558 8 0.12662 0.126565 0.126674
34.6737 8 0.126629 0.126576 0.126682
34.9945 8 0.126641 0.126587 0.126695
35.3183 8 0.126613 0.126563 0.126664
35.6451 8 0.126604 0.126555 0.126654
35.9749 8 0.126628 0.126576 0.12668
36.3078 8 0.126587 0.126534 0.126639
36.6438 8 0.126556 0.126508 0.126605
36.9828 8 0.12658 0.12653 0.126631
37.325 8 0.126551 0.126501 0.126601
37.6704 8 0.126556 0.126509 0.126604
38.0189 8 0.126519 0.126469 0.126569
38.3707 8 0.126551 0.126503 0.1266
38.7258 8 0.126556 0.126507 0.126606
39.0841 8 0.126531 0.126481 0.12658
39.4457 8 0.126498 0.126449 0.126546
39.8107 8 0.126546 0.126498 0.126594
40.1791 8 0.126504 0.126458 0.126551
40.5509 8 0.126508 0.126458 0.126557
40.9261 8 0.126497 0.126449 0.126545
41.3048 8 0.12645 0.126406 0.126494
41.6869 8 0.126451 0.126404 0.126498
42.0727 8 0.126479 0.126432 0.126526
42.462 8 0.126456 0.12641 0.126503
42.8549 8 0.126467 0.126419 0.126514
43.2514 8 0.126473 0.126427 0.12652
43.6516 8 0.126422 0.126378 0.126466
44.0555 8 0.126438 0.12639 0.126486
44.4631 8 0.126469 0.126424 0.126514
44.8745 8 0.126379 0.126333 0.126424
45.2898 8 0.126381 0.126338 0.126425
45.7088 8 0.126404 0.126357 0.126451
46.1318 8 0.126433 0.126386 0.126479
46.5586 8 0.126392 0.126348 0.126436
46.9894 8 0.126353 0.126311 0.126395
47.4242 8 0.126413 0.126368 0.126459
47.863 8 0.12634 0.126298 0.126382
48.3059 8 0.126374 0.126329 0.126419
48.7528 8 0.126364 0.126319 0.126409
49.204 8 0.126384 0.126338 0.126429
49.6592 8 0.126351 0.126308 0.126394
50.1187 8 0.126328 0.126285 0.126371
50.5825 8 0.126357 0.126311 0.126402
51.0505 8 0.126349 0.126302 0.126395
51.5229 8 0.12631 0.126269 0.126351
51.9996 8 0.126344 0.1263 0.126388
52.4807 8 0.126343 0.126301 0.126385
52.9663 8 0.126305 0.126262 0.126348
53.4564 8 0.126337 0.126293 0.126381
53.9511 8 0.126283 0.126241 0.126325
54.4503 8 0.126294 0.126251 0.126337
54.9541 8 0.12632 0.126276 0.126364
55.4626 8 0.12631 0.126267 0.126352
55.9758 8 0.126287 0.126244 0.126329
56.4937 8 0.126298 0.126254 0.126342
57.0164 8 0.126302 0.126258 0.126346
57.544 8 0.126315 0.126272 0.126359
58.0764 8 0.126279 0.126236 0.126321
58.6138 8 0.126296 0.126255 0.126338
59.1562 8 0.126274 0.126233 0.126316
59.7035 8 0.126311 0.126268 0.126354
60.256 8 0.12632 0.126277 0.126363
60.8135 8 0.126285 0.126243 0.126327
61.3762 8 0.12624 0.1262 0.12628
61.9441 8 0.126232 0.126191 0.126273
62.5173 8 0.126261 0.126218 0.126304
63.0957 8 0.126232 0.126192 0.126273
63.6796 8 0.126254 0.126213 0.126295
64.2688 8 0.126258 0.126218 0.126298
64.8634 8 0.126242 0.126202 0.126281
65.4636 8 0.126251 0.126208 0.126294
66.0693 8 0.126251 0.126211 0.126291
66.6807 8 0.126219 0.126179 0.126258
67.2977 8 0.12624 0.126201 0.126279
67.9204 8 0.126244 0.126202 0.126285
68.5488 8 0.126213 0.126172 0.126253
69.1831 8 0.126243 0.126202 0.126284
69.8232 8 0.126215 0.126174 0.126255
70.4693 8 0.126224 0.126182 0.126266
71.1214 8 0.126232 0.126193 0.126272
71.7794 8 0.126183 0.126144 0.126223
72.4436 8 0.126215 0.126175 0.126256
73.1139 8 0.126223 0.126183 0.126263
73.7904 8 0.126217 0.126176 0.126257
74.4732 8 0.126207 0.126165 0.126248
75.1623 8 0.12618 0.12614 0.12622
75.8578 8 0.126231 0.126192 0.126271
76.5597 8 0.126237 0.126197 0.126278
77.2681 8 0.126186 0.126146 0.126225
77.983 8 0.126218 0.126178 0.126258
78.7046 8 0.126247 0.126206 0.126287
79.4328 8 0.126228 0.126188 0.126268
80.1678 8 0.126177 0.126138 0.126216
80.9096 8 0.126189 0.126147 0.12623
81.6582 8 0.126175 0.126137 0.126213
82.4138 8 0.1262 0.126161 0.126239
83.1764 8 0.126208 0.126168 0.126248
83.946 8 0.126177 0.126139 0.126214
84.7227 8 0.126233 0.126193 0.126272
85.5067 8 0.126177 0.12614 0.126215
86.2979 8 0.126174 0.126135 0.126213
87.0964 8 0.126182 0.126144 0.12622
87.9023 8 0.126148 0.12611 0.126186
88.7156 8 0.126208 0.126167 0.126248
89.5365 8 0.12618 0.126141 0.126218
90.3649 8 0.126211 0.126171 0.126251
91.2011 8 0.126137 0.126101 0.126173
92.045 8 0.126164 0.126124 0.126203
92.8966 8 0.126159 0.126122 0.126196
93.7562 8 0.126161 0.126122 0.1262
94.6237 8 0.126141 0.126102 0.126179
95.4993 8 0.126147 0.126108 0.126185
96.3829 8 0.126175 0.126136 0.126214
97.2747 8 0.126145 0.126106 0.126183
98.1748 8 0.126192 0.126152 0.126231
99.0832 8 0.126137 0.126097 0.126176
