//tau lambda mean lower_bound upper_bound
0.01 1.178 0.990283 0.98678 0.993786
0.0100925 1.188 0.989627 0.985991 0.993263
0.0101859 1.142 0.991878 0.988559 0.995197
0.0102802 1.175 0.985941 0.981692 0.99019
0.0103753 1.159 0.991312 0.988048 0.994576
0.0104713 1.163 0.991626 0.988463 0.994789
0.0105682 1.175 0.993081 0.990264 0.995898
0.010666 1.186 0.991303 0.98807 0.994537
0.0107647 1.181 0.986159 0.981978 0.99034
0.0108643 1.176 0.986745 0.982481 0.991009
0.0109648 1.187 0.987333 0.98331 0.991357
0.0110662 1.169 0.992135 0.989082 0.995189
0.0111686 1.191 0.990303 0.986823 0.993784
0.011272 1.183 0.992239 0.989174 0.995304
0.0113763 1.192 0.987465 0.983682 0.991248
0.0114815 1.182 0.987887 0.983948 0.991825
0.0115878 1.198 0.98698 0.982988 0.990973
0.011695 1.183 0.98902 0.985367 0.992674
0.0118032 1.185 0.989966 0.986654 0.993279
0.0119124 1.21 0.984134 0.979404 0.988864
0.0120226 1.195 0.987994 0.984314 0.991673
0.0121339 1.201 0.985507 0.980969 0.990044
0.0122462 1.218 0.983468 0.978601 0.988336
0.0123595 1.197 0.985739 0.981592 0.989886
0.0124738 1.195 0.986686 0.982557 0.990816
0.0125893 1.214 0.987914 0.984028 0.991801
0.0127057 1.237 0.985129 0.980815 0.989444
0.0128233 1.185 0.988776 0.985067 0.992485
0.012942 1.216 0.988499 0.984724 0.992273
0.0130617 1.215 0.986745 0.982742 0.990748
0.0131826 1.203 0.989327 0.985654 0.993
0.0133045 1.213 0.984 0.979381 0.988619
0.0134276 1.201 0.987253 0.98306 0.991445
0.0135519 1.215 0.985582 0.981265 0.989899
0.0136773 1.246 0.984259 0.979782 0.988735
0.0138038 1.209 0.988442 0.984866 0.992018
0.0139316 1.211 0.987558 0.983632 0.991483
0.0140605 1.239 0.988294 0.98446 0.992127
0.0141906 1.214 0.988275 0.984399 0.992151
0.0143219 1.231 0.987133 0.9832 0.991066
0.0144544 1.245 0.984638 0.980058 0.989217
0.0145881 1.272 0.982397 0.977663 0.987131
0.0147231 1.238 0.983474 0.978792 0.988157
0.0148594 1.244 0.985663 0.981497 0.989829
0.0149968 1.221 0.98901 0.985496 0.992524
0.0151356 1.226 0.987289 0.983353 0.991226
0.0152757 1.243 0.98498 0.980661 0.989299
0.015417 1.249 0.98631 0.982217 0.990402
0.0155597 1.252 0.986245 0.981943 0.990547
0.0157036 1.266 0.98316 0.978672 0.987647
0.0158489 1.251 0.985503 0.981286 0.98972
0.0159956 1.271 0.985493 0.981301 0.989686
0.0161436 1.268 0.982491 0.977792 0.987191
0.016293 1.263 0.985512 0.981442 0.989581
0.0164437 1.273 0.982855 0.978185 0.987524
0.0165959 1.278 0.985144 0.980986 0.989301
0.0167494 1.284 0.981656 0.976937 0.986375
0.0169044 1.279 0.982185 0.977471 0.986899
0.0170608 1.277 0.98153 0.976621 0.986439
0.0172187 1.257 0.985137 0.980848 0.989427
0.017378 1.281 0.984627 0.98034 0.988915
0.0175388 1.269 0.985212 0.980906 0.989518
0.0177011 1.295 0.985008 0.980802 0.989214
0.0178649 1.313 0.979286 0.974118 0.984453
0.0180302 1.295 0.977629 0.97234 0.982917
0.018197 1.305 0.980211 0.975107 0.985315
0.0183654 1.32 0.978281 0.97309 0.983471
0.0185353 1.309 0.979653 0.974574 0.984731
0.0187068 1.31 0.981704 0.976798 0.98661
0.0188799 1.322 0.976752 0.971183 0.982321
0.0190546 1.301 0.981096 0.976198 0.985993
0.0192309 1.304 0.980748 0.975948 0.985548
0.0194089 1.331 0.979354 0.974003 0.984705
0.0195884 1.339 0.978322 0.973111 0.983534
0.0197697 1.302 0.977603 0.972373 0.982833
0.0199526 1.319 0.981196 0.976493 0.985898
0.0201372 1.325 0.981623 0.976894 0.986352
0.0203236 1.299 0.982853 0.978335 0.987371
0.0205116 1.332 0.981757 0.976975 0.986539
0.0207014 1.335 0.97631 0.97084 0.98178
0.020893 1.323 0.983537 0.979193 0.987881
0.0210863 1.313 0.983705 0.979149 0.98826
0.0212814 1.351 0.97971 0.974812 0.984608
0.0214783 1.365 0.977744 0.972535 0.982952
0.021677 1.369 0.975538 0.969826 0.981249
0.0218776 1.382 0.97899 0.974067 0.983913
0.02208 1.365 0.9796 0.974627 0.984572
0.0222844 1.358 0.980543 0.975543 0.985543
0.0224905 1.379 0.982233 0.977647 0.986819
0.0226986 1.349 0.977479 0.972157 0.982802
0.0229087 1.357 0.98201 0.977357 0.986663
0.0231206 1.351 0.976242 0.97085 0.981633
0.0233346 1.359 0.973164 0.967071 0.979258
0.0235505 1.383 0.974216 0.96863 0.979802
0.0237684 1.36 0.977782 0.972655 0.982908
0.0239883 1.355 0.978033 0.972881 0.983185
0.0242103 1.377 0.978027 0.972817 0.983238
0.0244343 1.332 0.980725 0.975786 0.985663
0.0246604 1.384 0.971274 0.965085 0.977464
0.0248886 1.366 0.977829 0.972617 0.98304
0.0251189 1.426 0.974733 0.96925 0.980216
0.0253513 1.386 0.978779 0.973653 0.983905
0.0255859 1.398 0.979794 0.974804 0.984783
0.0258226 1.387 0.976603 0.971199 0.982006
0.0260615 1.443 0.974513 0.968923 0.980104
0.0263027 1.419 0.978351 0.973325 0.983378
0.0265461 1.424 0.975322 0.969748 0.980897
0.0267917 1.411 0.977549 0.97241 0.982687
0.0270396 1.449 0.97103 0.964897 0.977164
0.0272898 1.411 0.974435 0.968592 0.980279
0.0275423 1.452 0.972831 0.967064 0.978597
0.0277971 1.462 0.972557 0.966761 0.978352
0.0280543 1.467 0.975442 0.97026 0.980624
0.0283139 1.423 0.975379 0.9698 0.980957
0.0285759 1.474 0.972457 0.966729 0.978185
0.0288403 1.443 0.975066 0.969685 0.980446
0.0291072 1.499 0.967118 0.96076 0.973477
0.0293765 1.46 0.973122 0.967484 0.978761
0.0296483 1.465 0.972392 0.966628 0.978156
0.0299226 1.467 0.969993 0.963725 0.976262
0.0301995 1.486 0.979202 0.974548 0.983855
0.0304789 1.524 0.970768 0.965137 0.976399
0.030761 1.472 0.973209 0.967546 0.978872
0.0310456 1.511 0.972064 0.966343 0.977785
0.0313329 1.527 0.972658 0.966949 0.978368
0.0316228 1.512 0.965609 0.959308 0.971909
0.0319154 1.535 0.967771 0.961498 0.974045
0.0322107 1.525 0.969642 0.963673 0.975611
0.0325087 1.499 0.969705 0.963575 0.975836
0.0328095 1.488 0.967799 0.961568 0.974031
0.0331131 1.586 0.966133 0.959901 0.972366
0.0334195 1.584 0.966893 0.960731 0.973055
0.0337287 1.508 0.967864 0.96178 0.973947
0.0340408 1.538 0.964082 0.957456 0.970709
0.0343558 1.586 0.965973 0.959407 0.972539
0.0346737 1.569 0.970096 0.964068 0.976124
0.0349945 1.594 0.96672 0.960313 0.973126
0.0353183 1.552 0.967248 0.960902 0.973594
0.0356451 1.572 0.969445 0.963371 0.975519
0.0359749 1.557 0.964464 0.958109 0.970819
0.0363078 1.575 0.96628 0.960053 0.972506
0.0366438 1.577 0.964408 0.957931 0.970885
0.0369828 1.598 0.961764 0.955052 0.968477
0.037325 1.617 0.96395 0.957259 0.970642
0.0376704 1.588 0.964683 0.957967 0.9714
0.0380189 1.64 0.958995 0.952076 0.965914
0.0383707 1.642 0.960066 0.953035 0.967098
0.0387258 1.611 0.959097 0.952018 0.966176
0.0390841 1.624 0.961432 0.954527 0.968337
0.0394457 1.61 0.967782 0.961662 0.973901
0.0398107 1.627 0.960209 0.953453 0.966965
0.0401791 1.651 0.963883 0.957436 0.97033
0.0405509 1.673 0.962913 0.956428 0.969398
0.0409261 1.663 0.954291 0.946916 0.961665
0.0413048 1.663 0.956984 0.949902 0.964066
0.0416869 1.671 0.959758 0.952708 0.966809
0.0420727 1.666 0.956376 0.949038 0.963714
0.042462 1.686 0.957309 0.95022 0.964398
0.0428549 1.705 0.957816 0.950637 0.964996
0.0432514 1.656 0.954403 0.946981 0.961824
0.0436516 1.728 0.957762 0.950605 0.964919
0.0440555 1.688 0.955029 0.947802 0.962257
0.0444631 1.723 0.949701 0.941716 0.957687
0.0448745 1.666 0.95915 0.952048 0.966251
0.0452898 1.757 0.952641 0.945116 0.960166
0.0457088 1.74 0.957928 0.950996 0.96486
0.0461318 1.757 0.950784 0.942854 0.958714
0.0465586 1.702 0.9557 0.948467 0.962933
0.0469894 1.679 0.958849 0.951912 0.965787
0.0474242 1.798 0.948284 0.940225 0.956344
0.047863 1.799 0.951261 0.943645 0.958877
0.0483059 1.798 0.951784 0.944433 0.959136
0.0487528 1.738 0.952853 0.945396 0.960311
0.049204 1.82 0.952388 0.945055 0.95972
0.0496592 1.789 0.948203 0.940379 0.956026
0.0501187 1.807 0.954187 0.946943 0.96143
0.0505825 1.855 0.94703 0.939122 0.954938
0.0510505 1.845 0.949412 0.941812 0.957013
0.0515229 1.819 0.942429 0.934072 0.950785
0.0519996 1.849 0.949026 0.941299 0.956752
0.0524807 1.848 0.953498 0.946128 0.960867
0.0529663 1.869 0.947761 0.940157 0.955366
0.0534564 1.814 0.954651 0.947362 0.96194
0.0539511 1.881 0.944459 0.93632 0.952598
0.0544503 1.848 0.951061 0.943449 0.958673
0.0549541 1.86 0.945678 0.93773 0.953625
0.0554626 1.877 0.949698 0.9421 0.957297
0.0559758 1.869 0.946318 0.938202 0.954434
0.0564937 1.871 0.942029 0.933733 0.950326
0.0570164 1.933 0.947665 0.939898 0.955432
0.057544 1.909 0.954435 0.947339 0.961531
0.0580764 1.87 0.947153 0.939253 0.955054
0.0586138 1.967 0.947537 0.939596 0.955479
0.0591562 1.937 0.939246 0.931061 0.947431
0.0597035 1.956 0.938409 0.930043 0.946775
0.060256 1.982 0.936754 0.928073 0.945436
0.0608135 1.988 0.938022 0.929353 0.94669
0.0613762 1.951 0.946303 0.938595 0.954011
0.0619441 2.019 0.93678 0.928227 0.945334
0.0625173 1.998 0.941155 0.933019 0.94929
0.0630957 2.014 0.937394 0.92881 0.945978
0.0636796 2.057 0.946983 0.939519 0.954447
0.0642688 2.018 0.939163 0.930732 0.947593
0.0648634 2.053 0.92617 0.916891 0.935448
0.0654636 2.08 0.930333 0.921332 0.939333
0.0660693 2.095 0.933385 0.924822 0.941948
0.0666807 2.077 0.932093 0.922966 0.94122
0.0672977 2.109 0.93797 0.929626 0.946313
0.0679204 2.085 0.927767 0.918718 0.936816
0.0685488 2.16 0.933574 0.924853 0.942295
0.0691831 2.105 0.930795 0.922059 0.939532
0.0698232 2.124 0.936945 0.928739 0.945151
0.0704693 2.14 0.938174 0.929893 0.946454
0.0711214 2.15 0.928741 0.919724 0.937758
0.0717794 2.207 0.923764 0.914394 0.933134
0.0724436 2.165 0.937542 0.929116 0.945967
0.0731139 2.255 0.927637 0.918712 0.936562
0.0737904 2.223 0.936349 0.927722 0.944975
0.0744732 2.212 0.91868 0.909177 0.928183
0.0751623 2.183 0.931986 0.9232 0.940772
0.0758578 2.218 0.922159 0.913135 0.931183
0.0765597 2.25 0.927607 0.918833 0.93638
0.0772681 2.22 0.927811 0.918621 0.937
0.077983 2.231 0.923961 0.914571 0.93335
0.0787046 2.276 0.921181 0.911888 0.930473
0.0794328 2.238 0.936572 0.928293 0.944851
0.0801678 2.332 0.925638 0.916698 0.934578
0.0809096 2.242 0.925151 0.915934 0.934368
0.0816582 2.303 0.929141 0.919993 0.938289
0.0824138 2.361 0.922269 0.913173 0.931365
0.0831764 2.405 0.91611 0.906499 0.925721
0.083946 2.349 0.922526 0.91331 0.931742
0.0847227 2.382 0.916538 0.906942 0.926134
0.0855067 2.403 0.919037 0.909805 0.928269
0.0862979 2.393 0.919126 0.90974 0.928512
0.0870964 2.353 0.913928 0.904116 0.923741
0.0879023 2.434 0.91345 0.903717 0.923182
0.0887156 2.433 0.913674 0.903799 0.923549
0.0895365 2.428 0.907279 0.897168 0.91739
0.0903649 2.425 0.919664 0.91025 0.929079
0.0912011 2.405 0.91448 0.904948 0.924013
0.092045 2.44 0.908797 0.898814 0.91878
0.0928966 2.554 0.907481 0.897522 0.917439
0.0937562 2.504 0.913052 0.903347 0.922757
0.0946237 2.495 0.915299 0.905774 0.924824
0.0954993 2.505 0.916698 0.907277 0.92612
0.0963829 2.563 0.910466 0.90067 0.920261
0.0972747 2.562 0.904744 0.894604 0.914883
0.0981748 2.572 0.915596 0.905864 0.925328
0.0990832 2.561 0.908513 0.89878 0.918245
0.1 2.603 0.906819 0.896718 0.916919
0.100925 2.67 0.910104 0.900361 0.919846
0.101859 2.605 0.910299 0.900574 0.920023
0.102802 2.629 0.908906 0.898876 0.918936
0.103753 2.737 0.907251 0.897112 0.917391
0.104713 2.733 0.897844 0.887343 0.908345
0.105682 2.625 0.901724 0.891769 0.911679
0.10666 2.69 0.907703 0.897677 0.917729
0.107647 2.733 0.897957 0.887716 0.908198
0.108643 2.737 0.89475 0.884167 0.905334
0.109648 2.792 0.898495 0.888284 0.908706
0.110662 2.723 0.899636 0.889194 0.910079
0.111686 2.793 0.887556 0.876565 0.898546
0.11272 2.801 0.897578 0.886921 0.908236
0.113763 2.739 0.896013 0.885268 0.906758
0.114815 2.842 0.891549 0.880697 0.9024
0.115878 2.845 0.896 0.885597 0.906402
0.11695 2.86 0.892335 0.881592 0.903079
0.118032 2.912 0.885943 0.874987 0.896899
0.119124 2.859 0.8876 0.876839 0.898362
0.120226 2.861 0.90447 0.894578 0.914361
0.121339 2.912 0.888587 0.877978 0.899197
0.122462 2.895 0.88727 0.876327 0.898213
0.123595 2.992 0.887701 0.876774 0.898628
0.124738 3.023 0.878668 0.867463 0.889872
0.125893 2.956 0.892645 0.8823 0.902991
0.127057 3.068 0.886079 0.875277 0.89688
0.128233 2.95 0.894491 0.883999 0.904983
0.12942 3.067 0.879273 0.867897 0.890649
0.130617 3.129 0.893062 0.882536 0.903589
0.131826 3.133 0.881631 0.870885 0.892376
0.133045 3.126 0.887241 0.876574 0.897908
0.134276 3.193 0.873354 0.862296 0.884412
0.135519 3.165 0.87764 0.866526 0.888754
0.136773 3.22 0.870416 0.858714 0.882117
0.138038 3.222 0.872054 0.860842 0.883266
0.139316 3.257 0.860058 0.848118 0.871998
0.140605 3.213 0.88006 0.869009 0.891112
0.141906 3.28 0.869174 0.857545 0.880802
0.143219 3.29 0.863076 0.851556 0.874597
0.144544 3.305 0.866878 0.855301 0.878455
0.145881 3.351 0.855923 0.844214 0.867633
0.147231 3.285 0.8757 0.86465 0.88675
0.148594 3.451 0.874698 0.863549 0.885848
0.149968 3.35 0.861652 0.850078 0.873226
0.151356 3.425 0.86454 0.85299 0.87609
0.152757 3.379 0.865145 0.853343 0.876948
0.15417 3.408 0.86444 0.852875 0.876005
0.155597 3.455 0.862156 0.850409 0.873903
0.157036 3.475 0.861911 0.850316 0.873505
0.158489 3.528 0.862136 0.850149 0.874124
0.159956 3.57 0.848891 0.836811 0.86097
0.161436 3.585 0.854315 0.84235 0.86628
0.16293 3.585 0.858227 0.846531 0.869922
0.164437 3.596 0.859156 0.847815 0.870497
0.165959 3.734 0.832677 0.820209 0.845145
0.167494 3.564 0.859948 0.848122 0.871774
0.169044 3.714 0.837355 0.82489 0.84982
0.170608 3.714 0.845765 0.8337 0.85783
0.172187 3.771 0.84628 0.834299 0.858261
0.17378 3.705 0.85494 0.842818 0.867062
0.175388 3.861 0.84055 0.828216 0.852884
0.177011 3.795 0.841488 0.82923 0.853747
0.178649 3.815 0.836219 0.824027 0.848412
0.180302 3.858 0.844197 0.832095 0.856298
0.18197 3.863 0.846947 0.83496 0.858933
0.183654 3.975 0.830573 0.817982 0.843163
0.185353 4.024 0.82943 0.817258 0.841601
0.187068 3.962 0.833393 0.820975 0.84581
0.188799 3.95 0.844633 0.832654 0.856612
0.190546 4.056 0.824934 0.812228 0.83764
0.192309 3.914 0.836282 0.82382 0.848745
0.194089 4.056 0.838474 0.826256 0.850693
0.195884 4.076 0.82722 0.814799 0.839641
0.197697 4.058 0.813782 0.800637 0.826928
0.199526 4.198 0.810375 0.797306 0.823445
0.201372 4.212 0.830056 0.817659 0.842453
0.203236 4.18 0.820678 0.80782 0.833536
0.205116 4.215 0.821229 0.808549 0.83391
0.207014 4.291 0.821869 0.809337 0.834402
0.20893 4.255 0.821236 0.808426 0.834047
0.210863 4.368 0.822872 0.810543 0.8352
0.212814 4.354 0.805754 0.792683 0.818824
0.214783 4.341 0.813832 0.801109 0.826555
0.21677 4.397 0.821245 0.80857 0.833919
0.218776 4.427 0.824278 0.81189 0.836666
0.2208 4.525 0.802544 0.789594 0.815495
0.222844 4.431 0.816104 0.803538 0.828671
0.224905 4.449 0.808292 0.795186 0.821397
0.226986 4.62 0.808851 0.795841 0.821861
0.229087 4.63 0.79324 0.779878 0.806602
0.231206 4.669 0.795217 0.782121 0.808313
0.233346 4.613 0.800781 0.787759 0.813803
0.235505 4.699 0.796364 0.783278 0.809449
0.237684 4.726 0.78879 0.775515 0.802066
0.239883 4.762 0.796731 0.783762 0.8097
0.242103 4.861 0.801763 0.788799 0.814727
0.244343 4.786 0.792241 0.778945 0.805537
0.246604 4.843 0.788752 0.775583 0.801922
0.248886 4.903 0.791469 0.778097 0.80484
0.251189 4.835 0.793716 0.780507 0.806925
0.253513 4.896 0.783634 0.770297 0.796972
0.255859 5.034 0.775858 0.762524 0.789191
0.258226 5.032 0.783138 0.770001 0.796274
0.260615 5.123 0.779857 0.766663 0.793051
0.263027 5.091 0.778708 0.76546 0.791955
0.265461 5.1 0.783401 0.77012 0.796682
0.267917 5.101 0.769036 0.755701 0.782372
0.270396 5.207 0.774714 0.761025 0.788403
0.272898 5.255 0.773275 0.760178 0.786371
0.275423 5.274 0.779649 0.766359 0.792939
0.277971 5.252 0.768352 0.754917 0.781787
0.280543 5.34 0.772733 0.759445 0.786022
0.283139 5.351 0.760266 0.746811 0.773721
0.285759 5.343 0.76895 0.755279 0.78262
0.288403 5.479 0.770189 0.756663 0.783716
0.291072 5.465 0.756232 0.742297 0.770167
0.293765 5.417 0.758605 0.744853 0.772358
0.296483 5.538 0.757523 0.743964 0.771081
0.299226 5.608 0.752401 0.73859 0.766211
0.301995 5.632 0.742659 0.728602 0.756716
0.304789 5.633 0.749802 0.736149 0.763455
0.30761 5.649 0.752325 0.738516 0.766135
0.310456 5.719 0.755543 0.741952 0.769133
0.313329 5.654 0.756679 0.743183 0.770176
0.316228 5.763 0.748133 0.734209 0.762058
0.319154 5.837 0.737057 0.72309 0.751024
0.322107 5.821 0.737544 0.723755 0.751333
0.325087 5.806 0.734039 0.719783 0.748295
0.328095 5.932 0.738001 0.724068 0.751935
0.331131 6 0.721756 0.70789 0.735623
0.334195 5.901 0.73406 0.720019 0.748102
0.337287 5.98 0.730447 0.716698 0.744196
0.340408 5.984 0.740207 0.726138 0.754277
0.343558 6.079 0.717584 0.703514 0.731655
0.346737 6.142 0.719046 0.70489 0.733203
0.349945 6.237 0.718775 0.704969 0.732581
0.353183 6.224 0.706218 0.692329 0.720107
0.356451 6.153 0.718548 0.704471 0.732626
0.359749 6.187 0.719354 0.705333 0.733374
0.363078 6.19 0.710175 0.696258 0.724092
0.366438 6.308 0.71577 0.701647 0.729893
0.369828 6.383 0.711409 0.697444 0.725374
0.37325 6.322 0.70567 0.691484 0.719856
0.376704 6.486 0.693963 0.68008 0.707847
0.380189 6.414 0.705425 0.691417 0.719433
0.383707 6.515 0.70263 0.68835 0.716909
0.387258 6.574 0.695547 0.681585 0.709509
0.390841 6.544 0.70117 0.687206 0.715134
0.394457 6.616 0.69825 0.684501 0.711998
0.398107 6.64 0.691614 0.677717 0.705511
0.401791 6.712 0.680005 0.665935 0.694074
0.405509 6.677 0.687665 0.67364 0.701691
0.409261 6.715 0.679433 0.665179 0.693687
0.413048 6.75 0.67187 0.657685 0.686054
0.416869 6.792 0.671087 0.656796 0.685378
0.420727 6.838 0.681931 0.667551 0.69631
0.42462 6.851 0.677484 0.663448 0.69152
0.428549 6.917 0.664736 0.650819 0.678653
0.432514 6.981 0.673983 0.659759 0.688206
0.436516 6.92 0.6587 0.644735 0.672665
0.440555 6.946 0.660297 0.64617 0.674424
0.444631 6.958 0.664007 0.649838 0.678176
0.448745 6.986 0.660273 0.645754 0.674793
0.452898 6.976 0.664573 0.650247 0.6789
0.457088 7.126 0.667539 0.653372 0.681705
0.461318 7.078 0.65521 0.640976 0.669444
0.465586 7.091 0.644218 0.629883 0.658554
0.469894 7.227 0.652476 0.6381 0.666853
0.474242 7.066 0.655865 0.641664 0.670066
0.47863 7.138 0.638482 0.624493 0.652472
0.483059 7.239 0.638103 0.624124 0.652082
0.487528 7.255 0.636393 0.622179 0.650607
0.49204 7.287 0.631768 0.61778 0.645755
0.496592 7.288 0.63935 0.625237 0.653464
0.501187 7.324 0.625425 0.611369 0.639481
0.505825 7.421 0.628683 0.614505 0.642861
0.510505 7.37 0.633491 0.619241 0.647742
0.515229 7.384 0.629904 0.615586 0.644223
0.519996 7.374 0.627252 0.612725 0.641779
0.524807 7.409 0.63396 0.619846 0.648074
0.529663 7.411 0.625466 0.611341 0.63959
0.534564 7.425 0.618043 0.603625 0.632461
0.539511 7.485 0.612696 0.598538 0.626854
0.544503 7.506 0.620507 0.606157 0.634856
0.549541 7.531 0.6074 0.593524 0.621276
0.554626 7.629 0.604535 0.590618 0.618453
0.559758 7.563 0.608823 0.594703 0.622942
0.564937 7.604 0.596638 0.582596 0.610679
0.570164 7.662 0.601299 0.587595 0.615002
0.57544 7.636 0.603908 0.590235 0.617581
0.580764 7.614 0.583408 0.569488 0.597329
0.586138 7.629 0.60575 0.591854 0.619647
0.591562 7.712 0.599023 0.585349 0.612697
0.597035 7.69 0.582688 0.568696 0.596681
0.60256 7.697 0.584673 0.571057 0.598288
0.608135 7.705 0.580392 0.56634 0.594443
0.613762 7.7 0.580742 0.566962 0.594522
0.619441 7.733 0.579518 0.565655 0.59338
0.625173 7.755 0.565964 0.552362 0.579565
0.630957 7.804 0.563852 0.550386 0.577319
0.636796 7.768 0.572084 0.558383 0.585786
0.642688 7.783 0.5668 0.553115 0.580486
0.648634 7.811 0.548917 0.535811 0.562023
0.654636 7.794 0.556935 0.543522 0.570348
0.660693 7.848 0.554876 0.541217 0.568536
0.666807 7.849 0.562518 0.548962 0.576073
0.672977 7.827 0.56006 0.546546 0.573573
0.679204 7.829 0.554563 0.540884 0.568243
0.685488 7.855 0.561366 0.547742 0.57499
0.691831 7.852 0.551492 0.537817 0.565168
0.698232 7.888 0.536707 0.523453 0.549962
0.704693 7.846 0.542884 0.529285 0.556482
0.711214 7.905 0.535628 0.522044 0.549212
0.717794 7.882 0.55187 0.538356 0.565383
0.724436 7.904 0.529928 0.516979 0.542877
0.731139 7.907 0.529418 0.516052 0.542784
0.737904 7.919 0.534315 0.520847 0.547783
0.744732 7.933 0.517124 0.503938 0.53031
0.751623 7.93 0.520397 0.507164 0.53363
0.758578 7.921 0.519455 0.506037 0.532872
0.765597 7.924 0.506829 0.493959 0.5197
0.772681 7.92 0.514858 0.501767 0.52795
0.77983 7.939 0.514799 0.501879 0.527718
0.787046 7.952 0.499452 0.486532 0.512371
0.794328 7.954 0.512694 0.499566 0.525823
0.801678 7.94 0.502533 0.489698 0.515368
0.809096 7.954 0.514866 0.501621 0.52811
0.816582 7.942 0.500095 0.48731 0.51288
0.824138 7.964 0.494629 0.482103 0.507155
0.831764 7.951 0.509676 0.496114 0.523239
0.83946 7.96 0.485706 0.473429 0.497983
0.847227 7.984 0.48503 0.472129 0.49793
0.855067 7.955 0.480792 0.468473 0.49311
0.862979 7.974 0.49218 0.478972 0.505388
0.870964 7.98 0.48223 0.469844 0.494615
0.879023 7.978 0.476461 0.463884 0.489039
0.887156 7.98 0.472659 0.460304 0.485014
0.895365 7.981 0.463406 0.451207 0.475606
0.903649 7.981 0.461604 0.449503 0.473705
0.912011 7.984 0.464414 0.452548 0.476279
0.92045 7.984 0.466367 0.454192 0.478541
0.928966 7.985 0.465829 0.453565 0.478093
0.937562 7.988 0.470085 0.457519 0.48265
0.946237 7.987 0.444694 0.432932 0.456455
0.954993 7.984 0.44335 0.431897 0.454803
0.963829 7.99 0.457583 0.445673 0.469493
0.972747 7.993 0.453235 0.441197 0.465273
0.981748 7.989 0.443864 0.431833 0.455895
0.990832 7.993 0.443714 0.432262 0.455165
1 7.998 0.436428 0.425053 0.447802
1.00925 7.998 0.435331 0.424033 0.446629
1.01859 7.995 0.429104 0.41765 0.440558
1.02802 7.994 0.435626 0.42428 0.446972
1.03753 7.994 0.443269 0.431562 0.454976
1.04713 7.997 0.440235 0.428578 0.451891
1.05682 7.998 0.420736 0.40969 0.431783
1.0666 7.998 0.422544 0.411203 0.433885
1.07647 7.997 0.417939 0.406438 0.429439
1.08643 8 0.413082 0.401935 0.424229
1.09648 8 0.413173 0.402185 0.42416
1.10662 7.998 0.403444 0.392579 0.414308
1.11686 8 0.410567 0.399697 0.421436
1.1272 8 0.406995 0.396274 0.417716
1.13763 7.994 0.404392 0.393631 0.415152
1.14815 7.999 0.399026 0.388003 0.410049
1.15878 8 0.396441 0.38595 0.406932
1.1695 7.998 0.393218 0.382827 0.40361
1.18032 7.999 0.396935 0.385941 0.407929
1.19124 7.998 0.385519 0.375248 0.395791
1.20226 8 0.392752 0.382289 0.403214
1.21339 8 0.384279 0.373651 0.394907
1.22462 8 0.381772 0.371523 0.392022
1.23595 8 0.382602 0.372458 0.392746
1.24738 8 0.368216 0.358365 0.378067
1.25893 8 0.377339 0.367108 0.38757
1.27057 8 0.3738 0.363793 0.383808
1.28233 7.997 0.374525 0.364161 0.38489
1.2942 8 0.372142 0.362109 0.382174
1.30617 8 0.368727 0.35901 0.378444
1.31826 8 0.371173 0.361302 0.381044
1.33045 8 0.355289 0.345831 0.364747
1.34276 8 0.361091 0.351637 0.370546
1.35519 8 0.347369 0.338141 0.356598
1.36773 8 0.361247 0.351587 0.370907
1.38038 8 0.354534 0.344954 0.364114
1.39316 8 0.348468 0.33926 0.357676
1.40605 8 0.347682 0.338552 0.356811
1.41906 8 0.339915 0.330819 0.34901
1.43219 8 0.337944 0.328657 0.34723
1.44544 8 0.3376 0.32869 0.34651
1.45881 8 0.338234 0.32908 0.347388
1.47231 8 0.322996 0.314487 0.331505
1.48594 8 0.336034 0.327191 0.344877
1.49968 8 0.325105 0.316522 0.333688
1.51356 8 0.325132 0.316459 0.333805
1.52757 8 0.328781 0.319908 0.337654
1.5417 8 0.325421 0.316789 0.334053
1.55597 8 0.325513 0.316448 0.334578
1.57036 8 0.313249 0.305146 0.321352
1.58489 8 0.321917 0.313681 0.330153
1.59956 8 0.312189 0.3039 0.320478
1.61436 8 0.315968 0.307735 0.324201
1.6293 8 0.31002 0.301966 0.318073
1.64437 8 0.309041 0.300667 0.317415
1.65959 8 0.308204 0.299946 0.316461
1.67494 8 0.305393 0.297643 0.313143
1.69044 8 0.301571 0.293843 0.3093
1.70608 8 0.294786 0.287161 0.302411
1.72187 8 0.30087 0.293079 0.308661
1.7378 8 0.299625 0.291786 0.307463
1.75388 8 0.29732 0.289907 0.304732
1.77011 8 0.290384 0.282982 0.297786
1.78649 8 0.278395 0.271557 0.285233
1.80302 8 0.295581 0.288258 0.302905
1.8197 8 0.289885 0.282319 0.29745
1.83654 8 0.285029 0.277771 0.292288
1.85353 8 0.284767 0.277629 0.291905
1.87068 8 0.282031 0.274833 0.28923
1.88799 8 0.279694 0.2727 0.286687
1.90546 8 0.277863 0.271039 0.284687
1.92309 8 0.280489 0.27324 0.287738
1.94089 8 0.278124 0.270707 0.285541
1.95884 8 0.269828 0.262984 0.276672
1.97697 8 0.267921 0.261267 0.274576
1.99526 8 0.264477 0.258009 0.270944
2.01372 8 0.266622 0.259767 0.273477
2.03236 8 0.266109 0.25955 0.272667
2.05116 8 0.255815 0.249921 0.26171
2.07014 8 0.257542 0.251359 0.263725
2.0893 8 0.258859 0.252584 0.265134
2.10863 8 0.254267 0.248414 0.26012
2.12814 8 0.253245 0.247248 0.259241
2.14783 8 0.255009 0.249043 0.260974
2.1677 8 0.248579 0.242959 0.254198
2.18776 8 0.254087 0.248203 0.259971
2.208 8 0.251866 0.245727 0.258004
2.22844 8 0.244879 0.239399 0.250359
2.24905 8 0.244662 0.239094 0.250231
2.26986 8 0.243343 0.237901 0.248785
2.29087 8 0.240427 0.235055 0.245799
2.31206 8 0.23669 0.231712 0.241668
2.33346 8 0.238647 0.232801 0.244493
2.35505 8 0.239426 0.233969 0.244883
2.37684 8 0.231062 0.226179 0.235944
2.39883 8 0.232682 0.227566 0.237798
2.42103 8 0.237552 0.232669 0.242435
2.44343 8 0.230719 0.225637 0.2358
2.46604 8 0.225418 0.22066 0.230176
2.48886 8 0.228786 0.223563 0.234008
2.51189 8 0.221974 0.217248 0.226699
2.53513 8 0.2235 0.218676 0.228325
2.55859 8 0.220353 0.215683 0.225023
2.58226 8 0.223672 0.218961 0.228383
2.60615 8 0.219487 0.214814 0.22416
2.63027 8 0.218761 0.214448 0.223074
2.65461 8 0.219496 0.214621 0.224371
2.67917 8 0.215368 0.211178 0.219557
2.70396 8 0.216572 0.211878 0.221266
2.72898 8 0.215155 0.210716 0.219593
2.75423 8 0.214112 0.209492 0.218731
2.77971 8 0.208743 0.204686 0.2128
2.80543 8 0.211918 0.207718 0.216118
2.83139 8 0.212112 0.207963 0.216261
2.85759 8 0.204433 0.200704 0.208163
2.88403 8 0.205003 0.201223 0.208783
2.91072 8 0.204969 0.200873 0.209065
2.93765 8 0.203116 0.199201 0.207031
2.96483 8 0.203823 0.199945 0.207702
2.99226 8 0.20283 0.199049 0.206612
3.01995 8 0.197362 0.193762 0.200963
3.04789 8 0.199442 0.195589 0.203295
3.0761 8 0.198133 0.194427 0.201839
3.10456 8 0.195246 0.191636 0.198855
3.13329 8 0.192842 0.189398 0.196287
3.16228 8 0.194769 0.191423 0.198114
3.19154 8 0.190953 0.187643 0.194264
3.22107 8 0.190255 0.186942 0.193567
3.25087 8 0.189895 0.186764 0.193027
3.28095 8 0.189859 0.186681 0.193036
3.31131 8 0.186992 0.183867 0.190118
3.34195 8 0.187233 0.184212 0.190254
3.37287 8 0.18746 0.184491 0.190428
3.40408 8 0.184322 0.181262 0.187383
3.43558 8 0.184509 0.181731 0.187288
3.46737 8 0.184647 0.181509 0.187785
3.49945 8 0.18345 0.180247 0.186654
3.53183 8 0.183326 0.180317 0.186335
3.56451 8 0.181596 0.178931 0.184261
3.59749 8 0.180717 0.177787 0.183647
3.63078 8 0.181409 0.178532 0.184286
3.66438 8 0.178105 0.175551 0.18066
3.69828 8 0.179132 0.17659 0.181674
3.7325 8 0.175122 0.172707 0.177537
3.76704 8 0.176862 0.174206 0.179518
3.80189 8 0.174598 0.172154 0.177041
3.83707 8 0.172536 0.170322 0.174749
3.87258 8 0.178089 0.175346 0.180832
3.90841 8 0.173437 0.171047 0.175828
3.94457 8 0.171497 0.168952 0.174042
3.98107 8 0.172441 0.170064 0.174818
4.01791 8 0.171523 0.169389 0.173658
4.05509 8 0.169451 0.167243 0.171658
4.09261 8 0.170602 0.16837 0.172835
4.13048 8 0.1677 0.165662 0.169738
4.16869 8 0.167881 0.165838 0.169923
4.20727 8 0.166995 0.164894 0.169097
4.2462 8 0.168066 0.165803 0.170328
4.28549 8 0.167115 0.164943 0.169287
4.32514 8 0.16587 0.163702 0.168037
4.36516 8 0.16362 0.16168 0.16556
4.40555 8 0.162985 0.161061 0.164909
4.44631 8 0.162325 0.160503 0.164146
4.48745 8 0.162467 0.160552 0.164381
4.52898 8 0.162101 0.160245 0.163956
4.57088 8 0.16186 0.159808 0.163913
4.61318 8 0.158473 0.156856 0.160091
4.65586 8 0.159899 0.15816 0.161638
4.69894 8 0.160076 0.158268 0.161884
4.74242 8 0.15979 0.157921 0.161659
4.7863 8 0.15655 0.154996 0.158103
4.83059 8 0.159007 0.157162 0.160852
4.87528 8 0.15667 0.155139 0.158202
4.9204 8 0.155819 0.154269 0.157368
4.96592 8 0.155663 0.154135 0.157192
5.01187 8 0.155691 0.154024 0.157357
5.05825 8 0.15358 0.152029 0.155131
5.10505 8 0.15346 0.152088 0.154831
5.15229 8 0.153813 0.152372 0.155254
5.19996 8 0.153213 0.151804 0.154622
5.24807 8 0.15245 0.151128 0.153772
5.29663 8 0.150556 0.149307 0.151805
5.34564 8 0.151606 0.150325 0.152887
5.39511 8 0.151374 0.150017 0.152731
5.44503 8 0.151332 0.149986 0.152679
5.49541 8 0.150553 0.149294 0.151812
5.54626 8 0.150439 0.14917 0.151708
5.59758 8 0.149212 0.148044 0.150379
5.64937 8 0.148387 0.147345 0.149429
5.70164 8 0.148267 0.147162 0.149372
5.7544 8 0.149217 0.147929 0.150505
5.80764 8 0.148542 0.147303 0.149781
5.86138 8 0.1461 0.145014 0.147187
5.91562 8 0.147333 0.146191 0.148476
5.97035 8 0.146683 0.145626 0.14774
6.0256 8 0.146317 0.145293 0.147342
6.08135 8 0.14565 0.144601 0.146699
6.13762 8 0.145825 0.144784 0.146865
6.19441 8 0.144654 0.143665 0.145643
6.25173 8 0.145608 0.144385 0.14683
6.30957 8 0.144507 0.14354 0.145474
6.36796 8 0.144586 0.143609 0.145563
6.42688 8 0.1433 0.142376 0.144223
6.48634 8 0.143744 0.142807 0.144681
6.54636 8 0.143492 0.142534 0.14445
6.60693 8 0.142758 0.141889 0.143627
6.66807 8 0.143135 0.142216 0.144053
6.72977 8 0.142337 0.141501 0.143174
6.79204 8 0.141977 0.141137 0.142817
6.85488 8 0.141814 0.140971 0.142657
6.91831 8 0.141573 0.140809 0.142338
6.98232 8 0.141028 0.140233 0.141822
7.04693 8 0.140464 0.139705 0.141223
7.11214 8 0.140697 0.139863 0.141532
7.17794 8 0.140303 0.139485 0.141121
7.24436 8 0.139932 0.13917 0.140695
7.31139 8 0.139874 0.13915 0.140598
7.37904 8 0.13966 0.138941 0.14038
7.44732 8 0.139036 0.138337 0.139734
7.51623 8 0.139217 0.13848 0.139953
7.58578 8 0.138646 0.13798 0.139312
7.65597 8 0.138225 0.137605 0.138846
7.72681 8 0.13855 0.137831 0.13927
7.7983 8 0.138355 0.137674 0.139036
7.87046 8 0.137962 0.137304 0.138619
7.94328 8 0.137512 0.136884 0.138141
8.01678 8 0.137888 0.137232 0.138545
8.09096 8 0.136956 0.136327 0.137586
8.16582 8 0.136449 0.135906 0.136991
8.24138 8 0.136903 0.136313 0.137493
8.31764 8 0.136535 0.13594 0.137129
8.3946 8 0.136594 0.136007 0.137182
8.47227 8 0.136174 0.135626 0.136721
8.55067 8 0.13592 0.135407 0.136434
8.62979 8 0.135642 0.135147 0.136136
8.70964 8 0.13565 0.135099 0.1362
8.79023 8 0.135414 0.134868 0.135961
8.87156 8 0.13482 0.134337 0.135303
8.95365 8 0.134855 0.134367 0.135342
9.03649 8 0.134916 0.134393 0.135439
9.12011 8 0.134312 0.133878 0.134746
9.2045 8 0.134312 0.133848 0.134776
9.28966 8 0.134467 0.133982 0.134953
9.37562 8 0.134343 0.133896 0.134789
9.46237 8 0.133908 0.133456 0.13436
9.54993 8 0.133762 0.133316 0.134209
9.63829 8 0.133822 0.133365 0.134279
9.72747 8 0.133034 0.132633 0.133434
9.81748 8 0.133226 0.1328 0.133651
9.90832 8 0.133139 0.132743 0.133535
10 8 0.133081 0.132662 0.1335
10.0925 8 0.132935 0.132537 0.133334
10.1859 8 0.132813 0.132415 0.133211
10.2802 8 0.132629 0.132277 0.132981
10.3753 8 0.132317 0.131956 0.132678
10.4713 8 0.132188 0.131838 0.132537
10.5682 8 0.132056 0.131692 0.13242
10.666 8 0.1319 0.131563 0.132238
10.7647 8 0.132108 0.131735 0.132481
10.8643 8 0.132068 0.131734 0.132402
10.9648 8 0.131851 0.131506 0.132196
11.0662 8 0.131672 0.131333 0.132011
11.1686 8 0.131554 0.131207 0.131901
11.272 8 0.131363 0.131037 0.131688
11.3763 8 0.131152 0.130853 0.131451
11.4815 8 0.131197 0.130865 0.131529
11.5878 8 0.130931 0.13064 0.131223
11.695 8 0.131059 0.130751 0.131367
11.8032 8 0.130734 0.130421 0.131047
11.9124 8 0.130504 0.130242 0.130766
12.0226 8 0.130381 0.130115 0.130648
12.1339 8 0.130327 0.130062 0.130591
12.2462 8 0.13051 0.130238 0.130783
12.3595 8 0.130025 0.129775 0.130275
12.4738 8 0.130296 0.13003 0.130562
12.5893 8 0.129997 0.129744 0.13025
12.7057 8 0.130101 0.129847 0.130354
12.8233 8 0.129854 0.129617 0.130092
12.942 8 0.1298 0.129578 0.130023
13.0617 8 0.12973 0.129498 0.129962
13.1826 8 0.129776 0.129538 0.130013
13.3045 8 0.12974 0.129496 0.129985
13.4276 8 0.129623 0.129391 0.129856
13.5519 8 0.12936 0.129134 0.129587
13.6773 8 0.129307 0.129088 0.129527
13.8038 8 0.12938 0.129153 0.129606
13.9316 8 0.129122 0.128914 0.12933
14.0605 8 0.129035 0.128836 0.129235
14.1906 8 0.129014 0.128807 0.12922
14.3219 8 0.129047 0.128843 0.12925
14.4544 8 0.128863 0.128677 0.129049
14.5881 8 0.128947 0.128743 0.129151
14.7231 8 0.128762 0.128564 0.128961
14.8594 8 0.128851 0.128653 0.129049
14.9968 8 0.128639 0.128442 0.128835
15.1356 8 0.128453 0.128272 0.128634
15.2757 8 0.12845 0.128286 0.128615
15.417 8 0.128239 0.128076 0.128402
15.5597 8 0.128453 0.128274 0.128631
15.7036 8 0.128341 0.128162 0.12852
15.8489 8 0.128223 0.128047 0.128399
15.9956 8 0.128178 0.128021 0.128335
16.1436 8 0.128131 0.127966 0.128297
16.293 8 0.128125 0.127966 0.128283
16.4437 8 0.127916 0.127774 0.128059
16.5959 8 0.128098 0.127939 0.128257
16.7494 8 0.127797 0.127667 0.127928
16.9044 8 0.127988 0.127845 0.128132
17.0608 8 0.127943 0.12779 0.128096
17.2187 8 0.127781 0.127639 0.127922
17.378 8 0.127657 0.127525 0.127789
17.5388 8 0.127597 0.127466 0.127728
17.7011 8 0.127706 0.127565 0.127847
17.8649 8 0.127519 0.127393 0.127645
18.0302 8 0.127379 0.127259 0.127499
18.197 8 0.127441 0.127323 0.127558
18.3654 8 0.127432 0.127311 0.127553
18.5353 8 0.127365 0.127247 0.127484
18.7068 8 0.127281 0.127163 0.127399
18.8799 8 0.127352 0.127232 0.127471
19.0546 8 0.127212 0.127105 0.12732
19.2309 8 0.127243 0.127139 0.127347
19.4089 8 0.127133 0.127026 0.127239
19.5884 8 0.12716 0.127061 0.12726
19.7697 8 0.126989 0.126885 0.127092
19.9526 8 0.127004 0.126902 0.127106
20.1372 8 0.126992 0.126897 0.127088
20.3236 8 0.126856 0.126763 0.12695
20.5116 8 0.127 0.126901 0.127098
20.7014 8 0.126903 0.126809 0.126996
20.893 8 0.126819 0.126732 0.126907
21.0863 8 0.126801 0.126711 0.126891
21.2814 8 0.126853 0.126749 0.126957
21.4783 8 0.126785 0.126693 0.126877
21.677 8 0.126808 0.12671 0.126905
21.8776 8 0.126716 0.126632 0.126799
22.08 8 0.126641 0.126557 0.126724
22.2844 8 0.126595 0.126516 0.126674
22.4905 8 0.126618 0.126535 0.1267
22.6986 8 0.12659 0.126512 0.126668
22.9087 8 0.126527 0.126448 0.126605
23.1206 8 0.1266 0.12652 0.126681
23.3346 8 0.126499 0.126426 0.126572
23.5505 8 0.126468 0.126395 0.126541
23.7684 8 0.126489 0.126406 0.126573
23.9883 8 0.126415 0.126346 0.126483
24.2103 8 0.126445 0.126369 0.126521
24.4343 8 0.126388 0.126318 0.126458
24.6604 8 0.126368 0.126293 0.126443
24.8886 8 0.126327 0.126261 0.126393
25.1189 8 0.126228 0.126165 0.126291
25.3513 8 0.126195 0.126137 0.126253
25.5859 8 0.126261 0.1262 0.126323
25.8226 8 0.126202 0.126141 0.126263
26.0615 8 0.126223 0.126165 0.12628
26.3027 8 0.126196 0.126136 0.126257
26.5461 8 0.126165 0.126106 0.126225
26.7917 8 0.126156 0.126099 0.126213
27.0396 8 0.126162 0.126105 0.126219
27.2898 8 0.126129 0.12607 0.126188
27.5423 8 0.126067 0.126011 0.126122
27.7971 8 0.126076 0.126023 0.126129
28.0543 8 0.126045 0.12599 0.126099
28.3139 8 0.126011 0.125959 0.126062
28.5759 8 0.126025 0.125973 0.126076
28.8403 8 0.126017 0.125964 0.12607
29.1072 8 0.125925 0.125877 0.125974
29.3765 8 0.125934 0.125887 0.12598
29.6483 8 0.125885 0.12584 0.125931
29.9226 8 0.125913 0.125864 0.125961
30.1995 8 0.125889 0.125844 0.125935
30.4789 8 0.125885 0.12584 0.125929
30.761 8 0.125826 0.125786 0.125866
31.0456 8 0.125832 0.125792 0.125871
31.3329 8 0.125836 0.125792 0.125881
31.6228 8 0.125828 0.125784 0.125871
31.9154 8 0.125802 0.125761 0.125843
32.2107 8 0.125791 0.125753 0.12583
32.5087 8 0.125756 0.125716 0.125796
32.8095 8 0.125769 0.125727 0.125811
33.1131 8 0.125772 0.125735 0.125809
33.4195 8 0.125742 0.125704 0.12578
33.7287 8 0.125719 0.125683 0.125755
34.0408 8 0.125716 0.125676 0.125755
34.3558 8 0.125682 0.125647 0.125716
34.6737 8 0.125661 0.125627 0.125694
34.9945 8 0.125653 0.125621 0.125686
35.3183 8 0.125646 0.125611 0.125682
35.6451 8 0.125664 0.125632 0.125695
35.9749 8 0.125629 0.125598 0.12566
36.3078 8 0.125616 0.125586 0.125646
36.6438 8 0.125594 0.125564 0.125624
36.9828 8 0.125606 0.125577 0.125635
37.325 8 0.125585 0.125555 0.125616
37.6704 8 0.125558 0.12553 0.125587
38.0189 8 0.125548 0.12552 0.125575
38.3707 8 0.12556 0.125533 0.125587
38.7258 8 0.125515 0.12549 0.125541
39.0841 8 0.125524 0.125498 0.12555
39.4457 8 0.125552 0.125525 0.125578
39.8107 8 0.125507 0.125481 0.125532
40.1791 8 0.125523 0.125497 0.12555
40.5509 8 0.125491 0.125468 0.125514
40.9261 8 0.125489 0.125467 0.125512
41.3048 8 0.125472 0.125446 0.125499
41.6869 8 0.125459 0.125436 0.125481
42.0727 8 0.125476 0.125453 0.125498
42.462 8 0.125438 0.125415 0.125461
42.8549 8 0.125442 0.125419 0.125466
43.2514 8 0.125444 0.125422 0.125467
43.6516 8 0.125426 0.125404 0.125448
44.0555 8 0.125416 0.125395 0.125438
44.4631 8 0.12541 0.12539 0.12543
44.8745 8 0.125399 0.125379 0.125418
45.2898 8 0.125398 0.125377 0.125419
45.7088 8 0.125398 0.125379 0.125418
46.1318 8 0.125395 0.125374 0.125416
46.5586 8 0.125366 0.125346 0.125387
46.9894 8 0.125365 0.125346 0.125383
47.4242 8 0.125351 0.125333 0.125369
47.863 8 0.125358 0.125341 0.125375
48.3059 8 0.125347 0.12533 0.125364
48.7528 8 0.125345 0.125328 0.125362
49.204 8 0.125335 0.125317 0.125354
49.6592 8 0.125342 0.125324 0.12536
50.1187 8 0.125327 0.12531 0.125344
50.5825 8 0.125325 0.12531 0.125341
51.0505 8 0.125309 0.125294 0.125323
51.5229 8 0.125313 0.125297 0.125328
51.9996 8 0.125304 0.125289 0.125319
52.4807 8 0.125286 0.125272 0.125301
52.9663 8 0.125293 0.125278 0.125308
53.4564 8 0.125292 0.125276 0.125308
53.9511 8 0.125282 0.125268 0.125296
54.4503 8 0.125281 0.125267 0.125294
54.9541 8 0.125256 0.125243 0.12527
55.4626 8 0.125264 0.12525 0.125277
55.9758 8 0.125257 0.125245 0.125269
56.4937 8 0.125248 0.125236 0.125261
57.0164 8 0.125253 0.12524 0.125266
57.544 8 0.125247 0.125234 0.12526
58.0764 8 0.125254 0.125241 0.125268
58.6138 8 0.125234 0.125222 0.125246
59.1562 8 0.12523 0.125219 0.125242
59.7035 8 0.125229 0.125217 0.125241
60.256 8 0.125226 0.125214 0.125238
60.8135 8 0.125223 0.125212 0.125233
61.3762 8 0.125227 0.125214 0.125239
61.9441 8 0.12521 0.125199 0.125222
62.5173 8 0.125204 0.125194 0.125213
63.0957 8 0.12521 0.1252 0.12522
63.6796 8 0.125201 0.125191 0.125212
64.2688 8 0.125209 0.125199 0.125219
64.8634 8 0.125189 0.12518 0.125199
65.4636 8 0.125189 0.125179 0.125199
66.0693 8 0.125181 0.125172 0.125189
66.6807 8 0.125186 0.125177 0.125195
67.2977 8 0.125176 0.125167 0.125185
67.9204 8 0.125178 0.125169 0.125186
68.5488 8 0.125179 0.125169 0.125188
69.1831 8 0.125176 0.125167 0.125186
69.8232 8 0.125176 0.125167 0.125185
70.4693 8 0.125166 0.125158 0.125175
71.1214 8 0.125161 0.125153 0.12517
71.7794 8 0.125154 0.125146 0.125162
72.4436 8 0.125163 0.125154 0.125171
73.1139 8 0.125157 0.125149 0.125165
73.7904 8 0.125147 0.125139 0.125155
74.4732 8 0.125149 0.125142 0.125156
75.1623 8 0.125147 0.125139 0.125155
75.8578 8 0.125142 0.125135 0.125149
76.5597 8 0.125137 0.12513 0.125144
77.2681 8 0.125133 0.125126 0.125139
77.983 8 0.125137 0.12513 0.125144
78.7046 8 0.125135 0.125128 0.125142
79.4328 8 0.125128 0.125122 0.125135
80.1678 8 0.125132 0.125125 0.125139
80.9096 8 0.125122 0.125116 0.125128
81.6582 8 0.12512 0.125114 0.125127
82.4138 8 0.125124 0.125118 0.12513
83.1764 8 0.12512 0.125114 0.125126
83.946 8 0.125122 0.125116 0.125128
84.7227 8 0.125121 0.125115 0.125126
85.5067 8 0.125114 0.125107 0.12512
86.2979 8 0.125115 0.125109 0.125121
87.0964 8 0.125105 0.125099 0.12511
87.9023 8 0.125107 0.125101 0.125112
88.7156 8 0.125102 0.125097 0.125107
89.5365 8 0.125101 0.125096 0.125106
90.3649 8 0.125096 0.125091 0.125101
91.2011 8 0.125103 0.125097 0.125108
92.045 8 0.125097 0.125092 0.125102
92.8966 8 0.125089 0.125085 0.125093
93.7562 8 0.125093 0.125088 0.125097
94.6237 8 0.12509 0.125085 0.125094
95.4993 8 0.125087 0.125083 0.125092
96.3829 8 0.125088 0.125084 0.125092
97.2747 8 0.125089 0.125085 0.125094
98.1748 8 0.125087 0.125083 0.125091
99.0832 8 0.125086 0.125082 0.125091
