//tau lambda mean lower_bound upper_bound
0.01 1.158 0.992507 0.989471 0.995543
0.0100925 1.169 0.99052 0.987031 0.99401
0.0101859 1.167 0.989238 0.985435 0.993041
0.0102802 1.16 0.988887 0.985142 0.992631
0.0103753 1.171 0.986726 0.982538 0.990914
0.0104713 1.165 0.98642 0.982204 0.990637
0.0105682 1.164 0.986358 0.982157 0.990558
0.010666 1.17 0.990387 0.986891 0.993883
0.0107647 1.185 0.988368 0.984545 0.992191
0.0108643 1.176 0.988342 0.984479 0.992205
0.0109648 1.17 0.98801 0.983991 0.99203
0.0110662 1.165 0.98832 0.984295 0.992344
0.0111686 1.167 0.989963 0.986461 0.993466
0.011272 1.176 0.989084 0.985349 0.992819
0.0113763 1.169 0.99004 0.986303 0.993776
0.0114815 1.185 0.989694 0.986006 0.993382
0.0115878 1.174 0.989788 0.986263 0.993312
0.011695 1.177 0.99024 0.986778 0.993702
0.0118032 1.191 0.98616 0.982077 0.990244
0.0119124 1.182 0.992822 0.99004 0.995604
0.0120226 1.185 0.988217 0.984394 0.99204
0.0121339 1.172 0.986498 0.982339 0.990658
0.0122462 1.198 0.987721 0.983779 0.991663
0.0123595 1.224 0.985876 0.981615 0.990137
0.0124738 1.213 0.984167 0.97958 0.988754
0.0125893 1.213 0.988054 0.984274 0.991834
0.0127057 1.208 0.988895 0.98529 0.992501
0.0128233 1.177 0.990287 0.986897 0.993677
0.012942 1.212 0.987171 0.983253 0.99109
0.0130617 1.193 0.99096 0.987575 0.994344
0.0131826 1.226 0.989438 0.985913 0.992964
0.0133045 1.21 0.987915 0.983922 0.991908
0.0134276 1.207 0.988063 0.984303 0.991824
0.0135519 1.218 0.988934 0.985357 0.99251
0.0136773 1.219 0.985775 0.981489 0.990062
0.0138038 1.183 0.985776 0.981419 0.990133
0.0139316 1.224 0.984127 0.979422 0.988832
0.0140605 1.247 0.984883 0.980466 0.9893
0.0141906 1.218 0.987 0.982981 0.991018
0.0143219 1.238 0.980839 0.976023 0.985655
0.0144544 1.234 0.984339 0.979982 0.988696
0.0145881 1.258 0.984156 0.979577 0.988735
0.0147231 1.227 0.989884 0.98664 0.993128
0.0148594 1.239 0.986693 0.982675 0.99071
0.0149968 1.236 0.986167 0.982027 0.990308
0.0151356 1.24 0.984288 0.979921 0.988654
0.0152757 1.237 0.988433 0.984717 0.992149
0.015417 1.251 0.985436 0.981286 0.989586
0.0155597 1.265 0.982558 0.977682 0.987435
0.0157036 1.244 0.984582 0.980225 0.988939
0.0158489 1.258 0.984344 0.979709 0.98898
0.0159956 1.249 0.982746 0.977964 0.987528
0.0161436 1.269 0.982758 0.978204 0.987313
0.016293 1.252 0.982071 0.977264 0.986878
0.0164437 1.265 0.983091 0.978501 0.987681
0.0165959 1.265 0.986306 0.982355 0.990257
0.0167494 1.282 0.980948 0.976288 0.985607
0.0169044 1.274 0.984339 0.979905 0.988773
0.0170608 1.265 0.981852 0.97693 0.986774
0.0172187 1.289 0.983242 0.978726 0.987757
0.017378 1.276 0.98016 0.974873 0.985447
0.0175388 1.273 0.983026 0.978495 0.987557
0.0177011 1.287 0.984461 0.980103 0.988818
0.0178649 1.282 0.983002 0.978538 0.987466
0.0180302 1.297 0.982454 0.977932 0.986976
0.018197 1.3 0.98011 0.975053 0.985167
0.0183654 1.296 0.980328 0.975373 0.985283
0.0185353 1.304 0.977195 0.97186 0.982531
0.0187068 1.339 0.977184 0.971829 0.982539
0.0188799 1.31 0.980752 0.975721 0.985783
0.0190546 1.28 0.985838 0.981827 0.989848
0.0192309 1.353 0.977269 0.971828 0.98271
0.0194089 1.299 0.977696 0.972282 0.983109
0.0195884 1.329 0.984208 0.980012 0.988405
0.0197697 1.314 0.978924 0.973915 0.983934
0.0199526 1.349 0.977623 0.972235 0.98301
0.0201372 1.327 0.983561 0.979015 0.988107
0.0203236 1.317 0.985446 0.98139 0.989502
0.0205116 1.326 0.978921 0.973601 0.984241
0.0207014 1.342 0.98406 0.979815 0.988305
0.020893 1.326 0.974938 0.969381 0.980495
0.0210863 1.351 0.978988 0.973681 0.984294
0.0212814 1.346 0.976086 0.970655 0.981517
0.0214783 1.336 0.979174 0.973914 0.984433
0.021677 1.387 0.974812 0.969194 0.98043
0.0218776 1.357 0.978533 0.973301 0.983765
0.02208 1.326 0.980559 0.975545 0.985573
0.0222844 1.321 0.976173 0.970674 0.981672
0.0224905 1.353 0.977447 0.972235 0.982659
0.0226986 1.31 0.979667 0.974545 0.984788
0.0229087 1.378 0.980713 0.975872 0.985554
0.0231206 1.339 0.984036 0.979958 0.988115
0.0233346 1.397 0.979486 0.974526 0.984445
0.0235505 1.393 0.973233 0.967283 0.979183
0.0237684 1.402 0.973868 0.968111 0.979625
0.0239883 1.374 0.978924 0.973727 0.984122
0.0242103 1.388 0.976227 0.970837 0.981617
0.0244343 1.399 0.975697 0.97011 0.981284
0.0246604 1.377 0.97507 0.969444 0.980697
0.0248886 1.414 0.974929 0.969281 0.980578
0.0251189 1.398 0.976716 0.971369 0.982063
0.0253513 1.391 0.976785 0.971512 0.982057
0.0255859 1.394 0.979855 0.975 0.984709
0.0258226 1.394 0.97639 0.971101 0.981679
0.0260615 1.43 0.973968 0.968413 0.979523
0.0263027 1.404 0.974759 0.969137 0.98038
0.0265461 1.412 0.976836 0.971536 0.982136
0.0267917 1.46 0.965698 0.959135 0.97226
0.0270396 1.418 0.971332 0.96531 0.977353
0.0272898 1.448 0.974972 0.969362 0.980582
0.0275423 1.422 0.972713 0.966924 0.978502
0.0277971 1.449 0.971805 0.965996 0.977615
0.0280543 1.449 0.975632 0.970215 0.981049
0.0283139 1.449 0.975107 0.969609 0.980604
0.0285759 1.475 0.967787 0.96129 0.974283
0.0288403 1.468 0.975677 0.970327 0.981028
0.0291072 1.458 0.973163 0.967253 0.979073
0.0293765 1.47 0.967799 0.961813 0.973786
0.0296483 1.47 0.971701 0.965682 0.97772
0.0299226 1.521 0.97147 0.965676 0.977264
0.0301995 1.484 0.97067 0.964716 0.976623
0.0304789 1.476 0.976358 0.970953 0.981763
0.030761 1.507 0.973616 0.96793 0.979302
0.0310456 1.489 0.970201 0.964183 0.976219
0.0313329 1.477 0.964218 0.957532 0.970903
0.0316228 1.527 0.969012 0.963067 0.974956
0.0319154 1.52 0.967026 0.960895 0.973157
0.0322107 1.524 0.972389 0.96663 0.978147
0.0325087 1.533 0.965598 0.959035 0.972161
0.0328095 1.529 0.971522 0.965779 0.977265
0.0331131 1.51 0.967197 0.960821 0.973572
0.0334195 1.495 0.96861 0.962535 0.974685
0.0337287 1.536 0.969856 0.963955 0.975757
0.0340408 1.59 0.968145 0.962194 0.974096
0.0343558 1.521 0.972219 0.966642 0.977796
0.0346737 1.551 0.964865 0.958375 0.971355
0.0349945 1.537 0.970675 0.964758 0.976591
0.0353183 1.593 0.963925 0.957206 0.970645
0.0356451 1.588 0.965124 0.958644 0.971604
0.0359749 1.599 0.966676 0.960057 0.973296
0.0363078 1.554 0.965465 0.959044 0.971886
0.0366438 1.621 0.964648 0.958309 0.970988
0.0369828 1.578 0.959177 0.95198 0.966374
0.037325 1.612 0.958991 0.951949 0.966034
0.0376704 1.604 0.956759 0.949447 0.964072
0.0380189 1.618 0.962394 0.955559 0.96923
0.0383707 1.613 0.963617 0.95711 0.970125
0.0387258 1.597 0.964852 0.958494 0.97121
0.0390841 1.679 0.962733 0.955785 0.969681
0.0394457 1.633 0.964364 0.957905 0.970823
0.0398107 1.64 0.957914 0.950846 0.964982
0.0401791 1.664 0.959094 0.952054 0.966134
0.0405509 1.656 0.957997 0.950797 0.965198
0.0409261 1.679 0.960749 0.954151 0.967348
0.0413048 1.65 0.959799 0.952963 0.966636
0.0416869 1.649 0.961917 0.955117 0.968717
0.0420727 1.676 0.961867 0.955226 0.968508
0.042462 1.706 0.959705 0.953108 0.966301
0.0428549 1.696 0.957516 0.950398 0.964634
0.0432514 1.677 0.956662 0.949573 0.963751
0.0436516 1.671 0.96245 0.955893 0.969007
0.0440555 1.738 0.950554 0.942772 0.958335
0.0444631 1.782 0.956061 0.949041 0.963082
0.0448745 1.705 0.955454 0.948146 0.962761
0.0452898 1.724 0.961354 0.954671 0.968036
0.0457088 1.754 0.955389 0.948176 0.962601
0.0461318 1.788 0.947971 0.940174 0.955767
0.0465586 1.806 0.949412 0.941759 0.957066
0.0469894 1.776 0.949616 0.941958 0.957274
0.0474242 1.706 0.951319 0.943808 0.95883
0.047863 1.801 0.956086 0.948952 0.963219
0.0483059 1.783 0.955541 0.948428 0.962654
0.0487528 1.707 0.953373 0.945676 0.96107
0.049204 1.813 0.957336 0.950401 0.964272
0.0496592 1.792 0.956028 0.948915 0.963141
0.0501187 1.813 0.952868 0.945681 0.960054
0.0505825 1.826 0.95129 0.943677 0.958902
0.0510505 1.825 0.951261 0.943775 0.958748
0.0515229 1.819 0.953572 0.946257 0.960886
0.0519996 1.81 0.949601 0.942047 0.957155
0.0524807 1.799 0.951924 0.944169 0.959679
0.0529663 1.895 0.952623 0.944962 0.960283
0.0534564 1.878 0.953128 0.945642 0.960614
0.0539511 1.884 0.947329 0.939377 0.955281
0.0544503 1.861 0.949531 0.941875 0.957186
0.0549541 1.868 0.949058 0.941373 0.956744
0.0554626 1.912 0.945512 0.937608 0.953415
0.0559758 1.869 0.94001 0.931455 0.948565
0.0564937 1.919 0.945931 0.938067 0.953796
0.0570164 1.958 0.9438 0.935777 0.951822
0.057544 1.967 0.948878 0.941458 0.956298
0.0580764 1.977 0.944147 0.936025 0.952268
0.0586138 1.95 0.945992 0.93785 0.954133
0.0591562 1.948 0.947758 0.940013 0.955503
0.0597035 1.962 0.947457 0.939799 0.955115
0.060256 2.003 0.937333 0.928987 0.945679
0.0608135 1.987 0.943766 0.935753 0.951779
0.0613762 1.963 0.939969 0.93168 0.948258
0.0619441 2.03 0.93951 0.931221 0.947799
0.0625173 1.994 0.93469 0.926121 0.94326
0.0630957 2.026 0.939436 0.931099 0.947773
0.0636796 2.016 0.939681 0.931595 0.947766
0.0642688 2.021 0.939428 0.930959 0.947897
0.0648634 2.022 0.937996 0.929707 0.946284
0.0654636 2.127 0.931902 0.923047 0.940757
0.0660693 2.051 0.941405 0.933367 0.949443
0.0666807 2.028 0.93769 0.929414 0.945966
0.0672977 2.156 0.926758 0.917569 0.935946
0.0679204 2.059 0.928962 0.919911 0.938012
0.0685488 2.121 0.93499 0.926323 0.943656
0.0691831 2.077 0.937587 0.929091 0.946083
0.0698232 2.161 0.930062 0.921079 0.939045
0.0704693 2.201 0.92032 0.910961 0.929679
0.0711214 2.132 0.935475 0.926917 0.944033
0.0717794 2.096 0.937559 0.929368 0.94575
0.0724436 2.14 0.931199 0.922373 0.940024
0.0731139 2.17 0.929345 0.92034 0.938349
0.0737904 2.19 0.934479 0.926092 0.942866
0.0744732 2.16 0.935725 0.927374 0.944077
0.0751623 2.173 0.927472 0.918409 0.936534
0.0758578 2.258 0.916667 0.90703 0.926303
0.0765597 2.209 0.931623 0.923056 0.94019
0.0772681 2.32 0.928266 0.919433 0.937099
0.077983 2.241 0.916847 0.907075 0.926619
0.0787046 2.32 0.920614 0.911105 0.930122
0.0794328 2.255 0.931917 0.923079 0.940755
0.0801678 2.262 0.91996 0.910541 0.92938
0.0809096 2.301 0.925005 0.915823 0.934186
0.0816582 2.319 0.920756 0.9114 0.930112
0.0824138 2.326 0.918873 0.909442 0.928305
0.0831764 2.323 0.918044 0.908715 0.927374
0.083946 2.362 0.923411 0.914362 0.93246
0.0847227 2.392 0.916126 0.906424 0.925829
0.0855067 2.377 0.914465 0.904705 0.924224
0.0862979 2.363 0.926549 0.917549 0.935549
0.0870964 2.355 0.920294 0.910889 0.929698
0.0879023 2.413 0.91877 0.909188 0.928352
0.0887156 2.377 0.91724 0.907791 0.926688
0.0895365 2.51 0.907063 0.897157 0.91697
0.0903649 2.444 0.909049 0.899149 0.918949
0.0912011 2.478 0.909889 0.900092 0.919686
0.092045 2.442 0.915693 0.906257 0.925129
0.0928966 2.495 0.909038 0.89914 0.918937
0.0937562 2.495 0.913545 0.903926 0.923163
0.0946237 2.504 0.90968 0.899503 0.919856
0.0954993 2.552 0.914484 0.905085 0.923883
0.0963829 2.557 0.912559 0.90274 0.922378
0.0972747 2.496 0.92036 0.911505 0.929214
0.0981748 2.599 0.90735 0.89715 0.91755
0.0990832 2.656 0.903248 0.893036 0.913459
0.1 2.651 0.910089 0.900387 0.919791
0.100925 2.729 0.903149 0.89294 0.913358
0.101859 2.646 0.901517 0.891174 0.91186
0.102802 2.639 0.908672 0.898861 0.918483
0.103753 2.722 0.903704 0.893567 0.913842
0.104713 2.657 0.912012 0.902244 0.921779
0.105682 2.682 0.904362 0.894448 0.914276
0.10666 2.642 0.894837 0.884075 0.905599
0.107647 2.721 0.904109 0.893956 0.914263
0.108643 2.778 0.898116 0.887847 0.908384
0.109648 2.815 0.896917 0.886418 0.907415
0.110662 2.806 0.891908 0.881131 0.902685
0.111686 2.735 0.899939 0.889894 0.909984
0.11272 2.754 0.898644 0.888157 0.909131
0.113763 2.786 0.890944 0.880185 0.901703
0.114815 2.845 0.888062 0.877233 0.898891
0.115878 2.801 0.89687 0.8864 0.907341
0.11695 2.921 0.884222 0.873369 0.895076
0.118032 2.935 0.898825 0.888661 0.90899
0.119124 2.898 0.883643 0.872675 0.89461
0.120226 2.897 0.884254 0.873286 0.895221
0.121339 2.929 0.892448 0.881555 0.903342
0.122462 2.979 0.889318 0.878319 0.900317
0.123595 3.059 0.877101 0.865797 0.888405
0.124738 2.903 0.889736 0.878806 0.900665
0.125893 3.015 0.884083 0.872974 0.895192
0.127057 2.956 0.885755 0.874801 0.896709
0.128233 3.111 0.880721 0.869621 0.891821
0.12942 3.079 0.873404 0.86203 0.884777
0.130617 3.171 0.873455 0.861958 0.884951
0.131826 3.139 0.879894 0.868641 0.891148
0.133045 3.211 0.880429 0.869223 0.891636
0.134276 3.152 0.871858 0.860223 0.883494
0.135519 3.13 0.878269 0.866936 0.889602
0.136773 3.14 0.882 0.871253 0.892747
0.138038 3.248 0.882984 0.872249 0.893719
0.139316 3.181 0.875823 0.864596 0.887049
0.140605 3.275 0.874117 0.862889 0.885345
0.141906 3.288 0.86517 0.85391 0.876429
0.143219 3.31 0.874522 0.862975 0.886069
0.144544 3.226 0.866089 0.854582 0.877596
0.145881 3.3 0.86219 0.850431 0.87395
0.147231 3.344 0.86852 0.856733 0.880307
0.148594 3.395 0.866245 0.854923 0.877567
0.149968 3.461 0.861818 0.850232 0.873403
0.151356 3.361 0.869046 0.857848 0.880244
0.152757 3.378 0.866296 0.854733 0.877859
0.15417 3.456 0.858632 0.847038 0.870226
0.155597 3.45 0.863393 0.851557 0.875228
0.157036 3.6 0.847253 0.835221 0.859285
0.158489 3.529 0.855744 0.843772 0.867715
0.159956 3.509 0.857524 0.845829 0.869218
0.161436 3.538 0.863559 0.851782 0.875336
0.16293 3.579 0.85162 0.839593 0.863648
0.164437 3.546 0.844004 0.831955 0.856054
0.165959 3.686 0.852776 0.841101 0.86445
0.167494 3.709 0.853161 0.84132 0.865002
0.169044 3.649 0.849312 0.837573 0.86105
0.170608 3.765 0.851193 0.839452 0.862934
0.172187 3.794 0.85002 0.838219 0.861821
0.17378 3.776 0.855449 0.843931 0.866966
0.175388 3.844 0.833142 0.820852 0.845431
0.177011 3.683 0.860546 0.849126 0.871966
0.178649 3.876 0.837877 0.825703 0.850051
0.180302 3.889 0.834587 0.822178 0.846995
0.18197 3.906 0.837458 0.825225 0.849691
0.183654 3.895 0.838263 0.826052 0.850473
0.185353 4.028 0.833981 0.821604 0.846359
0.187068 4.072 0.838872 0.826545 0.8512
0.188799 3.996 0.831756 0.819535 0.843977
0.190546 4.002 0.841589 0.829467 0.85371
0.192309 4.021 0.833826 0.821549 0.846103
0.194089 4.126 0.824661 0.811992 0.83733
0.195884 4.231 0.817121 0.804245 0.829997
0.197697 4.132 0.842616 0.830575 0.854657
0.199526 4.231 0.822491 0.809836 0.835147
0.201372 4.119 0.832411 0.8198 0.845022
0.203236 4.247 0.817354 0.804671 0.830038
0.205116 4.261 0.806537 0.793636 0.819437
0.207014 4.287 0.81612 0.803532 0.828708
0.20893 4.314 0.81348 0.800685 0.826276
0.210863 4.412 0.81018 0.797289 0.82307
0.212814 4.441 0.810363 0.797675 0.823051
0.214783 4.325 0.827762 0.815225 0.840299
0.21677 4.392 0.816164 0.803178 0.82915
0.218776 4.454 0.825455 0.813011 0.837898
0.2208 4.57 0.807768 0.794913 0.820623
0.222844 4.602 0.803292 0.790343 0.81624
0.224905 4.418 0.814522 0.801542 0.827502
0.226986 4.647 0.807183 0.794478 0.819888
0.229087 4.568 0.78808 0.774339 0.80182
0.231206 4.674 0.799216 0.786078 0.812354
0.233346 4.704 0.807527 0.794554 0.8205
0.235505 4.733 0.800801 0.787799 0.813803
0.237684 4.811 0.785867 0.772527 0.799207
0.239883 4.757 0.801528 0.7885 0.814557
0.242103 4.753 0.787082 0.773788 0.800375
0.244343 4.84 0.79873 0.785457 0.812002
0.246604 4.968 0.783588 0.770365 0.79681
0.248886 4.918 0.787014 0.773506 0.800522
0.251189 4.945 0.769685 0.756065 0.783306
0.253513 4.984 0.783434 0.769997 0.79687
0.255859 5.136 0.782882 0.769521 0.796244
0.258226 5.08 0.795773 0.782553 0.808994
0.260615 5.147 0.780018 0.766784 0.793251
0.263027 5.131 0.777089 0.763471 0.790708
0.265461 5.144 0.767743 0.754048 0.781439
0.267917 5.194 0.78199 0.76851 0.795469
0.270396 5.193 0.767461 0.753776 0.781145
0.272898 5.188 0.779959 0.76661 0.793307
0.275423 5.316 0.766281 0.752914 0.779648
0.277971 5.313 0.767656 0.754126 0.781186
0.280543 5.355 0.766353 0.752833 0.779873
0.283139 5.399 0.761859 0.748171 0.775548
0.285759 5.406 0.772163 0.758464 0.785861
0.288403 5.432 0.771709 0.758292 0.785127
0.291072 5.605 0.758092 0.744439 0.771746
0.293765 5.577 0.763272 0.749736 0.776809
0.296483 5.787 0.754405 0.74086 0.767951
0.299226 5.615 0.753489 0.73964 0.767337
0.301995 5.685 0.750764 0.7372 0.764329
0.304789 5.742 0.754721 0.74133 0.768111
0.30761 5.835 0.746188 0.732296 0.76008
0.310456 5.759 0.752713 0.738943 0.766482
0.313329 5.916 0.735613 0.721736 0.74949
0.316228 5.872 0.747557 0.733822 0.761292
0.319154 5.904 0.739857 0.725753 0.753961
0.322107 5.979 0.734713 0.720768 0.748658
0.325087 6.017 0.740872 0.727174 0.754569
0.328095 6.054 0.738361 0.724376 0.752347
0.331131 6.157 0.723431 0.70921 0.737651
0.334195 6.107 0.734148 0.719975 0.748322
0.337287 6.217 0.722643 0.708737 0.73655
0.340408 6.352 0.711272 0.697124 0.72542
0.343558 6.29 0.729117 0.715248 0.742986
0.346737 6.271 0.728452 0.71441 0.742494
0.349945 6.246 0.730265 0.716459 0.744072
0.353183 6.395 0.722661 0.708709 0.736614
0.356451 6.368 0.720315 0.706341 0.734289
0.359749 6.513 0.700998 0.686813 0.715184
0.363078 6.52 0.713887 0.699888 0.727886
0.366438 6.539 0.710952 0.697033 0.724871
0.369828 6.664 0.702065 0.688075 0.716055
0.37325 6.508 0.703041 0.688866 0.717216
0.376704 6.685 0.704687 0.690615 0.71876
0.380189 6.777 0.709466 0.695442 0.723489
0.383707 6.904 0.697478 0.683298 0.711659
0.387258 6.713 0.702234 0.68804 0.716429
0.390841 6.8 0.708459 0.694651 0.722267
0.394457 6.841 0.682216 0.66791 0.696522
0.398107 6.92 0.698276 0.684034 0.712519
0.401791 6.926 0.690142 0.675987 0.704297
0.405509 7.05 0.693352 0.67918 0.707525
0.409261 7.002 0.696544 0.682455 0.710634
0.413048 7.096 0.678306 0.663887 0.692725
0.416869 7.251 0.680033 0.66602 0.694047
0.420727 7.16 0.680803 0.666764 0.694842
0.42462 7.282 0.678978 0.66503 0.692926
0.428549 7.195 0.668622 0.654627 0.682616
0.432514 7.262 0.666567 0.652492 0.680642
0.436516 7.254 0.667398 0.653045 0.681751
0.440555 7.419 0.669123 0.655048 0.683198
0.444631 7.34 0.671778 0.658006 0.68555
0.448745 7.381 0.672461 0.658324 0.686597
0.452898 7.496 0.654782 0.640696 0.668869
0.457088 7.532 0.661283 0.647295 0.675272
0.461318 7.571 0.646077 0.632165 0.65999
0.465586 7.643 0.645972 0.631799 0.660144
0.469894 7.529 0.646085 0.63189 0.660281
0.474242 7.652 0.646684 0.632754 0.660615
0.47863 7.742 0.648669 0.634606 0.662731
0.483059 7.715 0.650708 0.636893 0.664522
0.487528 7.764 0.63316 0.619087 0.647234
0.49204 7.725 0.643086 0.629145 0.657027
0.496592 7.781 0.639261 0.625097 0.653424
0.501187 7.798 0.645181 0.631197 0.659166
0.505825 7.936 0.637829 0.623508 0.652151
0.510505 7.963 0.621893 0.608073 0.635713
0.515229 7.948 0.617742 0.603626 0.631857
0.519996 8.001 0.629155 0.615177 0.643133
0.524807 8.027 0.613376 0.599071 0.627682
0.529663 8.083 0.621098 0.607411 0.634784
0.534564 8.054 0.611087 0.596827 0.625346
0.539511 8.136 0.61391 0.599949 0.627872
0.544503 8.225 0.593266 0.579367 0.607165
0.549541 8.19 0.603251 0.589269 0.617233
0.554626 8.23 0.616047 0.601872 0.630222
0.559758 8.271 0.604942 0.591188 0.618696
0.564937 8.255 0.604962 0.590875 0.619049
0.570164 8.287 0.603081 0.588935 0.617227
0.57544 8.241 0.611859 0.59767 0.626047
0.580764 8.352 0.597824 0.583966 0.611682
0.586138 8.358 0.589823 0.5756 0.604045
0.591562 8.354 0.585191 0.571385 0.598997
0.597035 8.438 0.592124 0.57877 0.605477
0.60256 8.417 0.590105 0.576088 0.604122
0.608135 8.462 0.580459 0.566742 0.594176
0.613762 8.475 0.584406 0.57065 0.598162
0.619441 8.496 0.579583 0.565637 0.59353
0.625173 8.479 0.588608 0.5745 0.602716
0.630957 8.544 0.568106 0.554668 0.581543
0.636796 8.551 0.572474 0.558764 0.586183
0.642688 8.585 0.568451 0.554534 0.582368
0.648634 8.619 0.562747 0.549015 0.57648
0.654636 8.583 0.56276 0.549652 0.575867
0.660693 8.631 0.568929 0.555411 0.582446
0.666807 8.645 0.557699 0.544147 0.571251
0.672977 8.6 0.557585 0.544069 0.571101
0.679204 8.693 0.542122 0.52869 0.555554
0.685488 8.706 0.538219 0.525037 0.5514
0.691831 8.739 0.543635 0.530495 0.556775
0.698232 8.695 0.560845 0.547504 0.574187
0.704693 8.75 0.536134 0.522823 0.549445
0.711214 8.763 0.536911 0.523809 0.550014
0.717794 8.774 0.517848 0.505386 0.53031
0.724436 8.755 0.538126 0.524835 0.551416
0.731139 8.743 0.539263 0.526001 0.552525
0.737904 8.805 0.53279 0.519539 0.54604
0.744732 8.817 0.514566 0.501421 0.527711
0.751623 8.852 0.528394 0.515241 0.541547
0.758578 8.786 0.528401 0.515194 0.541609
0.765597 8.845 0.518875 0.505948 0.531802
0.772681 8.865 0.515996 0.502624 0.529368
0.77983 8.862 0.51019 0.497515 0.522865
0.787046 8.87 0.510971 0.497968 0.523974
0.794328 8.887 0.502523 0.489688 0.515358
0.801678 8.889 0.495982 0.483186 0.508778
0.809096 8.912 0.496522 0.483565 0.50948
0.816582 8.869 0.50179 0.488954 0.514625
0.824138 8.901 0.488934 0.476249 0.501618
0.831764 8.91 0.486282 0.473976 0.498589
0.83946 8.932 0.481006 0.46842 0.493592
0.847227 8.937 0.485275 0.472863 0.497686
0.855067 8.91 0.484914 0.472634 0.497194
0.862979 8.936 0.477714 0.465272 0.490156
0.870964 8.922 0.484896 0.471859 0.497933
0.879023 8.945 0.480039 0.467199 0.492879
0.887156 8.955 0.48686 0.474055 0.499664
0.895365 8.937 0.478686 0.46644 0.490932
0.903649 8.946 0.46363 0.451326 0.475933
0.912011 8.943 0.465603 0.45317 0.478035
0.92045 8.962 0.470054 0.457839 0.48227
0.928966 8.972 0.45465 0.442745 0.466556
0.937562 8.967 0.462787 0.450908 0.474666
0.946237 8.961 0.449827 0.437912 0.461742
0.954993 8.985 0.447608 0.436238 0.458978
0.963829 8.978 0.456212 0.444317 0.468107
0.972747 8.981 0.441927 0.430013 0.453842
0.981748 8.979 0.447273 0.435146 0.459401
0.990832 8.993 0.446649 0.434834 0.458463
1 8.979 0.445929 0.434557 0.4573
1.00925 8.984 0.437204 0.425427 0.448982
1.01859 8.984 0.451947 0.440179 0.463714
1.02802 8.983 0.434321 0.422603 0.446039
1.03753 8.986 0.42295 0.411566 0.434334
1.04713 8.991 0.439756 0.427938 0.451573
1.05682 8.987 0.420123 0.408752 0.431493
1.0666 8.99 0.419831 0.408434 0.431227
1.07647 8.988 0.425368 0.414058 0.436677
1.08643 8.986 0.419299 0.407806 0.430792
1.09648 8.995 0.414375 0.403022 0.425727
1.10662 8.988 0.419706 0.408565 0.430847
1.11686 8.988 0.410818 0.399655 0.421982
1.1272 8.995 0.400114 0.389493 0.410735
1.13763 8.999 0.403785 0.392875 0.414696
1.14815 8.989 0.405234 0.394212 0.416256
1.15878 8.995 0.390415 0.380249 0.40058
1.1695 8.998 0.394521 0.383761 0.405281
1.18032 8.999 0.394223 0.383757 0.404688
1.19124 8.998 0.396845 0.385896 0.407795
1.20226 8.996 0.390538 0.379946 0.40113
1.21339 9 0.382578 0.372281 0.392874
1.22462 9 0.378406 0.368919 0.387893
1.23595 9 0.379599 0.369174 0.390025
1.24738 9 0.373349 0.363143 0.383554
1.25893 8.998 0.379 0.368601 0.389399
1.27057 9 0.364834 0.354751 0.374917
1.28233 9 0.372934 0.36248 0.383388
1.2942 9 0.371789 0.361621 0.381957
1.30617 9 0.364115 0.354653 0.373577
1.31826 9 0.362887 0.353084 0.372689
1.33045 8.998 0.357694 0.348266 0.367121
1.34276 8.998 0.35379 0.344498 0.363082
1.35519 8.999 0.345399 0.336147 0.354651
1.36773 9 0.353931 0.344594 0.363269
1.38038 9 0.351429 0.341941 0.360917
1.39316 9 0.354365 0.345369 0.36336
1.40605 9 0.349071 0.339391 0.35875
1.41906 9 0.337173 0.328215 0.346131
1.43219 9 0.337453 0.328372 0.346533
1.44544 9 0.337502 0.32855 0.346455
1.45881 9 0.334751 0.325687 0.343815
1.47231 9 0.341371 0.332398 0.350344
1.48594 9 0.325484 0.316919 0.334049
1.49968 9 0.327253 0.31866 0.335847
1.51356 9 0.319338 0.310868 0.327807
1.52757 9 0.330012 0.32103 0.338995
1.5417 9 0.321823 0.313543 0.330102
1.55597 9 0.323689 0.314902 0.332477
1.57036 9 0.325971 0.317104 0.334838
1.58489 9 0.317354 0.30852 0.326187
1.59956 9 0.305026 0.29753 0.312522
1.61436 9 0.308419 0.300115 0.316723
1.6293 9 0.312289 0.303491 0.321088
1.64437 9 0.310246 0.301626 0.318866
1.65959 9 0.298193 0.290771 0.305615
1.67494 9 0.30529 0.297232 0.313348
1.69044 9 0.298697 0.290921 0.306473
1.70608 9 0.296533 0.288739 0.304327
1.72187 9 0.296047 0.288462 0.303632
1.7378 9 0.290547 0.283201 0.297894
1.75388 9 0.294209 0.286429 0.30199
1.77011 9 0.285108 0.278092 0.292124
1.78649 9 0.279125 0.271981 0.286269
1.80302 9 0.286608 0.279241 0.293974
1.8197 9 0.281411 0.274184 0.288639
1.83654 9 0.278308 0.271031 0.285585
1.85353 9 0.284407 0.277096 0.291718
1.87068 9 0.277626 0.270487 0.284766
1.88799 9 0.275157 0.267931 0.282384
1.90546 9 0.274148 0.267181 0.281114
1.92309 9 0.268408 0.26165 0.275167
1.94089 9 0.273023 0.265513 0.280534
1.95884 9 0.265035 0.25837 0.271701
1.97697 9 0.262729 0.256486 0.268973
1.99526 9 0.259435 0.253084 0.265785
2.01372 9 0.254815 0.248843 0.260787
2.03236 9 0.256276 0.249708 0.262844
2.05116 9 0.260423 0.254099 0.266748
2.07014 9 0.25446 0.248406 0.260513
2.0893 9 0.252697 0.246458 0.258936
2.10863 9 0.248625 0.242647 0.254602
2.12814 9 0.251111 0.244272 0.25795
2.14783 9 0.248394 0.242338 0.25445
2.1677 9 0.247302 0.241358 0.253246
2.18776 9 0.243803 0.238111 0.249494
2.208 9 0.242646 0.237073 0.248219
2.22844 9 0.242413 0.23655 0.248275
2.24905 9 0.240229 0.234379 0.246079
2.26986 9 0.228091 0.222776 0.233405
2.29087 9 0.23434 0.228686 0.239994
2.31206 9 0.230932 0.225673 0.23619
2.33346 9 0.238245 0.232329 0.244162
2.35505 9 0.22938 0.22408 0.23468
2.37684 9 0.232289 0.226828 0.23775
2.39883 9 0.226147 0.220636 0.231658
2.42103 9 0.23029 0.224761 0.235819
2.44343 9 0.223788 0.218753 0.228823
2.46604 9 0.226198 0.220786 0.23161
2.48886 9 0.224475 0.218902 0.230049
2.51189 9 0.220272 0.215386 0.225159
2.53513 9 0.219786 0.215048 0.224523
2.55859 9 0.215612 0.210871 0.220352
2.58226 9 0.215849 0.211179 0.220519
2.60615 9 0.215925 0.211223 0.220628
2.63027 9 0.212249 0.207369 0.217128
2.65461 9 0.213427 0.208831 0.218024
2.67917 9 0.210596 0.205985 0.215208
2.70396 9 0.211046 0.206382 0.21571
2.72898 9 0.202528 0.198472 0.206585
2.75423 9 0.209045 0.204409 0.213682
2.77971 9 0.205002 0.20061 0.209393
2.80543 9 0.209435 0.204761 0.214109
2.83139 9 0.199 0.195025 0.202974
2.85759 9 0.202332 0.198129 0.206534
2.88403 9 0.198644 0.194779 0.20251
2.91072 9 0.201822 0.197492 0.206152
2.93765 9 0.19692 0.192997 0.200843
2.96483 9 0.195409 0.191394 0.199423
2.99226 9 0.194184 0.190245 0.198123
3.01995 9 0.1943 0.190323 0.198277
3.04789 9 0.190475 0.18667 0.19428
3.0761 9 0.189676 0.186356 0.192996
3.10456 9 0.187427 0.184122 0.190732
3.13329 9 0.186767 0.183338 0.190196
3.16228 9 0.188859 0.184994 0.192724
3.19154 9 0.184095 0.180955 0.187234
3.22107 9 0.188657 0.185137 0.192177
3.25087 9 0.178876 0.175887 0.181866
3.28095 9 0.179562 0.176541 0.182582
3.31131 9 0.178338 0.175213 0.181463
3.34195 9 0.180693 0.177385 0.184002
3.37287 9 0.177786 0.174886 0.180686
3.40408 9 0.176914 0.173891 0.179937
3.43558 9 0.17542 0.172375 0.178466
3.46737 9 0.175256 0.172317 0.178194
3.49945 9 0.172847 0.170148 0.175546
3.53183 9 0.173998 0.171304 0.176693
3.56451 9 0.173031 0.170192 0.17587
3.59749 9 0.168803 0.166122 0.171484
3.63078 9 0.174071 0.171169 0.176973
3.66438 9 0.169095 0.166419 0.17177
3.69828 9 0.170739 0.167928 0.17355
3.7325 9 0.167724 0.165198 0.170251
3.76704 9 0.166224 0.163627 0.168821
3.80189 9 0.16543 0.163053 0.167807
3.83707 9 0.166549 0.164031 0.169067
3.87258 9 0.165637 0.163078 0.168196
3.90841 9 0.162387 0.160046 0.164727
3.94457 9 0.164546 0.162156 0.166936
3.98107 9 0.162011 0.159744 0.164278
4.01791 9 0.163249 0.16089 0.165608
4.05509 9 0.161157 0.158818 0.163496
4.09261 9 0.16288 0.160132 0.165629
4.13048 9 0.160416 0.158134 0.162698
4.16869 9 0.157139 0.155153 0.159125
4.20727 9 0.158215 0.156078 0.160351
4.2462 9 0.155679 0.153729 0.15763
4.28549 9 0.154752 0.152819 0.156686
4.32514 9 0.156711 0.154576 0.158845
4.36516 9 0.156297 0.154225 0.158369
4.40555 9 0.155113 0.153119 0.157107
4.44631 9 0.154394 0.15235 0.156439
4.48745 9 0.152705 0.150715 0.154695
4.52898 9 0.152011 0.150038 0.153984
4.57088 9 0.150713 0.149035 0.15239
4.61318 9 0.150944 0.148962 0.152926
4.65586 9 0.149615 0.147933 0.151298
4.69894 9 0.149124 0.147393 0.150856
4.74242 9 0.149887 0.148024 0.151751
4.7863 9 0.149397 0.14764 0.151153
4.83059 9 0.147405 0.145819 0.14899
4.87528 9 0.145183 0.143737 0.146628
4.9204 9 0.147722 0.145979 0.149465
4.96592 9 0.14542 0.143718 0.147121
5.01187 9 0.145246 0.143717 0.146775
5.05825 9 0.143587 0.142111 0.145063
5.10505 9 0.142839 0.141485 0.144192
5.15229 9 0.143862 0.142325 0.145399
5.19996 9 0.142909 0.141391 0.144427
5.24807 9 0.142233 0.140835 0.14363
5.29663 9 0.142246 0.140803 0.14369
5.34564 9 0.14096 0.139659 0.142261
5.39511 9 0.140946 0.139566 0.142326
5.44503 9 0.139884 0.138555 0.141212
5.49541 9 0.141107 0.139619 0.142595
5.54626 9 0.139641 0.138365 0.140918
5.59758 9 0.139366 0.137969 0.140763
5.64937 9 0.139025 0.137772 0.140279
5.70164 9 0.138418 0.137208 0.139629
5.7544 9 0.13729 0.136179 0.138401
5.80764 9 0.137477 0.136262 0.138692
5.86138 9 0.136451 0.135206 0.137696
5.91562 9 0.135777 0.134614 0.13694
5.97035 9 0.136013 0.134756 0.137269
6.0256 9 0.13625 0.135102 0.137397
6.08135 9 0.136464 0.13517 0.137758
6.13762 9 0.135835 0.134584 0.137087
6.19441 9 0.134198 0.13305 0.135346
6.25173 9 0.134499 0.133377 0.135622
6.30957 9 0.133496 0.13239 0.134602
6.36796 9 0.133809 0.132738 0.134879
6.42688 9 0.13306 0.132093 0.134026
6.48634 9 0.133299 0.132198 0.134399
6.54636 9 0.131635 0.13075 0.13252
6.60693 9 0.132517 0.131504 0.13353
6.66807 9 0.130592 0.129676 0.131508
6.72977 9 0.13054 0.129671 0.131409
6.79204 9 0.13063 0.129781 0.131479
6.85488 9 0.13018 0.129256 0.131105
6.91831 9 0.129805 0.129004 0.130607
6.98232 9 0.130795 0.12986 0.131729
7.04693 9 0.129244 0.128419 0.130069
7.11214 9 0.129399 0.128557 0.130241
7.17794 9 0.128691 0.127868 0.129513
7.24436 9 0.128693 0.127905 0.129481
7.31139 9 0.128863 0.128048 0.129678
7.37904 9 0.128281 0.127505 0.129057
7.44732 9 0.127849 0.12708 0.128617
7.51623 9 0.127416 0.126692 0.12814
7.58578 9 0.126864 0.126156 0.127572
7.65597 9 0.126682 0.125988 0.127377
7.72681 9 0.126628 0.125863 0.127393
7.7983 9 0.126835 0.126081 0.127589
7.87046 9 0.126261 0.125547 0.126975
7.94328 9 0.125553 0.124894 0.126212
8.01678 9 0.125944 0.125213 0.126675
8.09096 9 0.125238 0.124642 0.125834
8.16582 9 0.125136 0.124554 0.125719
8.24138 9 0.125159 0.124539 0.125779
8.31764 9 0.124425 0.123862 0.124989
8.3946 9 0.124468 0.123888 0.125048
8.47227 9 0.124433 0.123837 0.125029
8.55067 9 0.123877 0.123297 0.124458
8.62979 9 0.124319 0.123713 0.124924
8.70964 9 0.123614 0.123049 0.124179
8.79023 9 0.123743 0.123178 0.124308
8.87156 9 0.123245 0.122662 0.123829
8.95365 9 0.123051 0.122511 0.123591
9.03649 9 0.123 0.122425 0.123575
9.12011 9 0.122858 0.122318 0.123399
9.2045 9 0.122869 0.122374 0.123365
9.28966 9 0.122439 0.121915 0.122964
9.37562 9 0.122146 0.121643 0.122649
9.46237 9 0.122461 0.12192 0.123002
9.54993 9 0.12236 0.12185 0.122871
9.63829 9 0.121354 0.120868 0.121839
9.72747 9 0.121528 0.121073 0.121983
9.81748 9 0.120972 0.120538 0.121406
9.90832 9 0.121591 0.121117 0.122065
10 9 0.121108 0.120665 0.121551
10.0925 9 0.120877 0.120447 0.121308
10.1859 9 0.120325 0.119928 0.120722
10.2802 9 0.120312 0.11992 0.120704
10.3753 9 0.120394 0.120007 0.120781
10.4713 9 0.120493 0.120085 0.120902
10.5682 9 0.120041 0.119639 0.120442
10.666 9 0.12001 0.11963 0.12039
10.7647 9 0.119684 0.119323 0.120045
10.8643 9 0.119764 0.119357 0.120171
10.9648 9 0.119072 0.118721 0.119423
11.0662 9 0.119624 0.119247 0.12
11.1686 9 0.119477 0.119081 0.119872
11.272 9 0.119374 0.118993 0.119755
11.3763 9 0.119052 0.118691 0.119412
11.4815 9 0.118723 0.118386 0.119061
11.5878 9 0.119025 0.11868 0.11937
11.695 9 0.118515 0.118187 0.118843
11.8032 9 0.118575 0.118233 0.118918
11.9124 9 0.118445 0.118128 0.118763
12.0226 9 0.118126 0.11782 0.118433
12.1339 9 0.11809 0.117768 0.118412
12.2462 9 0.118154 0.117859 0.118449
12.3595 9 0.117698 0.117416 0.117979
12.4738 9 0.117935 0.117636 0.118233
12.5893 9 0.117802 0.117511 0.118093
12.7057 9 0.117678 0.117384 0.117972
12.8233 9 0.117641 0.117353 0.117928
12.942 9 0.117458 0.117178 0.117739
13.0617 9 0.117208 0.116945 0.117472
13.1826 9 0.117401 0.117131 0.11767
13.3045 9 0.117146 0.116888 0.117405
13.4276 9 0.117216 0.116949 0.117483
13.5519 9 0.117065 0.116822 0.117308
13.6773 9 0.117006 0.116746 0.117266
13.8038 9 0.11682 0.116567 0.117073
13.9316 9 0.116847 0.116608 0.117087
14.0605 9 0.116511 0.116291 0.116731
14.1906 9 0.11642 0.116186 0.116654
14.3219 9 0.116509 0.116256 0.116761
14.4544 9 0.116431 0.116216 0.116645
14.5881 9 0.116194 0.115969 0.116419
14.7231 9 0.116203 0.115981 0.116426
14.8594 9 0.115974 0.115775 0.116174
14.9968 9 0.115984 0.115774 0.116193
15.1356 9 0.11624 0.116013 0.116467
15.2757 9 0.115876 0.115669 0.116082
15.417 9 0.115769 0.115575 0.115962
15.5597 9 0.11583 0.115625 0.116035
15.7036 9 0.115733 0.115548 0.115917
15.8489 9 0.115514 0.115329 0.115699
15.9956 9 0.115698 0.115518 0.115878
16.1436 9 0.115464 0.115281 0.115647
16.293 9 0.115587 0.115415 0.115758
16.4437 9 0.115576 0.115388 0.115764
16.5959 9 0.115481 0.115283 0.11568
16.7494 9 0.115273 0.115089 0.115457
16.9044 9 0.115319 0.115151 0.115487
17.0608 9 0.115199 0.11503 0.115367
17.2187 9 0.114949 0.114795 0.115103
17.378 9 0.114984 0.114829 0.115139
17.5388 9 0.115092 0.114925 0.115259
17.7011 9 0.114831 0.114673 0.114988
17.8649 9 0.114852 0.114705 0.114998
18.0302 9 0.114772 0.114621 0.114922
18.197 9 0.114896 0.114738 0.115055
18.3654 9 0.11481 0.114661 0.114959
18.5353 9 0.114897 0.114743 0.115051
18.7068 9 0.114759 0.114614 0.114904
18.8799 9 0.114685 0.114539 0.114831
19.0546 9 0.114437 0.114302 0.114571
19.2309 9 0.114469 0.114331 0.114607
19.4089 9 0.114496 0.114365 0.114627
19.5884 9 0.114453 0.114317 0.114588
19.7697 9 0.114412 0.114281 0.114544
19.9526 9 0.114399 0.114273 0.114525
20.1372 9 0.114361 0.114235 0.114488
20.3236 9 0.114252 0.114125 0.114379
20.5116 9 0.114172 0.11405 0.114294
20.7014 9 0.114272 0.114139 0.114406
20.893 9 0.11414 0.114018 0.114263
21.0863 9 0.114083 0.113963 0.114203
21.2814 9 0.1141 0.113981 0.114219
21.4783 9 0.114083 0.113968 0.114199
21.677 9 0.114017 0.113905 0.114128
21.8776 9 0.113894 0.113785 0.114002
22.08 9 0.113968 0.113857 0.114079
22.2844 9 0.113916 0.113808 0.114025
22.4905 9 0.113891 0.113787 0.113995
22.6986 9 0.113852 0.113743 0.11396
22.9087 9 0.113832 0.113726 0.113937
23.1206 9 0.113831 0.113727 0.113934
23.3346 9 0.113793 0.113685 0.113901
23.5505 9 0.113649 0.113553 0.113745
23.7684 9 0.113727 0.113627 0.113826
23.9883 9 0.113691 0.113591 0.113791
24.2103 9 0.113614 0.113516 0.113712
24.4343 9 0.113651 0.113557 0.113746
24.6604 9 0.113543 0.113458 0.113628
24.8886 9 0.113496 0.113402 0.113591
25.1189 9 0.113462 0.113377 0.113548
25.3513 9 0.113589 0.113495 0.113684
25.5859 9 0.113579 0.11349 0.113667
25.8226 9 0.113492 0.113401 0.113583
26.0615 9 0.113337 0.113258 0.113416
26.3027 9 0.113419 0.11333 0.113507
26.5461 9 0.113262 0.113184 0.11334
26.7917 9 0.113358 0.113272 0.113444
27.0396 9 0.113335 0.113251 0.113418
27.2898 9 0.113203 0.113128 0.113278
27.5423 9 0.113341 0.113253 0.113429
27.7971 9 0.113232 0.113154 0.11331
28.0543 9 0.113193 0.113121 0.113266
28.3139 9 0.113277 0.113195 0.11336
28.5759 9 0.113225 0.113147 0.113302
28.8403 9 0.113117 0.113045 0.113189
29.1072 9 0.113174 0.113103 0.113246
29.3765 9 0.113151 0.113073 0.113229
29.6483 9 0.113101 0.113029 0.113173
29.9226 9 0.113108 0.113032 0.113184
30.1995 9 0.113084 0.113012 0.113156
30.4789 9 0.113104 0.113032 0.113177
30.761 9 0.113061 0.112989 0.113132
31.0456 9 0.113032 0.112964 0.1131
31.3329 9 0.112998 0.112935 0.113061
31.6228 9 0.112998 0.112933 0.113063
31.9154 9 0.11305 0.112986 0.113113
32.2107 9 0.11298 0.112915 0.113044
32.5087 9 0.112891 0.112828 0.112955
32.8095 9 0.112931 0.112866 0.112996
33.1131 9 0.112927 0.112862 0.112992
33.4195 9 0.112972 0.112904 0.113039
33.7287 9 0.112901 0.112836 0.112965
34.0408 9 0.112876 0.112816 0.112936
34.3558 9 0.112806 0.112747 0.112865
34.6737 9 0.112834 0.112779 0.112889
34.9945 9 0.1128 0.112742 0.112859
35.3183 9 0.112793 0.112734 0.112851
35.6451 9 0.112835 0.112775 0.112896
35.9749 9 0.112769 0.11271 0.112828
36.3078 9 0.112757 0.112703 0.112812
36.6438 9 0.112848 0.112785 0.11291
36.9828 9 0.112781 0.112725 0.112837
37.325 9 0.112708 0.112655 0.11276
37.6704 9 0.112769 0.112711 0.112826
38.0189 9 0.112706 0.112655 0.112758
38.3707 9 0.112686 0.112634 0.112739
38.7258 9 0.112695 0.112642 0.112749
39.0841 9 0.112681 0.112628 0.112734
39.4457 9 0.112689 0.112635 0.112743
39.8107 9 0.112709 0.112653 0.112765
40.1791 9 0.112677 0.112623 0.11273
40.5509 9 0.112674 0.112621 0.112728
40.9261 9 0.112683 0.112629 0.112736
41.3048 9 0.112671 0.112619 0.112723
41.6869 9 0.112652 0.112601 0.112704
42.0727 9 0.112626 0.112577 0.112676
42.462 9 0.11258 0.112534 0.112626
42.8549 9 0.112618 0.112566 0.11267
43.2514 9 0.11261 0.112558 0.112663
43.6516 9 0.112584 0.112533 0.112634
44.0555 9 0.112608 0.112557 0.112659
44.4631 9 0.112565 0.112518 0.112612
44.8745 9 0.112583 0.112533 0.112633
45.2898 9 0.112527 0.112481 0.112574
45.7088 9 0.112514 0.112467 0.112561
46.1318 9 0.112562 0.112513 0.11261
46.5586 9 0.112502 0.112454 0.11255
46.9894 9 0.112538 0.112491 0.112584
47.4242 9 0.11254 0.112494 0.112587
47.863 9 0.112538 0.112489 0.112587
48.3059 9 0.112451 0.11241 0.112493
48.7528 9 0.112443 0.1124 0.112486
49.204 9 0.112446 0.112402 0.11249
49.6592 9 0.112472 0.112428 0.112516
50.1187 9 0.112443 0.112398 0.112488
50.5825 9 0.112479 0.112433 0.112525
51.0505 9 0.112435 0.112393 0.112477
51.5229 9 0.112429 0.112386 0.112473
51.9996 9 0.112453 0.112408 0.112497
52.4807 9 0.112431 0.112389 0.112473
52.9663 9 0.11247 0.112427 0.112514
53.4564 9 0.112439 0.112396 0.112482
53.9511 9 0.112416 0.112374 0.112458
54.4503 9 0.112427 0.112384 0.112469
54.9541 9 0.112366 0.112326 0.112406
55.4626 9 0.112369 0.112329 0.112409
55.9758 9 0.11242 0.112378 0.112461
56.4937 9 0.112406 0.112366 0.112447
57.0164 9 0.11239 0.112348 0.112432
57.544 9 0.11239 0.11235 0.11243
58.0764 9 0.112368 0.112329 0.112408
58.6138 9 0.112419 0.112377 0.11246
59.1562 9 0.112392 0.112351 0.112432
59.7035 9 0.112296 0.112258 0.112335
60.256 9 0.112358 0.112318 0.112399
60.8135 9 0.11235 0.112311 0.112389
61.3762 9 0.112374 0.112335 0.112413
61.9441 9 0.112314 0.112276 0.112352
62.5173 9 0.112354 0.112315 0.112393
63.0957 9 0.112323 0.112284 0.112362
63.6796 9 0.11231 0.112272 0.112348
64.2688 9 0.112326 0.112286 0.112366
64.8634 9 0.112344 0.112306 0.112382
65.4636 9 0.11229 0.112253 0.112326
66.0693 9 0.112287 0.11225 0.112323
66.6807 9 0.112302 0.112265 0.112338
67.2977 9 0.112326 0.112287 0.112365
67.9204 9 0.112295 0.112257 0.112333
68.5488 9 0.112296 0.112258 0.112333
69.1831 9 0.112285 0.112248 0.112322
69.8232 9 0.112267 0.112231 0.112303
70.4693 9 0.112276 0.112241 0.112312
71.1214 9 0.112304 0.112265 0.112342
71.7794 9 0.112296 0.11226 0.112332
72.4436 9 0.112256 0.11222 0.112293
73.1139 9 0.112273 0.112235 0.11231
73.7904 9 0.112247 0.112213 0.112281
74.4732 9 0.112264 0.112227 0.1123
75.1623 9 0.112282 0.112244 0.112319
75.8578 9 0.112244 0.112209 0.112278
76.5597 9 0.112266 0.11223 0.112302
77.2681 9 0.112253 0.112216 0.11229
77.983 9 0.112251 0.112215 0.112286
78.7046 9 0.112208 0.112175 0.112241
79.4328 9 0.112255 0.11222 0.11229
80.1678 9 0.112285 0.112249 0.112321
80.9096 9 0.112235 0.112201 0.112269
81.6582 9 0.112232 0.112197 0.112268
82.4138 9 0.112257 0.112221 0.112293
83.1764 9 0.112237 0.112203 0.112272
83.946 9 0.112243 0.112209 0.112278
84.7227 9 0.112188 0.112155 0.112221
85.5067 9 0.112205 0.112171 0.11224
86.2979 9 0.112204 0.112167 0.112241
87.0964 9 0.112224 0.112191 0.112258
87.9023 9 0.112229 0.112195 0.112262
88.7156 9 0.112198 0.112164 0.112232
89.5365 9 0.11222 0.112185 0.112254
90.3649 9 0.112207 0.112174 0.112241
91.2011 9 0.112216 0.112181 0.112251
92.045 9 0.112217 0.112179 0.112255
92.8966 9 0.112151 0.11212 0.112183
93.7562 9 0.112211 0.112176 0.112245
94.6237 9 0.112212 0.112179 0.112245
95.4993 9 0.11217 0.112136 0.112203
96.3829 9 0.11218 0.112147 0.112214
97.2747 9 0.112209 0.112176 0.112243
98.1748 9 0.112212 0.112178 0.112247
99.0832 9 0.112193 0.11216 0.112227
