//total_population estimated_relatedness lower_bound upper_bound relatedness
300 0.554069 0.554069 0.554069 0.554069
306 0.554136 0.554085 0.554186 0.554127
312 0.554197 0.554127 0.554266 0.554183
318 0.554266 0.554182 0.55435 0.554237
324 0.554281 0.554185 0.554377 0.554289
330 0.554316 0.554209 0.554422 0.554339
336 0.554327 0.554212 0.554443 0.554388
342 0.554383 0.55426 0.554507 0.554434
348 0.554429 0.554298 0.55456 0.554479
354 0.554419 0.55428 0.554557 0.554522
360 0.55446 0.554315 0.554605 0.554564
366 0.554498 0.554348 0.554649 0.554605
372 0.554525 0.554369 0.554681 0.554644
378 0.554567 0.554406 0.554728 0.554682
384 0.554617 0.554453 0.554782 0.554719
390 0.554654 0.554484 0.554824 0.554755
396 0.554704 0.55453 0.554879 0.554789
402 0.554746 0.554568 0.554925 0.554823
408 0.554777 0.554595 0.554959 0.554855
414 0.554797 0.554612 0.554983 0.554887
420 0.554852 0.554663 0.555041 0.554918
426 0.554893 0.5547 0.555085 0.554948
432 0.554925 0.554729 0.55512 0.554977
438 0.554965 0.554767 0.555163 0.555005
444 0.554962 0.554761 0.555162 0.555032
450 0.554986 0.554782 0.55519 0.555059
456 0.555031 0.554824 0.555238 0.555085
462 0.555078 0.554869 0.555287 0.55511
468 0.555084 0.554872 0.555295 0.555135
474 0.555101 0.554887 0.555316 0.555159
480 0.555124 0.554908 0.555341 0.555183
486 0.555144 0.554926 0.555363 0.555205
492 0.555185 0.554964 0.555406 0.555228
498 0.555208 0.554985 0.555431 0.55525
504 0.555248 0.555023 0.555473 0.555271
510 0.555263 0.555037 0.55549 0.555292
516 0.555286 0.555058 0.555514 0.555312
522 0.55533 0.5551 0.55556 0.555332
528 0.555349 0.555117 0.555581 0.555351
534 0.555376 0.555143 0.55561 0.55537
540 0.555416 0.555181 0.555651 0.555388
546 0.55544 0.555203 0.555676 0.555407
552 0.555464 0.555226 0.555701 0.555424
558 0.555494 0.555254 0.555733 0.555442
564 0.555511 0.555271 0.555752 0.555459
570 0.555503 0.55526 0.555745 0.555475
576 0.555516 0.555273 0.555759 0.555491
582 0.555543 0.555299 0.555787 0.555507
588 0.555557 0.555311 0.555802 0.555523
594 0.555556 0.555309 0.555802 0.555538
600 0.555568 0.555321 0.555816 0.555553
606 0.555573 0.555324 0.555821 0.555568
612 0.55561 0.55536 0.55586 0.555582
618 0.555639 0.555387 0.55589 0.555596
624 0.55565 0.555397 0.555902 0.55561
630 0.555669 0.555416 0.555923 0.555624
636 0.555696 0.555441 0.55595 0.555637
642 0.555706 0.55545 0.555962 0.55565
648 0.555696 0.555439 0.555953 0.555663
654 0.555713 0.555455 0.555971 0.555675
660 0.555714 0.555454 0.555973 0.555688
666 0.55572 0.55546 0.55598 0.5557
672 0.555734 0.555473 0.555995 0.555712
678 0.555744 0.555482 0.556005 0.555723
684 0.555757 0.555494 0.55602 0.555735
690 0.555772 0.555509 0.556036 0.555746
696 0.555786 0.555521 0.556051 0.555757
702 0.555801 0.555535 0.556066 0.555768
708 0.555801 0.555535 0.556068 0.555779
714 0.555806 0.555539 0.556073 0.55579
720 0.555808 0.55554 0.556076 0.5558
726 0.555824 0.555555 0.556092 0.55581
732 0.555851 0.555582 0.556121 0.55582
738 0.55585 0.55558 0.556121 0.55583
744 0.555857 0.555586 0.556128 0.55584
750 0.555855 0.555583 0.556127 0.555849
756 0.555864 0.555591 0.556137 0.555859
762 0.555868 0.555595 0.556141 0.555868
768 0.555873 0.555599 0.556147 0.555877
774 0.555888 0.555613 0.556163 0.555886
780 0.555901 0.555626 0.556176 0.555895
786 0.555923 0.555647 0.556199 0.555904
792 0.555918 0.555641 0.556194 0.555912
798 0.555933 0.555656 0.55621 0.555921
804 0.555933 0.555655 0.556211 0.555929
810 0.555932 0.555653 0.55621 0.555937
816 0.555931 0.555653 0.55621 0.555945
822 0.555955 0.555676 0.556234 0.555953
828 0.555959 0.555679 0.556239 0.555961
834 0.555959 0.555679 0.55624 0.555969
840 0.55597 0.555689 0.556251 0.555976
846 0.555965 0.555684 0.556247 0.555984
852 0.555972 0.55569 0.556254 0.555991
858 0.55598 0.555698 0.556263 0.555998
864 0.556005 0.555721 0.556288 0.556006
870 0.55601 0.555726 0.556294 0.556013
876 0.556016 0.555731 0.556301 0.55602
882 0.556026 0.555741 0.556311 0.556027
888 0.556022 0.555737 0.556308 0.556033
894 0.556025 0.555739 0.556311 0.55604
900 0.556027 0.55574 0.556313 0.556047
906 0.556019 0.555732 0.556306 0.556053
912 0.556015 0.555728 0.556303 0.55606
918 0.55603 0.555743 0.556318 0.556066
924 0.556042 0.555754 0.55633 0.556072
930 0.556068 0.555779 0.556357 0.556078
936 0.556062 0.555773 0.556352 0.556085
942 0.556063 0.555773 0.556353 0.556091
948 0.556075 0.555785 0.556366 0.556097
954 0.556088 0.555797 0.556379 0.556102
960 0.556103 0.555812 0.556394 0.556108
966 0.556102 0.55581 0.556394 0.556114
972 0.556093 0.555801 0.556385 0.55612
978 0.556107 0.555815 0.556399 0.556125
984 0.556103 0.55581 0.556396 0.556131
990 0.556118 0.555825 0.556411 0.556136
996 0.556118 0.555825 0.556411 0.556142
1002 0.556139 0.555845 0.556433 0.556147
1008 0.556149 0.555855 0.556443 0.556152
1014 0.556156 0.555861 0.55645 0.556158
1020 0.556173 0.555879 0.556468 0.556163
1026 0.556173 0.555878 0.556469 0.556168
1032 0.55617 0.555874 0.556465 0.556173
1038 0.556173 0.555877 0.556469 0.556178
1044 0.556182 0.555885 0.556478 0.556183
1050 0.556187 0.55589 0.556484 0.556188
1056 0.556193 0.555896 0.55649 0.556192
1062 0.556186 0.555889 0.556484 0.556197
1068 0.556186 0.555888 0.556484 0.556202
1074 0.556186 0.555888 0.556484 0.556206
1080 0.556187 0.555889 0.556485 0.556211
1086 0.556179 0.55588 0.556477 0.556216
1092 0.556169 0.55587 0.556468 0.55622
1098 0.556163 0.555864 0.556463 0.556225
1104 0.556174 0.555874 0.556474 0.556229
1110 0.556184 0.555884 0.556484 0.556233
1116 0.556204 0.555904 0.556505 0.556238
1122 0.556208 0.555908 0.556509 0.556242
1128 0.556222 0.555921 0.556523 0.556246
1134 0.556234 0.555932 0.556536 0.55625
1140 0.556237 0.555935 0.556538 0.556254
1146 0.556245 0.555942 0.556547 0.556258
1152 0.556255 0.555952 0.556558 0.556262
1158 0.556259 0.555956 0.556562 0.556266
1164 0.556264 0.555961 0.556567 0.55627
1170 0.55627 0.555967 0.556574 0.556274
1176 0.556263 0.55596 0.556567 0.556278
1182 0.556263 0.555959 0.556567 0.556282
1188 0.556261 0.555957 0.556565 0.556286
1194 0.556256 0.555952 0.55656 0.55629
1200 0.556256 0.555951 0.55656 0.556293
1206 0.556252 0.555948 0.556557 0.556297
1212 0.556258 0.555953 0.556562 0.556301
1218 0.556255 0.55595 0.55656 0.556304
1224 0.556248 0.555942 0.556553 0.556308
1230 0.556259 0.555954 0.556565 0.556311
1236 0.556273 0.555968 0.556579 0.556315
1242 0.556269 0.555963 0.556574 0.556318
1248 0.556274 0.555968 0.55658 0.556322
1254 0.556268 0.555962 0.556574 0.556325
1260 0.556268 0.555962 0.556574 0.556328
1266 0.556266 0.55596 0.556573 0.556332
1272 0.556272 0.555965 0.556578 0.556335
1278 0.556275 0.555968 0.556582 0.556338
1284 0.556273 0.555965 0.55658 0.556342
1290 0.556281 0.555973 0.556588 0.556345
1296 0.556283 0.555975 0.556591 0.556348
1302 0.556275 0.555968 0.556583 0.556351
1308 0.556276 0.555968 0.556584 0.556354
1314 0.556273 0.555965 0.556581 0.556357
1320 0.556272 0.555964 0.556581 0.55636
1326 0.556269 0.55596 0.556578 0.556363
1332 0.556269 0.55596 0.556578 0.556366
1338 0.55626 0.555951 0.556569 0.556369
1344 0.55626 0.555951 0.556569 0.556372
1350 0.556266 0.555956 0.556576 0.556375
1356 0.556272 0.555962 0.556582 0.556378
1362 0.556273 0.555963 0.556583 0.556381
1368 0.556283 0.555972 0.556593 0.556384
1374 0.556291 0.55598 0.556601 0.556387
1380 0.556293 0.555983 0.556603 0.55639
1386 0.556296 0.555986 0.556607 0.556392
1392 0.556304 0.555993 0.556615 0.556395
1398 0.556306 0.555995 0.556617 0.556398
1404 0.556315 0.556004 0.556627 0.556401
1410 0.556325 0.556013 0.556637 0.556403
1416 0.556324 0.556012 0.556635 0.556406
1422 0.556316 0.556004 0.556628 0.556409
1428 0.556317 0.556005 0.556629 0.556411
1434 0.556325 0.556013 0.556637 0.556414
1440 0.556324 0.556011 0.556636 0.556416
1446 0.556329 0.556017 0.556642 0.556419
1452 0.55634 0.556027 0.556653 0.556422
1458 0.556342 0.556029 0.556655 0.556424
1464 0.556339 0.556025 0.556652 0.556427
1470 0.556337 0.556024 0.55665 0.556429
1476 0.556341 0.556027 0.556654 0.556431
1482 0.556347 0.556034 0.556661 0.556434
1488 0.556344 0.55603 0.556658 0.556436
1494 0.556346 0.556032 0.55666 0.556439
1500 0.556346 0.556033 0.55666 0.556441
1506 0.556355 0.556041 0.556668 0.556443
1512 0.556355 0.556041 0.556669 0.556446
1518 0.556362 0.556048 0.556676 0.556448
1524 0.556355 0.55604 0.556669 0.55645
1530 0.556364 0.55605 0.556678 0.556453
1536 0.556367 0.556052 0.556681 0.556455
1542 0.556378 0.556064 0.556693 0.556457
1548 0.556376 0.556061 0.55669 0.556459
1554 0.556378 0.556063 0.556693 0.556462
1560 0.556382 0.556067 0.556698 0.556464
1566 0.556384 0.556069 0.5567 0.556466
1572 0.556383 0.556067 0.556699 0.556468
1578 0.556384 0.556068 0.5567 0.55647
1584 0.556382 0.556066 0.556698 0.556472
1590 0.556383 0.556067 0.5567 0.556475
1596 0.556383 0.556067 0.556699 0.556477
1602 0.556383 0.556066 0.556699 0.556479
1608 0.556381 0.556064 0.556697 0.556481
1614 0.556382 0.556065 0.556698 0.556483
1620 0.556381 0.556064 0.556697 0.556485
1626 0.556381 0.556064 0.556698 0.556487
1632 0.556392 0.556075 0.556709 0.556489
1638 0.55639 0.556073 0.556707 0.556491
1644 0.556394 0.556077 0.556711 0.556493
1650 0.556398 0.556081 0.556715 0.556495
1656 0.556399 0.556082 0.556717 0.556497
1662 0.556388 0.556071 0.556706 0.556499
1668 0.556391 0.556073 0.556709 0.556501
1674 0.556396 0.556078 0.556714 0.556503
1680 0.556401 0.556083 0.556719 0.556504
1686 0.5564 0.556082 0.556718 0.556506
1692 0.556399 0.55608 0.556717 0.556508
1698 0.556395 0.556077 0.556714 0.55651
1704 0.556395 0.556076 0.556713 0.556512
1710 0.556399 0.556081 0.556718 0.556514
1716 0.556407 0.556088 0.556725 0.556516
1722 0.556412 0.556094 0.556731 0.556517
1728 0.556407 0.556089 0.556726 0.556519
1734 0.55641 0.556091 0.556729 0.556521
1740 0.556411 0.556092 0.55673 0.556523
1746 0.55641 0.556091 0.556729 0.556524
1752 0.556404 0.556085 0.556724 0.556526
1758 0.556409 0.556089 0.556728 0.556528
1764 0.556408 0.556089 0.556728 0.55653
1770 0.556413 0.556094 0.556732 0.556531
1776 0.556412 0.556092 0.556731 0.556533
1782 0.556417 0.556098 0.556736 0.556535
1788 0.556423 0.556104 0.556743 0.556536
1794 0.556423 0.556103 0.556742 0.556538
1800 0.556419 0.5561 0.556739 0.55654
1806 0.556416 0.556096 0.556736 0.556541
1812 0.556418 0.556099 0.556738 0.556543
1818 0.556426 0.556106 0.556746 0.556545
1824 0.556431 0.556111 0.556751 0.556546
1830 0.556439 0.556119 0.556759 0.556548
1836 0.556437 0.556117 0.556757 0.556549
1842 0.556435 0.556115 0.556756 0.556551
1848 0.556438 0.556118 0.556758 0.556552
1854 0.556441 0.556121 0.556762 0.556554
1860 0.55644 0.556119 0.55676 0.556556
1866 0.556446 0.556125 0.556767 0.556557
1872 0.55644 0.55612 0.556761 0.556559
1878 0.556442 0.556121 0.556763 0.55656
1884 0.55644 0.556119 0.556761 0.556562
1890 0.556443 0.556122 0.556764 0.556563
1896 0.556445 0.556124 0.556766 0.556565
1902 0.556453 0.556132 0.556774 0.556566
1908 0.55646 0.556138 0.556781 0.556568
1914 0.556469 0.556147 0.55679 0.556569
1920 0.556468 0.556147 0.55679 0.55657
1926 0.55647 0.556148 0.556792 0.556572
1932 0.556468 0.556146 0.556789 0.556573
1938 0.556474 0.556152 0.556796 0.556575
1944 0.556482 0.55616 0.556804 0.556576
1950 0.556485 0.556162 0.556807 0.556578
1956 0.556478 0.556156 0.556801 0.556579
1962 0.556481 0.556159 0.556803 0.55658
1968 0.556484 0.556162 0.556806 0.556582
1974 0.556484 0.556161 0.556806 0.556583
1980 0.556485 0.556163 0.556808 0.556584
1986 0.55649 0.556167 0.556812 0.556586
1992 0.556487 0.556164 0.55681 0.556587
1998 0.556486 0.556163 0.556808 0.556588
2004 0.556483 0.556161 0.556806 0.55659
2010 0.556488 0.556165 0.556811 0.556591
2016 0.556487 0.556164 0.55681 0.556592
2022 0.556489 0.556166 0.556813 0.556594
2028 0.556489 0.556165 0.556812 0.556595
2034 0.556488 0.556165 0.556812 0.556596
2040 0.556488 0.556164 0.556811 0.556598
2046 0.556487 0.556164 0.556811 0.556599
2052 0.556486 0.556162 0.55681 0.5566
2058 0.556488 0.556164 0.556812 0.556601
2064 0.556484 0.55616 0.556808 0.556603
2070 0.556486 0.556162 0.55681 0.556604
2076 0.556483 0.556159 0.556807 0.556605
2082 0.556482 0.556158 0.556806 0.556606
2088 0.55648 0.556155 0.556804 0.556608
2094 0.55647 0.556146 0.556794 0.556609
2100 0.556463 0.556139 0.556788 0.55661
2106 0.556467 0.556142 0.556791 0.556611
2112 0.556465 0.55614 0.55679 0.556612
2118 0.556468 0.556143 0.556793 0.556614
2124 0.556472 0.556148 0.556797 0.556615
2130 0.556466 0.556141 0.556791 0.556616
2136 0.556465 0.55614 0.55679 0.556617
2142 0.556473 0.556148 0.556798 0.556618
2148 0.556472 0.556147 0.556797 0.556619
2154 0.556476 0.556151 0.556801 0.556621
2160 0.556476 0.556151 0.556801 0.556622
2166 0.556484 0.556159 0.55681 0.556623
2172 0.556489 0.556164 0.556814 0.556624
2178 0.556504 0.556178 0.556829 0.556625
2184 0.556509 0.556183 0.556834 0.556626
2190 0.556511 0.556185 0.556836 0.556627
2196 0.556511 0.556185 0.556836 0.556628
2202 0.556512 0.556187 0.556838 0.55663
2208 0.556518 0.556192 0.556843 0.556631
2214 0.556511 0.556185 0.556836 0.556632
2220 0.556513 0.556187 0.556839 0.556633
2226 0.556503 0.556177 0.556829 0.556634
2232 0.55651 0.556184 0.556836 0.556635
2238 0.556509 0.556183 0.556836 0.556636
2244 0.556514 0.556187 0.55684 0.556637
2250 0.556517 0.556191 0.556843 0.556638
2256 0.55652 0.556193 0.556846 0.556639
2262 0.556518 0.556192 0.556845 0.55664
2268 0.556521 0.556194 0.556847 0.556641
2274 0.55652 0.556193 0.556846 0.556642
2280 0.556525 0.556198 0.556852 0.556643
2286 0.556514 0.556187 0.55684 0.556644
2292 0.556519 0.556192 0.556845 0.556645
2298 0.556518 0.556191 0.556845 0.556646
2304 0.556523 0.556196 0.556849 0.556647
2310 0.556527 0.5562 0.556854 0.556648
2316 0.556522 0.556195 0.556849 0.556649
2322 0.556521 0.556193 0.556848 0.55665
2328 0.556521 0.556193 0.556848 0.556651
2334 0.556524 0.556196 0.556851 0.556652
2340 0.55652 0.556193 0.556848 0.556653
2346 0.556523 0.556196 0.556851 0.556654
2352 0.556522 0.556195 0.55685 0.556655
2358 0.55653 0.556203 0.556858 0.556656
2364 0.556527 0.5562 0.556855 0.556657
2370 0.556523 0.556196 0.556851 0.556658
2376 0.556521 0.556193 0.556848 0.556659
2382 0.556519 0.556191 0.556846 0.55666
2388 0.556525 0.556197 0.556853 0.556661
2394 0.556527 0.556199 0.556855 0.556662
2400 0.556531 0.556203 0.556859 0.556663
2406 0.556537 0.556208 0.556865 0.556664
2412 0.556535 0.556206 0.556863 0.556665
2418 0.556534 0.556206 0.556862 0.556666
2424 0.556542 0.556213 0.55687 0.556666
2430 0.556544 0.556215 0.556872 0.556667
2436 0.556544 0.556215 0.556872 0.556668
2442 0.556548 0.55622 0.556877 0.556669
2448 0.556551 0.556222 0.55688 0.55667
2454 0.556552 0.556223 0.556881 0.556671
2460 0.556547 0.556218 0.556876 0.556672
2466 0.556551 0.556222 0.55688 0.556673
2472 0.55655 0.556221 0.556879 0.556674
2478 0.556558 0.556229 0.556887 0.556674
2484 0.556562 0.556233 0.556891 0.556675
2490 0.556566 0.556237 0.556896 0.556676
2496 0.556566 0.556237 0.556895 0.556677
2502 0.55657 0.556241 0.5569 0.556678
2508 0.556568 0.556238 0.556897 0.556679
2514 0.556567 0.556237 0.556896 0.55668
2520 0.556567 0.556238 0.556897 0.55668
2526 0.556566 0.556237 0.556896 0.556681
2532 0.556568 0.556239 0.556898 0.556682
2538 0.556568 0.556238 0.556897 0.556683
2544 0.556568 0.556238 0.556898 0.556684
2550 0.55657 0.556241 0.5569 0.556685
2556 0.55657 0.55624 0.5569 0.556685
2562 0.556569 0.556239 0.556899 0.556686
2568 0.556575 0.556245 0.556905 0.556687
2574 0.556568 0.556238 0.556898 0.556688
2580 0.55657 0.55624 0.5569 0.556689
2586 0.556569 0.55624 0.556899 0.556689
2592 0.55657 0.55624 0.5569 0.55669
2598 0.556572 0.556242 0.556902 0.556691
2604 0.556574 0.556244 0.556904 0.556692
2610 0.556569 0.556239 0.556899 0.556693
2616 0.556571 0.556241 0.556902 0.556693
2622 0.556568 0.556238 0.556898 0.556694
2628 0.55657 0.55624 0.5569 0.556695
2634 0.55657 0.55624 0.5569 0.556696
2640 0.556574 0.556244 0.556904 0.556696
2646 0.556573 0.556242 0.556903 0.556697
2652 0.556573 0.556243 0.556903 0.556698
2658 0.556575 0.556244 0.556905 0.556699
2664 0.556576 0.556246 0.556906 0.556699
2670 0.556578 0.556248 0.556909 0.5567
2676 0.556578 0.556248 0.556909 0.556701
2682 0.556583 0.556253 0.556913 0.556702
2688 0.556583 0.556253 0.556914 0.556702
2694 0.556586 0.556255 0.556916 0.556703
2700 0.556583 0.556252 0.556913 0.556704
2706 0.556582 0.556251 0.556912 0.556705
2712 0.556583 0.556252 0.556913 0.556705
2718 0.556582 0.556252 0.556913 0.556706
2724 0.556585 0.556254 0.556915 0.556707
2730 0.556582 0.556251 0.556912 0.556707
2736 0.556583 0.556253 0.556913 0.556708
2742 0.556581 0.556251 0.556912 0.556709
2748 0.55658 0.55625 0.556911 0.55671
2754 0.556581 0.556251 0.556912 0.55671
2760 0.55658 0.556249 0.55691 0.556711
2766 0.556578 0.556247 0.556908 0.556712
2772 0.556578 0.556247 0.556908 0.556712
2778 0.556579 0.556248 0.556909 0.556713
2784 0.556586 0.556255 0.556916 0.556714
2790 0.556584 0.556254 0.556915 0.556714
2796 0.556585 0.556255 0.556916 0.556715
2802 0.556587 0.556257 0.556918 0.556716
2808 0.556588 0.556258 0.556919 0.556716
2814 0.556581 0.556251 0.556912 0.556717
2820 0.556582 0.556251 0.556913 0.556718
2826 0.556585 0.556254 0.556916 0.556719
2832 0.556589 0.556258 0.55692 0.556719
2838 0.556591 0.55626 0.556922 0.55672
2844 0.556594 0.556263 0.556925 0.55672
2850 0.556592 0.556261 0.556923 0.556721
2856 0.55659 0.556259 0.556921 0.556722
2862 0.556593 0.556262 0.556924 0.556722
2868 0.55659 0.556259 0.556922 0.556723
2874 0.556591 0.556259 0.556922 0.556724
2880 0.556585 0.556254 0.556917 0.556724
2886 0.556589 0.556257 0.55692 0.556725
2892 0.556589 0.556257 0.55692 0.556726
2898 0.55659 0.556259 0.556922 0.556726
2904 0.556591 0.556259 0.556922 0.556727
2910 0.556593 0.556262 0.556925 0.556728
2916 0.556595 0.556264 0.556927 0.556728
2922 0.556596 0.556264 0.556928 0.556729
2928 0.556596 0.556265 0.556928 0.556729
2934 0.556597 0.556266 0.556929 0.55673
2940 0.556599 0.556267 0.55693 0.556731
2946 0.556599 0.556267 0.556931 0.556731
2952 0.556603 0.556271 0.556935 0.556732
2958 0.55661 0.556278 0.556942 0.556733
2964 0.556613 0.556281 0.556945 0.556733
2970 0.556618 0.556286 0.55695 0.556734
2976 0.55662 0.556288 0.556952 0.556734
2982 0.556621 0.556289 0.556953 0.556735
2988 0.556618 0.556285 0.55695 0.556736
2994 0.556621 0.556288 0.556953 0.556736
3000 0.556619 0.556286 0.556951 0.556737
3006 0.55662 0.556287 0.556952 0.556737
3012 0.55662 0.556288 0.556952 0.556738
3018 0.55662 0.556287 0.556952 0.556738
3024 0.556619 0.556286 0.556951 0.556739
3030 0.556621 0.556288 0.556953 0.55674
3036 0.556619 0.556287 0.556952 0.55674
3042 0.556624 0.556291 0.556957 0.556741
3048 0.556623 0.55629 0.556956 0.556741
3054 0.556624 0.556292 0.556957 0.556742
3060 0.556629 0.556296 0.556961 0.556742
3066 0.556628 0.556295 0.55696 0.556743
3072 0.556626 0.556293 0.556959 0.556744
3078 0.556629 0.556296 0.556961 0.556744
3084 0.556632 0.5563 0.556965 0.556745
3090 0.556636 0.556303 0.556969 0.556745
3096 0.556633 0.5563 0.556966 0.556746
3102 0.556631 0.556298 0.556964 0.556746
3108 0.55663 0.556297 0.556963 0.556747
3114 0.556631 0.556298 0.556964 0.556748
3120 0.556632 0.556299 0.556965 0.556748
3126 0.556633 0.5563 0.556967 0.556749
3132 0.556631 0.556297 0.556964 0.556749
3138 0.556628 0.556295 0.556961 0.55675
3144 0.556628 0.556294 0.556961 0.55675
3150 0.556629 0.556296 0.556962 0.556751
3156 0.556629 0.556295 0.556962 0.556751
3162 0.556631 0.556297 0.556964 0.556752
3168 0.55663 0.556296 0.556963 0.556752
3174 0.556629 0.556295 0.556962 0.556753
3180 0.556627 0.556293 0.556961 0.556753
3186 0.556626 0.556293 0.55696 0.556754
3192 0.556629 0.556295 0.556962 0.556754
3198 0.556628 0.556294 0.556962 0.556755
3204 0.55663 0.556297 0.556964 0.556756
3210 0.556631 0.556297 0.556965 0.556756
3216 0.556633 0.556299 0.556967 0.556757
3222 0.556634 0.5563 0.556968 0.556757
3228 0.556638 0.556305 0.556972 0.556758
3234 0.556643 0.556309 0.556977 0.556758
3240 0.55664 0.556306 0.556974 0.556759
3246 0.55664 0.556306 0.556974 0.556759
3252 0.55664 0.556305 0.556974 0.55676
3258 0.556641 0.556307 0.556975 0.55676
3264 0.556641 0.556307 0.556976 0.556761
3270 0.556644 0.556309 0.556978 0.556761
3276 0.556647 0.556313 0.556981 0.556762
3282 0.556642 0.556308 0.556976 0.556762
3288 0.556639 0.556305 0.556973 0.556763
3294 0.556639 0.556305 0.556973 0.556763
3300 0.556636 0.556301 0.55697 0.556764
3306 0.556632 0.556298 0.556966 0.556764
3312 0.556634 0.5563 0.556968 0.556765
3318 0.556631 0.556297 0.556965 0.556765
3324 0.556631 0.556297 0.556965 0.556766
3330 0.556629 0.556295 0.556964 0.556766
3336 0.556629 0.556295 0.556963 0.556766
3342 0.556629 0.556295 0.556963 0.556767
3348 0.556632 0.556297 0.556966 0.556767
3354 0.556628 0.556294 0.556962 0.556768
3360 0.556632 0.556298 0.556966 0.556768
3366 0.556633 0.556299 0.556967 0.556769
3372 0.556634 0.556299 0.556968 0.556769
3378 0.556631 0.556297 0.556966 0.55677
3384 0.556634 0.5563 0.556969 0.55677
3390 0.556639 0.556304 0.556973 0.556771
3396 0.556638 0.556304 0.556973 0.556771
3402 0.556637 0.556303 0.556972 0.556772
3408 0.556637 0.556303 0.556972 0.556772
3414 0.556637 0.556302 0.556971 0.556773
3420 0.556637 0.556302 0.556971 0.556773
3426 0.556644 0.556309 0.556978 0.556773
3432 0.556643 0.556309 0.556978 0.556774
3438 0.556647 0.556312 0.556981 0.556774
3444 0.556642 0.556308 0.556977 0.556775
3450 0.556644 0.556309 0.556979 0.556775
3456 0.556647 0.556312 0.556981 0.556776
3462 0.55665 0.556315 0.556984 0.556776
3468 0.55665 0.556315 0.556985 0.556777
3474 0.556647 0.556312 0.556981 0.556777
3480 0.556643 0.556308 0.556978 0.556777
3486 0.556643 0.556308 0.556978 0.556778
3492 0.556649 0.556314 0.556984 0.556778
3498 0.556649 0.556314 0.556984 0.556779
3504 0.556651 0.556316 0.556986 0.556779
3510 0.556652 0.556317 0.556987 0.55678
3516 0.556653 0.556318 0.556988 0.55678
3522 0.55665 0.556315 0.556985 0.556781
3528 0.556652 0.556317 0.556987 0.556781
3534 0.556651 0.556316 0.556987 0.556781
3540 0.556655 0.556319 0.55699 0.556782
3546 0.556657 0.556322 0.556992 0.556782
3552 0.556655 0.55632 0.55699 0.556783
3558 0.556653 0.556318 0.556988 0.556783
3564 0.556654 0.556319 0.556989 0.556783
3570 0.556652 0.556316 0.556987 0.556784
3576 0.55665 0.556314 0.556985 0.556784
3582 0.556651 0.556316 0.556986 0.556785
3588 0.556648 0.556313 0.556984 0.556785
3594 0.556646 0.556311 0.556982 0.556786
3600 0.556646 0.556311 0.556982 0.556786
3606 0.556645 0.556309 0.55698 0.556786
3612 0.556646 0.556311 0.556982 0.556787
3618 0.556647 0.556312 0.556983 0.556787
3624 0.556643 0.556308 0.556979 0.556788
3630 0.556643 0.556308 0.556979 0.556788
3636 0.55664 0.556305 0.556975 0.556788
3642 0.556641 0.556306 0.556977 0.556789
3648 0.556644 0.556309 0.55698 0.556789
3654 0.556646 0.55631 0.556981 0.55679
3660 0.556645 0.55631 0.55698 0.55679
3666 0.556645 0.556309 0.55698 0.55679
3672 0.556646 0.556311 0.556982 0.556791
3678 0.556649 0.556314 0.556985 0.556791
3684 0.55665 0.556315 0.556986 0.556792
3690 0.556652 0.556316 0.556987 0.556792
3696 0.556651 0.556316 0.556987 0.556792
3702 0.556656 0.55632 0.556992 0.556793
3708 0.556654 0.556318 0.55699 0.556793
3714 0.556658 0.556322 0.556994 0.556794
3720 0.556656 0.55632 0.556992 0.556794
3726 0.556654 0.556319 0.55699 0.556794
3732 0.556655 0.556319 0.55699 0.556795
3738 0.556651 0.556315 0.556987 0.556795
3744 0.556653 0.556317 0.556989 0.556795
3750 0.556652 0.556316 0.556988 0.556796
3756 0.556651 0.556315 0.556987 0.556796
3762 0.556653 0.556317 0.556989 0.556797
3768 0.556651 0.556316 0.556987 0.556797
3774 0.556652 0.556316 0.556988 0.556797
3780 0.556652 0.556316 0.556988 0.556798
3786 0.556653 0.556317 0.556989 0.556798
3792 0.556656 0.55632 0.556992 0.556798
3798 0.556655 0.556319 0.556991 0.556799
3804 0.556654 0.556318 0.55699 0.556799
3810 0.556655 0.556319 0.556991 0.5568
3816 0.556658 0.556322 0.556994 0.5568
3822 0.556658 0.556322 0.556994 0.5568
3828 0.556658 0.556322 0.556994 0.556801
3834 0.556655 0.556319 0.556991 0.556801
3840 0.556658 0.556322 0.556994 0.556801
3846 0.556658 0.556322 0.556994 0.556802
3852 0.556655 0.556319 0.556991 0.556802
3858 0.556659 0.556322 0.556995 0.556802
3864 0.556658 0.556322 0.556995 0.556803
3870 0.556658 0.556322 0.556995 0.556803
3876 0.556661 0.556324 0.556997 0.556803
3882 0.556665 0.556328 0.557001 0.556804
3888 0.556666 0.55633 0.557002 0.556804
3894 0.556664 0.556328 0.557 0.556805
3900 0.556663 0.556327 0.557 0.556805
3906 0.556664 0.556328 0.557001 0.556805
3912 0.556665 0.556329 0.557002 0.556806
3918 0.556662 0.556325 0.556998 0.556806
3924 0.556664 0.556327 0.557 0.556806
3930 0.556661 0.556325 0.556998 0.556807
3936 0.556662 0.556326 0.556999 0.556807
3942 0.55666 0.556324 0.556997 0.556807
3948 0.556659 0.556323 0.556996 0.556808
3954 0.556659 0.556323 0.556995 0.556808
3960 0.556659 0.556322 0.556995 0.556808
3966 0.556659 0.556323 0.556996 0.556809
3972 0.556658 0.556322 0.556995 0.556809
3978 0.556659 0.556322 0.556995 0.556809
3984 0.556658 0.556322 0.556995 0.55681
3990 0.556659 0.556322 0.556996 0.55681
3996 0.556658 0.556322 0.556995 0.55681
4002 0.556657 0.55632 0.556993 0.556811
4008 0.556656 0.55632 0.556993 0.556811
4014 0.556655 0.556318 0.556991 0.556811
4020 0.556655 0.556319 0.556992 0.556812
4026 0.556656 0.556319 0.556992 0.556812
4032 0.556654 0.556317 0.55699 0.556812
4038 0.556652 0.556315 0.556989 0.556813
4044 0.556652 0.556315 0.556989 0.556813
4050 0.556652 0.556316 0.556989 0.556813
4056 0.556653 0.556316 0.556989 0.556814
4062 0.556652 0.556315 0.556988 0.556814
4068 0.556651 0.556315 0.556988 0.556814
4074 0.556651 0.556314 0.556987 0.556815
4080 0.556653 0.556316 0.556989 0.556815
4086 0.556652 0.556315 0.556988 0.556815
4092 0.556655 0.556318 0.556992 0.556816
4098 0.556655 0.556318 0.556991 0.556816
4104 0.556653 0.556316 0.556989 0.556816
4110 0.556654 0.556317 0.556991 0.556817
4116 0.556652 0.556315 0.556989 0.556817
4122 0.556652 0.556315 0.556989 0.556817
4128 0.556654 0.556317 0.556991 0.556817
4134 0.556655 0.556318 0.556992 0.556818
4140 0.556656 0.556319 0.556993 0.556818
4146 0.556658 0.556321 0.556995 0.556818
4152 0.556664 0.556327 0.557001 0.556819
4158 0.556668 0.556331 0.557005 0.556819
4164 0.55667 0.556333 0.557007 0.556819
4170 0.556666 0.556328 0.557003 0.55682
4176 0.556669 0.556332 0.557006 0.55682
4182 0.556666 0.556329 0.557004 0.55682
4188 0.556668 0.556331 0.557006 0.556821
4194 0.556668 0.556331 0.557005 0.556821
4200 0.556668 0.556331 0.557005 0.556821
4206 0.556669 0.556332 0.557006 0.556821
4212 0.556668 0.556331 0.557005 0.556822
4218 0.556671 0.556334 0.557008 0.556822
4224 0.556671 0.556334 0.557008 0.556822
4230 0.556672 0.556335 0.557009 0.556823
4236 0.556673 0.556336 0.55701 0.556823
4242 0.556674 0.556337 0.557012 0.556823
4248 0.556678 0.55634 0.557015 0.556824
4254 0.556678 0.556341 0.557015 0.556824
4260 0.556677 0.55634 0.557015 0.556824
4266 0.556679 0.556342 0.557016 0.556824
4272 0.556675 0.556337 0.557012 0.556825
4278 0.556677 0.55634 0.557014 0.556825
4284 0.556678 0.55634 0.557015 0.556825
4290 0.556678 0.556341 0.557016 0.556826
4296 0.55668 0.556343 0.557018 0.556826
4302 0.556682 0.556345 0.55702 0.556826
4308 0.556683 0.556345 0.55702 0.556826
4314 0.556683 0.556345 0.55702 0.556827
4320 0.556682 0.556344 0.557019 0.556827
4326 0.556682 0.556344 0.55702 0.556827
4332 0.55668 0.556342 0.557018 0.556828
4338 0.556679 0.556342 0.557017 0.556828
4344 0.556681 0.556343 0.557019 0.556828
4350 0.55668 0.556342 0.557017 0.556828
4356 0.556681 0.556343 0.557019 0.556829
4362 0.556681 0.556343 0.557019 0.556829
4368 0.556681 0.556343 0.557019 0.556829
4374 0.556681 0.556344 0.557019 0.55683
4380 0.556685 0.556347 0.557023 0.55683
4386 0.556685 0.556347 0.557023 0.55683
4392 0.556687 0.556349 0.557025 0.55683
4398 0.556688 0.55635 0.557026 0.556831
4404 0.556687 0.556349 0.557025 0.556831
4410 0.556688 0.55635 0.557026 0.556831
4416 0.556688 0.55635 0.557026 0.556831
4422 0.556686 0.556348 0.557024 0.556832
4428 0.556685 0.556347 0.557023 0.556832
4434 0.556687 0.556349 0.557025 0.556832
4440 0.556688 0.55635 0.557026 0.556833
4446 0.556688 0.55635 0.557026 0.556833
4452 0.556685 0.556347 0.557023 0.556833
4458 0.556685 0.556347 0.557023 0.556833
4464 0.556686 0.556348 0.557025 0.556834
4470 0.556688 0.55635 0.557027 0.556834
4476 0.556689 0.556351 0.557028 0.556834
4482 0.55669 0.556351 0.557028 0.556834
4488 0.55669 0.556352 0.557029 0.556835
4494 0.55669 0.556351 0.557028 0.556835
4500 0.55669 0.556351 0.557028 0.556835
4506 0.556692 0.556353 0.557031 0.556835
4512 0.556693 0.556354 0.557031 0.556836
4518 0.55669 0.556351 0.557028 0.556836
4524 0.556689 0.556351 0.557028 0.556836
4530 0.556691 0.556352 0.557029 0.556837
4536 0.556692 0.556353 0.55703 0.556837
4542 0.556691 0.556352 0.557029 0.556837
4548 0.556691 0.556352 0.557029 0.556837
4554 0.556691 0.556353 0.55703 0.556838
4560 0.556695 0.556356 0.557033 0.556838
4566 0.556695 0.556356 0.557034 0.556838
4572 0.556698 0.556359 0.557036 0.556838
4578 0.556699 0.55636 0.557038 0.556839
4584 0.556699 0.55636 0.557037 0.556839
4590 0.5567 0.556361 0.557038 0.556839
4596 0.5567 0.556361 0.557038 0.556839
4602 0.5567 0.556361 0.557038 0.55684
4608 0.556702 0.556364 0.557041 0.55684
4614 0.556702 0.556364 0.557041 0.55684
4620 0.556701 0.556363 0.55704 0.55684
4626 0.5567 0.556361 0.557038 0.556841
4632 0.556699 0.556361 0.557038 0.556841
4638 0.556701 0.556362 0.55704 0.556841
4644 0.5567 0.556361 0.557039 0.556841
4650 0.556701 0.556362 0.55704 0.556842
4656 0.5567 0.556361 0.557038 0.556842
4662 0.556697 0.556359 0.557036 0.556842
4668 0.556699 0.55636 0.557038 0.556842
4674 0.5567 0.556361 0.557039 0.556843
4680 0.556697 0.556359 0.557036 0.556843
4686 0.556697 0.556358 0.557036 0.556843
4692 0.556695 0.556356 0.557034 0.556843
4698 0.556694 0.556355 0.557033 0.556843
4704 0.556697 0.556358 0.557036 0.556844
4710 0.556698 0.556359 0.557037 0.556844
4716 0.556698 0.556359 0.557037 0.556844
4722 0.5567 0.556361 0.557039 0.556844
4728 0.556702 0.556364 0.557041 0.556845
4734 0.556703 0.556364 0.557042 0.556845
4740 0.556703 0.556364 0.557042 0.556845
4746 0.556705 0.556366 0.557044 0.556845
4752 0.556706 0.556367 0.557045 0.556846
4758 0.556706 0.556367 0.557045 0.556846
4764 0.556706 0.556367 0.557045 0.556846
4770 0.556706 0.556367 0.557045 0.556846
4776 0.556706 0.556367 0.557045 0.556847
4782 0.556706 0.556367 0.557046 0.556847
4788 0.556707 0.556367 0.557046 0.556847
4794 0.556707 0.556368 0.557046 0.556847
4800 0.556704 0.556365 0.557043 0.556848
4806 0.556705 0.556366 0.557045 0.556848
4812 0.556704 0.556365 0.557044 0.556848
4818 0.556704 0.556365 0.557044 0.556848
4824 0.556706 0.556366 0.557045 0.556848
4830 0.556705 0.556366 0.557045 0.556849
4836 0.556706 0.556367 0.557046 0.556849
4842 0.556706 0.556367 0.557046 0.556849
4848 0.556704 0.556364 0.557043 0.556849
4854 0.556703 0.556364 0.557043 0.55685
4860 0.556703 0.556364 0.557043 0.55685
4866 0.556703 0.556363 0.557042 0.55685
4872 0.556704 0.556365 0.557044 0.55685
4878 0.556706 0.556366 0.557045 0.55685
4884 0.556705 0.556365 0.557044 0.556851
4890 0.556705 0.556366 0.557045 0.556851
4896 0.556708 0.556368 0.557048 0.556851
4902 0.556708 0.556368 0.557047 0.556851
4908 0.556707 0.556367 0.557046 0.556852
4914 0.556709 0.55637 0.557049 0.556852
4920 0.55671 0.55637 0.557049 0.556852
4926 0.556711 0.556371 0.557051 0.556852
4932 0.55671 0.55637 0.557049 0.556852
4938 0.556709 0.55637 0.557049 0.556853
4944 0.55671 0.55637 0.55705 0.556853
4950 0.556713 0.556373 0.557052 0.556853
4956 0.556714 0.556374 0.557053 0.556853
4962 0.556714 0.556374 0.557054 0.556854
4968 0.556714 0.556374 0.557053 0.556854
4974 0.556714 0.556375 0.557054 0.556854
4980 0.556715 0.556376 0.557055 0.556854
4986 0.556714 0.556375 0.557054 0.556854
4992 0.556717 0.556378 0.557057 0.556855
4998 0.556718 0.556378 0.557058 0.556855
5004 0.556719 0.55638 0.557059 0.556855
5010 0.556721 0.556381 0.55706 0.556855
5016 0.556722 0.556382 0.557062 0.556855
5022 0.556721 0.556382 0.557061 0.556856
5028 0.556721 0.556381 0.557061 0.556856
5034 0.556722 0.556382 0.557062 0.556856
5040 0.556723 0.556383 0.557063 0.556856
5046 0.556724 0.556384 0.557063 0.556857
5052 0.556726 0.556386 0.557065 0.556857
5058 0.556725 0.556386 0.557065 0.556857
5064 0.556727 0.556388 0.557067 0.556857
5070 0.556728 0.556388 0.557068 0.556857
5076 0.556728 0.556388 0.557068 0.556858
5082 0.556728 0.556388 0.557068 0.556858
5088 0.556728 0.556388 0.557067 0.556858
5094 0.556727 0.556387 0.557067 0.556858
5100 0.556728 0.556388 0.557068 0.556858
5106 0.556727 0.556387 0.557066 0.556859
5112 0.556726 0.556386 0.557066 0.556859
5118 0.556727 0.556387 0.557067 0.556859
5124 0.556727 0.556387 0.557067 0.556859
5130 0.556723 0.556383 0.557063 0.556859
5136 0.556726 0.556386 0.557066 0.55686
5142 0.556725 0.556385 0.557065 0.55686
5148 0.556729 0.556389 0.557069 0.55686
5154 0.556727 0.556387 0.557067 0.55686
5160 0.556728 0.556388 0.557068 0.55686
5166 0.556726 0.556386 0.557066 0.556861
5172 0.556729 0.556389 0.557069 0.556861
5178 0.556728 0.556388 0.557068 0.556861
5184 0.55673 0.556389 0.55707 0.556861
5190 0.556734 0.556394 0.557075 0.556861
5196 0.556736 0.556396 0.557076 0.556862
5202 0.556736 0.556396 0.557076 0.556862
5208 0.55674 0.5564 0.55708 0.556862
5214 0.55674 0.556399 0.55708 0.556862
5220 0.556737 0.556396 0.557077 0.556862
5226 0.556739 0.556399 0.55708 0.556863
5232 0.556742 0.556402 0.557082 0.556863
5238 0.556743 0.556403 0.557084 0.556863
5244 0.556742 0.556402 0.557083 0.556863
5250 0.556742 0.556402 0.557083 0.556863
5256 0.556743 0.556403 0.557084 0.556864
5262 0.556742 0.556401 0.557082 0.556864
5268 0.556743 0.556403 0.557084 0.556864
5274 0.556743 0.556402 0.557083 0.556864
5280 0.556744 0.556404 0.557085 0.556864
5286 0.556745 0.556404 0.557085 0.556864
5292 0.556748 0.556408 0.557089 0.556865
5298 0.556748 0.556407 0.557089 0.556865
5304 0.556748 0.556408 0.557089 0.556865
5310 0.556748 0.556408 0.557089 0.556865
5316 0.556748 0.556407 0.557088 0.556865
5322 0.55675 0.556409 0.557091 0.556866
5328 0.55675 0.556409 0.55709 0.556866
5334 0.55675 0.55641 0.557091 0.556866
5340 0.556749 0.556408 0.55709 0.556866
5346 0.556748 0.556407 0.557089 0.556866
5352 0.556746 0.556405 0.557087 0.556867
5358 0.556748 0.556407 0.557088 0.556867
5364 0.556748 0.556407 0.557088 0.556867
5370 0.556746 0.556405 0.557086 0.556867
5376 0.556745 0.556404 0.557085 0.556867
5382 0.556745 0.556405 0.557086 0.556867
5388 0.556744 0.556404 0.557085 0.556868
5394 0.556748 0.556407 0.557089 0.556868
5400 0.556748 0.556407 0.557088 0.556868
5406 0.556746 0.556405 0.557086 0.556868
5412 0.556747 0.556406 0.557087 0.556868
5418 0.556745 0.556404 0.557086 0.556869
5424 0.556744 0.556403 0.557085 0.556869
5430 0.556746 0.556405 0.557086 0.556869
5436 0.556748 0.556407 0.557089 0.556869
5442 0.556746 0.556406 0.557087 0.556869
5448 0.556747 0.556406 0.557088 0.556869
5454 0.556747 0.556407 0.557088 0.55687
5460 0.556746 0.556405 0.557087 0.55687
5466 0.556746 0.556405 0.557087 0.55687
5472 0.556746 0.556406 0.557087 0.55687
5478 0.55675 0.556409 0.557091 0.55687
5484 0.556749 0.556408 0.557089 0.556871
5490 0.556748 0.556407 0.557089 0.556871
5496 0.556745 0.556404 0.557086 0.556871
5502 0.556744 0.556403 0.557085 0.556871
5508 0.556745 0.556404 0.557086 0.556871
5514 0.556745 0.556404 0.557086 0.556871
5520 0.556744 0.556403 0.557085 0.556872
5526 0.556745 0.556404 0.557086 0.556872
5532 0.556746 0.556405 0.557087 0.556872
5538 0.556746 0.556405 0.557087 0.556872
5544 0.556745 0.556404 0.557086 0.556872
5550 0.556745 0.556404 0.557086 0.556872
5556 0.556746 0.556406 0.557087 0.556873
5562 0.556744 0.556403 0.557085 0.556873
5568 0.556744 0.556403 0.557085 0.556873
5574 0.556745 0.556404 0.557086 0.556873
5580 0.556745 0.556404 0.557086 0.556873
5586 0.556746 0.556405 0.557087 0.556873
5592 0.556745 0.556404 0.557086 0.556874
5598 0.556745 0.556404 0.557086 0.556874
5604 0.556747 0.556406 0.557088 0.556874
5610 0.556746 0.556405 0.557087 0.556874
5616 0.556747 0.556406 0.557088 0.556874
5622 0.556749 0.556408 0.55709 0.556875
5628 0.556749 0.556408 0.55709 0.556875
5634 0.556747 0.556406 0.557088 0.556875
5640 0.556746 0.556405 0.557087 0.556875
5646 0.556746 0.556405 0.557087 0.556875
5652 0.556747 0.556405 0.557088 0.556875
5658 0.556745 0.556404 0.557086 0.556876
5664 0.556746 0.556404 0.557087 0.556876
5670 0.556746 0.556404 0.557087 0.556876
5676 0.556744 0.556403 0.557086 0.556876
5682 0.556744 0.556403 0.557085 0.556876
5688 0.556742 0.556401 0.557083 0.556876
5694 0.556741 0.5564 0.557082 0.556876
5700 0.556742 0.556401 0.557083 0.556877
5706 0.556745 0.556403 0.557086 0.556877
5712 0.556742 0.556401 0.557083 0.556877
5718 0.556743 0.556402 0.557084 0.556877
5724 0.556741 0.5564 0.557083 0.556877
5730 0.556744 0.556402 0.557085 0.556877
5736 0.556746 0.556405 0.557087 0.556878
5742 0.556746 0.556405 0.557088 0.556878
5748 0.556744 0.556403 0.557085 0.556878
5754 0.556746 0.556405 0.557088 0.556878
5760 0.556747 0.556406 0.557088 0.556878
5766 0.556749 0.556408 0.557091 0.556878
5772 0.55675 0.556409 0.557091 0.556879
5778 0.556751 0.55641 0.557093 0.556879
5784 0.556753 0.556412 0.557094 0.556879
5790 0.556754 0.556412 0.557095 0.556879
5796 0.556754 0.556413 0.557096 0.556879
5802 0.556751 0.55641 0.557093 0.556879
5808 0.556752 0.55641 0.557093 0.55688
5814 0.556753 0.556412 0.557094 0.55688
5820 0.556752 0.556411 0.557094 0.55688
5826 0.556752 0.556411 0.557093 0.55688
5832 0.556751 0.55641 0.557093 0.55688
5838 0.55675 0.556409 0.557092 0.55688
5844 0.556753 0.556411 0.557094 0.55688
5850 0.556752 0.55641 0.557093 0.556881
5856 0.556751 0.55641 0.557093 0.556881
5862 0.556751 0.556409 0.557092 0.556881
5868 0.55675 0.556409 0.557092 0.556881
5874 0.556751 0.556409 0.557092 0.556881
5880 0.55675 0.556409 0.557092 0.556881
5886 0.556751 0.55641 0.557093 0.556882
5892 0.556752 0.556411 0.557094 0.556882
5898 0.556753 0.556412 0.557095 0.556882
5904 0.556753 0.556411 0.557094 0.556882
5910 0.55675 0.556408 0.557091 0.556882
5916 0.55675 0.556409 0.557092 0.556882
5922 0.556749 0.556408 0.557091 0.556882
5928 0.556749 0.556408 0.557091 0.556883
5934 0.556749 0.556407 0.55709 0.556883
5940 0.556752 0.556411 0.557094 0.556883
5946 0.556752 0.556411 0.557094 0.556883
5952 0.556754 0.556412 0.557095 0.556883
5958 0.556755 0.556413 0.557096 0.556883
5964 0.556755 0.556413 0.557096 0.556884
5970 0.556753 0.556411 0.557094 0.556884
5976 0.556752 0.55641 0.557093 0.556884
5982 0.556753 0.556412 0.557095 0.556884
5988 0.556756 0.556414 0.557097 0.556884
5994 0.556757 0.556416 0.557099 0.556884
6000 0.556758 0.556416 0.557099 0.556884
6006 0.556757 0.556416 0.557099 0.556885
6012 0.556759 0.556418 0.557101 0.556885
6018 0.556759 0.556417 0.557101 0.556885
6024 0.556758 0.556417 0.5571 0.556885
6030 0.556759 0.556418 0.557101 0.556885
6036 0.556761 0.556419 0.557102 0.556885
6042 0.556762 0.55642 0.557104 0.556885
6048 0.556761 0.556419 0.557102 0.556886
6054 0.55676 0.556419 0.557102 0.556886
6060 0.55676 0.556418 0.557102 0.556886
6066 0.556759 0.556417 0.5571 0.556886
6072 0.556759 0.556418 0.557101 0.556886
6078 0.556761 0.55642 0.557103 0.556886
6084 0.55676 0.556419 0.557102 0.556886
6090 0.556761 0.556419 0.557102 0.556887
6096 0.556761 0.556419 0.557103 0.556887
6102 0.556759 0.556418 0.557101 0.556887
6108 0.55676 0.556419 0.557102 0.556887
6114 0.556761 0.556419 0.557103 0.556887
6120 0.556762 0.556421 0.557104 0.556887
6126 0.556764 0.556422 0.557106 0.556887
6132 0.556765 0.556423 0.557106 0.556888
6138 0.556764 0.556422 0.557106 0.556888
6144 0.556764 0.556422 0.557106 0.556888
6150 0.556765 0.556424 0.557107 0.556888
6156 0.556766 0.556424 0.557108 0.556888
6162 0.556765 0.556423 0.557107 0.556888
6168 0.556765 0.556423 0.557107 0.556888
6174 0.556766 0.556424 0.557108 0.556889
6180 0.556766 0.556424 0.557108 0.556889
6186 0.556764 0.556423 0.557106 0.556889
6192 0.556763 0.556421 0.557105 0.556889
6198 0.556763 0.556421 0.557105 0.556889
6204 0.556765 0.556423 0.557107 0.556889
6210 0.556766 0.556424 0.557108 0.556889
6216 0.556767 0.556425 0.557109 0.55689
6222 0.556766 0.556424 0.557108 0.55689
6228 0.556766 0.556424 0.557108 0.55689
6234 0.556765 0.556423 0.557107 0.55689
6240 0.556766 0.556424 0.557108 0.55689
6246 0.556766 0.556424 0.557108 0.55689
6252 0.556769 0.556427 0.557111 0.55689
6258 0.556769 0.556427 0.55711 0.556891
6264 0.55677 0.556428 0.557112 0.556891
6270 0.55677 0.556428 0.557112 0.556891
6276 0.556772 0.55643 0.557113 0.556891
6282 0.55677 0.556428 0.557112 0.556891
6288 0.55677 0.556428 0.557112 0.556891
6294 0.556769 0.556427 0.557111 0.556891
