//total_population estimated_relatedness lower_bound upper_bound relatedness
1040 0.925964 nan nan 0.925964
1060 0.925993 0.925963 0.926023 0.925967
1081 0.926011 0.925969 0.926053 0.92597
1102 0.926009 0.925958 0.92606 0.925972
1123 0.925981 0.925923 0.926039 0.925975
1144 0.925992 0.925927 0.926057 0.925977
1164 0.926014 0.925943 0.926084 0.925979
1185 0.926042 0.925967 0.926117 0.925982
1206 0.926052 0.925972 0.926131 0.925984
1227 0.926051 0.925967 0.926135 0.925986
1248 0.92604 0.925952 0.926127 0.925988
1268 0.926056 0.925965 0.926146 0.92599
1289 0.926033 0.925939 0.926127 0.925992
1310 0.926045 0.925948 0.926142 0.925994
1331 0.926058 0.925958 0.926158 0.925995
1352 0.926045 0.925942 0.926148 0.925997
1372 0.926042 0.925937 0.926147 0.925999
1393 0.926026 0.925919 0.926134 0.926
1414 0.926045 0.925936 0.926155 0.926002
1435 0.926044 0.925933 0.926155 0.926003
1456 0.926056 0.925943 0.92617 0.926005
1476 0.926055 0.92594 0.926171 0.926006
1497 0.926049 0.925932 0.926167 0.926008
1518 0.926052 0.925933 0.926171 0.926009
1539 0.926041 0.925919 0.926162 0.92601
1560 0.926025 0.925902 0.926148 0.926012
1580 0.926025 0.9259 0.92615 0.926013
1601 0.926007 0.92588 0.926133 0.926014
1622 0.926011 0.925883 0.926139 0.926015
1643 0.926016 0.925886 0.926145 0.926017
1664 0.926007 0.925876 0.926138 0.926018
1684 0.926027 0.925895 0.926159 0.926019
1705 0.926026 0.925893 0.92616 0.92602
1726 0.926033 0.925898 0.926168 0.926021
1747 0.926034 0.925898 0.92617 0.926022
1768 0.926022 0.925884 0.926159 0.926023
1788 0.926017 0.925879 0.926155 0.926024
1809 0.92601 0.92587 0.926149 0.926025
1830 0.926011 0.92587 0.926152 0.926026
1851 0.926024 0.925883 0.926165 0.926027
1872 0.926035 0.925892 0.926177 0.926028
1892 0.926039 0.925896 0.926183 0.926028
1913 0.926037 0.925892 0.926182 0.926029
1934 0.926026 0.92588 0.926171 0.92603
1955 0.92601 0.925864 0.926157 0.926031
1976 0.926008 0.925861 0.926156 0.926032
1996 0.926009 0.92586 0.926157 0.926032
2017 0.926013 0.925863 0.926162 0.926033
2038 0.926018 0.925868 0.926168 0.926034
2059 0.926012 0.925861 0.926163 0.926035
2080 0.926009 0.925857 0.92616 0.926035
2100 0.926012 0.92586 0.926164 0.926036
2121 0.926011 0.925859 0.926163 0.926037
2142 0.926018 0.925864 0.926171 0.926038
2163 0.926017 0.925863 0.926171 0.926038
2184 0.926007 0.925853 0.926162 0.926039
2204 0.926002 0.925847 0.926157 0.926039
2225 0.925999 0.925844 0.926155 0.92604
2246 0.925987 0.925831 0.926143 0.926041
2267 0.925987 0.92583 0.926145 0.926041
2288 0.925983 0.925825 0.926141 0.926042
2308 0.925978 0.92582 0.926136 0.926042
2329 0.925968 0.925809 0.926126 0.926043
2350 0.92597 0.925811 0.926129 0.926044
2371 0.925973 0.925813 0.926133 0.926044
2392 0.925976 0.925816 0.926136 0.926045
2412 0.925973 0.925812 0.926134 0.926045
2433 0.925975 0.925813 0.926136 0.926046
2454 0.925977 0.925815 0.926139 0.926046
2475 0.925989 0.925827 0.926152 0.926047
2496 0.925989 0.925826 0.926152 0.926047
2516 0.925993 0.925829 0.926156 0.926048
2537 0.925992 0.925828 0.926155 0.926048
2558 0.925978 0.925814 0.926143 0.926049
2579 0.925978 0.925814 0.926143 0.926049
2600 0.925979 0.925813 0.926144 0.92605
2620 0.925981 0.925815 0.926147 0.92605
2641 0.925971 0.925805 0.926138 0.926051
2662 0.925978 0.925811 0.926145 0.926051
2683 0.925981 0.925814 0.926149 0.926051
2704 0.925983 0.925815 0.92615 0.926052
2724 0.925986 0.925818 0.926154 0.926052
2745 0.925987 0.925819 0.926156 0.926053
2766 0.925999 0.92583 0.926167 0.926053
2787 0.925997 0.925828 0.926166 0.926054
2808 0.926004 0.925835 0.926174 0.926054
2828 0.925991 0.925821 0.926161 0.926054
2849 0.92598 0.92581 0.926151 0.926055
2870 0.925988 0.925817 0.926159 0.926055
2891 0.925993 0.925821 0.926164 0.926055
2912 0.925989 0.925818 0.926161 0.926056
2932 0.925986 0.925814 0.926158 0.926056
2953 0.925988 0.925816 0.92616 0.926056
2974 0.925989 0.925816 0.926161 0.926057
2995 0.925991 0.925818 0.926163 0.926057
3016 0.925992 0.925819 0.926165 0.926058
3036 0.925992 0.925819 0.926165 0.926058
3057 0.925993 0.92582 0.926167 0.926058
3078 0.925993 0.92582 0.926167 0.926059
3099 0.925994 0.92582 0.926168 0.926059
3120 0.925997 0.925822 0.926171 0.926059
3140 0.926001 0.925826 0.926175 0.926059
3161 0.926002 0.925827 0.926177 0.92606
3182 0.926006 0.925831 0.926181 0.92606
3203 0.925997 0.925822 0.926173 0.92606
3224 0.925997 0.925821 0.926172 0.926061
3244 0.925992 0.925816 0.926168 0.926061
3265 0.925985 0.925809 0.926161 0.926061
3286 0.925979 0.925802 0.926156 0.926062
3307 0.925976 0.925799 0.926153 0.926062
3328 0.925976 0.925799 0.926153 0.926062
3348 0.925982 0.925805 0.926159 0.926062
3369 0.925983 0.925806 0.926161 0.926063
3390 0.925981 0.925803 0.926159 0.926063
3411 0.925983 0.925805 0.926161 0.926063
3432 0.925976 0.925797 0.926154 0.926063
3452 0.925979 0.9258 0.926157 0.926064
3473 0.925975 0.925797 0.926154 0.926064
3494 0.925979 0.9258 0.926158 0.926064
3515 0.925984 0.925805 0.926163 0.926064
3536 0.925994 0.925815 0.926174 0.926065
3556 0.925991 0.925812 0.926171 0.926065
3577 0.925991 0.925811 0.926171 0.926065
3598 0.925992 0.925812 0.926172 0.926065
3619 0.925992 0.925812 0.926173 0.926066
3640 0.925988 0.925808 0.926169 0.926066
3660 0.925992 0.925811 0.926173 0.926066
3681 0.925992 0.925811 0.926174 0.926066
3702 0.925995 0.925813 0.926176 0.926067
3723 0.92599 0.925809 0.926172 0.926067
3744 0.92599 0.925808 0.926172 0.926067
3764 0.925992 0.92581 0.926174 0.926067
3785 0.925993 0.925811 0.926175 0.926067
3806 0.925994 0.925812 0.926177 0.926068
3827 0.925998 0.925816 0.92618 0.926068
3848 0.926 0.925818 0.926182 0.926068
3868 0.926005 0.925823 0.926188 0.926068
3889 0.926005 0.925822 0.926187 0.926069
3910 0.926005 0.925822 0.926188 0.926069
3931 0.926002 0.925819 0.926185 0.926069
3952 0.926007 0.925823 0.92619 0.926069
3972 0.926011 0.925828 0.926194 0.926069
3993 0.926006 0.925823 0.92619 0.92607
4014 0.926004 0.92582 0.926188 0.92607
4035 0.926002 0.925818 0.926186 0.92607
4056 0.925999 0.925815 0.926183 0.92607
4076 0.926 0.925815 0.926184 0.92607
4097 0.925996 0.925812 0.926181 0.92607
4118 0.926001 0.925816 0.926185 0.926071
4139 0.925999 0.925814 0.926184 0.926071
4160 0.925996 0.925811 0.926181 0.926071
4180 0.925994 0.925809 0.92618 0.926071
4201 0.925996 0.925811 0.926181 0.926071
4222 0.925993 0.925807 0.926178 0.926072
4243 0.925995 0.925809 0.926181 0.926072
4264 0.925998 0.925812 0.926184 0.926072
4284 0.925997 0.925812 0.926183 0.926072
4305 0.925998 0.925812 0.926184 0.926072
4326 0.926002 0.925816 0.926188 0.926072
4347 0.926002 0.925815 0.926188 0.926073
4368 0.926007 0.92582 0.926193 0.926073
4388 0.926009 0.925822 0.926196 0.926073
4409 0.92601 0.925823 0.926196 0.926073
4430 0.926011 0.925824 0.926198 0.926073
4451 0.926013 0.925826 0.9262 0.926073
4472 0.926013 0.925826 0.9262 0.926073
4492 0.926012 0.925825 0.926199 0.926074
4513 0.926007 0.92582 0.926194 0.926074
4534 0.926006 0.925819 0.926194 0.926074
4555 0.926001 0.925813 0.926189 0.926074
4576 0.926006 0.925818 0.926194 0.926074
4596 0.926004 0.925816 0.926192 0.926074
4617 0.926006 0.925818 0.926194 0.926075
4638 0.926003 0.925815 0.926191 0.926075
4659 0.926009 0.925821 0.926197 0.926075
4680 0.926005 0.925816 0.926193 0.926075
4700 0.926001 0.925812 0.92619 0.926075
4721 0.926004 0.925815 0.926193 0.926075
4742 0.926006 0.925817 0.926195 0.926075
4763 0.926004 0.925815 0.926194 0.926076
4784 0.926004 0.925815 0.926194 0.926076
4804 0.926004 0.925815 0.926193 0.926076
4825 0.926007 0.925818 0.926197 0.926076
4846 0.926009 0.92582 0.926199 0.926076
4867 0.926008 0.925819 0.926198 0.926076
4888 0.926008 0.925819 0.926198 0.926076
4908 0.92601 0.92582 0.9262 0.926076
4929 0.926015 0.925825 0.926205 0.926077
4950 0.926016 0.925825 0.926206 0.926077
4971 0.926021 0.925831 0.926212 0.926077
4992 0.926018 0.925827 0.926209 0.926077
5012 0.926025 0.925834 0.926215 0.926077
5033 0.926028 0.925838 0.926219 0.926077
5054 0.926025 0.925834 0.926216 0.926077
5075 0.926029 0.925838 0.926219 0.926077
5096 0.926024 0.925833 0.926215 0.926078
5116 0.926023 0.925833 0.926214 0.926078
5137 0.926025 0.925834 0.926216 0.926078
5158 0.926029 0.925838 0.92622 0.926078
5179 0.926035 0.925844 0.926226 0.926078
5200 0.926031 0.92584 0.926222 0.926078
5220 0.926035 0.925844 0.926226 0.926078
5241 0.926036 0.925844 0.926227 0.926078
5262 0.926036 0.925844 0.926227 0.926078
5283 0.926036 0.925844 0.926227 0.926079
5304 0.926034 0.925843 0.926226 0.926079
5324 0.926038 0.925846 0.926229 0.926079
5345 0.926041 0.925849 0.926232 0.926079
5366 0.926045 0.925854 0.926237 0.926079
5387 0.926045 0.925853 0.926237 0.926079
5408 0.926042 0.92585 0.926234 0.926079
5428 0.926041 0.925849 0.926233 0.926079
5449 0.926042 0.92585 0.926235 0.926079
5470 0.926041 0.925849 0.926233 0.92608
5491 0.926044 0.925851 0.926236 0.92608
5512 0.926046 0.925854 0.926238 0.92608
5532 0.926048 0.925855 0.92624 0.92608
5553 0.926044 0.925851 0.926237 0.92608
5574 0.926046 0.925853 0.926238 0.92608
5595 0.926043 0.92585 0.926236 0.92608
5616 0.926045 0.925852 0.926238 0.92608
5636 0.926042 0.925849 0.926235 0.92608
5657 0.92604 0.925847 0.926233 0.92608
5678 0.926039 0.925846 0.926232 0.926081
5699 0.926041 0.925848 0.926234 0.926081
5720 0.926042 0.925848 0.926235 0.926081
5740 0.926035 0.925842 0.926229 0.926081
5761 0.92603 0.925837 0.926224 0.926081
5782 0.926031 0.925837 0.926225 0.926081
5803 0.926036 0.925842 0.92623 0.926081
5824 0.926037 0.925843 0.926231 0.926081
5844 0.926035 0.925841 0.926229 0.926081
5865 0.926028 0.925834 0.926222 0.926081
5886 0.926029 0.925835 0.926223 0.926081
5907 0.926027 0.925833 0.926222 0.926082
5928 0.92603 0.925835 0.926224 0.926082
5948 0.926034 0.92584 0.926229 0.926082
5969 0.926033 0.925839 0.926228 0.926082
5990 0.92603 0.925835 0.926225 0.926082
6011 0.926027 0.925833 0.926222 0.926082
6032 0.926025 0.925831 0.92622 0.926082
6052 0.926026 0.925831 0.926221 0.926082
6073 0.926023 0.925828 0.926218 0.926082
6094 0.926025 0.92583 0.92622 0.926082
6115 0.926022 0.925827 0.926217 0.926082
6136 0.926017 0.925822 0.926212 0.926082
6156 0.926017 0.925822 0.926212 0.926083
6177 0.926017 0.925822 0.926212 0.926083
6198 0.926015 0.925819 0.92621 0.926083
6219 0.92602 0.925824 0.926215 0.926083
6240 0.926024 0.925829 0.92622 0.926083
6260 0.926026 0.925831 0.926221 0.926083
6281 0.926027 0.925832 0.926223 0.926083
6302 0.926032 0.925836 0.926227 0.926083
6323 0.926032 0.925836 0.926227 0.926083
6344 0.926027 0.925831 0.926223 0.926083
6364 0.926027 0.925831 0.926223 0.926083
6385 0.92603 0.925834 0.926226 0.926083
6406 0.926029 0.925834 0.926225 0.926083
6427 0.926022 0.925826 0.926218 0.926084
6448 0.926022 0.925826 0.926218 0.926084
6468 0.926021 0.925825 0.926218 0.926084
6489 0.926023 0.925827 0.926219 0.926084
6510 0.926026 0.92583 0.926222 0.926084
6531 0.926027 0.925831 0.926223 0.926084
6552 0.926025 0.925829 0.926221 0.926084
6572 0.926024 0.925827 0.92622 0.926084
6593 0.92602 0.925823 0.926216 0.926084
6614 0.926016 0.92582 0.926213 0.926084
6635 0.926011 0.925814 0.926207 0.926084
6656 0.926013 0.925816 0.92621 0.926084
6676 0.926012 0.925815 0.926208 0.926084
6697 0.92601 0.925814 0.926207 0.926084
6718 0.92601 0.925813 0.926207 0.926085
6739 0.926007 0.92581 0.926204 0.926085
6760 0.926004 0.925807 0.926201 0.926085
6780 0.926 0.925803 0.926197 0.926085
6801 0.926001 0.925804 0.926198 0.926085
6822 0.926005 0.925808 0.926202 0.926085
6843 0.926003 0.925805 0.9262 0.926085
6864 0.926002 0.925804 0.926199 0.926085
6884 0.926001 0.925804 0.926199 0.926085
6905 0.925999 0.925801 0.926196 0.926085
6926 0.925997 0.9258 0.926195 0.926085
6947 0.925996 0.925798 0.926193 0.926085
6968 0.925996 0.925798 0.926193 0.926085
6988 0.925999 0.925802 0.926197 0.926085
7009 0.926001 0.925803 0.926198 0.926085
7030 0.926002 0.925804 0.9262 0.926086
7051 0.926002 0.925804 0.9262 0.926086
7072 0.926003 0.925805 0.926201 0.926086
7092 0.925999 0.925801 0.926197 0.926086
7113 0.926 0.925802 0.926198 0.926086
7134 0.925999 0.925801 0.926196 0.926086
7155 0.925996 0.925799 0.926194 0.926086
7176 0.925995 0.925797 0.926193 0.926086
7196 0.925996 0.925798 0.926194 0.926086
7217 0.925997 0.925799 0.926195 0.926086
7238 0.925995 0.925797 0.926193 0.926086
7259 0.925995 0.925797 0.926193 0.926086
7280 0.925997 0.925799 0.926195 0.926086
7300 0.926002 0.925804 0.9262 0.926086
7321 0.926002 0.925803 0.9262 0.926086
7342 0.926002 0.925804 0.9262 0.926086
7363 0.926001 0.925802 0.926199 0.926086
7384 0.926 0.925802 0.926199 0.926087
7404 0.926005 0.925807 0.926203 0.926087
7425 0.926008 0.92581 0.926207 0.926087
7446 0.926009 0.925811 0.926207 0.926087
7467 0.926009 0.92581 0.926207 0.926087
7488 0.926006 0.925808 0.926204 0.926087
7508 0.926004 0.925805 0.926202 0.926087
7529 0.926 0.925802 0.926199 0.926087
7550 0.926 0.925802 0.926199 0.926087
7571 0.925999 0.9258 0.926198 0.926087
7592 0.926001 0.925802 0.926199 0.926087
7612 0.926 0.925802 0.926199 0.926087
7633 0.926002 0.925803 0.9262 0.926087
7654 0.925999 0.925801 0.926198 0.926087
7675 0.925998 0.925799 0.926197 0.926087
7696 0.925995 0.925796 0.926194 0.926087
7716 0.925991 0.925792 0.92619 0.926087
7737 0.925986 0.925787 0.926185 0.926087
7758 0.925986 0.925787 0.926185 0.926088
7779 0.925985 0.925786 0.926184 0.926088
7800 0.925989 0.92579 0.926188 0.926088
7820 0.925991 0.925792 0.92619 0.926088
7841 0.92599 0.925791 0.92619 0.926088
7862 0.925994 0.925794 0.926193 0.926088
7883 0.925996 0.925797 0.926196 0.926088
7904 0.925998 0.925799 0.926197 0.926088
7924 0.926 0.9258 0.926199 0.926088
7945 0.926001 0.925801 0.9262 0.926088
7966 0.926003 0.925803 0.926202 0.926088
7987 0.926002 0.925802 0.926201 0.926088
8008 0.925999 0.9258 0.926199 0.926088
8028 0.926 0.925801 0.9262 0.926088
8049 0.926002 0.925802 0.926201 0.926088
8070 0.926004 0.925805 0.926204 0.926088
8091 0.926008 0.925809 0.926208 0.926088
8112 0.926008 0.925808 0.926207 0.926088
8132 0.926007 0.925807 0.926207 0.926088
8153 0.926005 0.925805 0.926205 0.926088
8174 0.926007 0.925808 0.926207 0.926088
8195 0.926006 0.925807 0.926206 0.926089
8216 0.926004 0.925804 0.926204 0.926089
8236 0.926002 0.925802 0.926202 0.926089
8257 0.926 0.9258 0.9262 0.926089
8278 0.926001 0.925801 0.926201 0.926089
8299 0.926001 0.925801 0.926201 0.926089
8320 0.925999 0.925799 0.926199 0.926089
8340 0.925995 0.925795 0.926195 0.926089
8361 0.925994 0.925794 0.926194 0.926089
8382 0.925994 0.925794 0.926195 0.926089
8403 0.925993 0.925793 0.926194 0.926089
8424 0.925992 0.925792 0.926192 0.926089
8444 0.925991 0.925791 0.926191 0.926089
8465 0.925993 0.925792 0.926193 0.926089
8486 0.925993 0.925792 0.926193 0.926089
8507 0.92599 0.925789 0.92619 0.926089
8528 0.925989 0.925788 0.926189 0.926089
8548 0.925988 0.925787 0.926188 0.926089
8569 0.925988 0.925788 0.926189 0.926089
8590 0.925989 0.925788 0.92619 0.926089
8611 0.925989 0.925788 0.926189 0.926089
8632 0.925985 0.925785 0.926186 0.926089
8652 0.925984 0.925783 0.926185 0.926089
8673 0.925981 0.92578 0.926181 0.92609
8694 0.925979 0.925778 0.92618 0.92609
8715 0.925978 0.925777 0.926179 0.92609
8736 0.92598 0.925779 0.926181 0.92609
8756 0.925979 0.925778 0.92618 0.92609
8777 0.925979 0.925778 0.92618 0.92609
8798 0.92598 0.925779 0.926181 0.92609
8819 0.92598 0.925779 0.926181 0.92609
8840 0.925983 0.925782 0.926184 0.92609
8860 0.925984 0.925783 0.926185 0.92609
8881 0.925982 0.925781 0.926183 0.92609
8902 0.925986 0.925785 0.926187 0.92609
8923 0.925985 0.925784 0.926186 0.92609
8944 0.925986 0.925785 0.926187 0.92609
8964 0.925987 0.925786 0.926188 0.92609
8985 0.925988 0.925787 0.926189 0.92609
9006 0.925987 0.925785 0.926188 0.92609
9027 0.925984 0.925782 0.926185 0.92609
9048 0.925984 0.925782 0.926185 0.92609
9068 0.925983 0.925781 0.926184 0.92609
9089 0.925982 0.925781 0.926183 0.92609
9110 0.92598 0.925779 0.926182 0.92609
9131 0.925976 0.925775 0.926178 0.92609
9152 0.925977 0.925776 0.926179 0.92609
9172 0.925979 0.925777 0.92618 0.92609
9193 0.92598 0.925778 0.926181 0.92609
9214 0.925978 0.925776 0.926179 0.926091
9235 0.925975 0.925774 0.926177 0.926091
9256 0.925975 0.925774 0.926177 0.926091
9276 0.925973 0.925772 0.926175 0.926091
9297 0.925972 0.92577 0.926174 0.926091
9318 0.925971 0.92577 0.926173 0.926091
9339 0.92597 0.925768 0.926172 0.926091
9360 0.925973 0.925771 0.926175 0.926091
9380 0.925973 0.925771 0.926175 0.926091
9401 0.92597 0.925768 0.926172 0.926091
9422 0.92597 0.925768 0.926172 0.926091
9443 0.925971 0.925769 0.926173 0.926091
9464 0.925974 0.925772 0.926176 0.926091
9484 0.925973 0.925771 0.926175 0.926091
9505 0.925973 0.925771 0.926175 0.926091
9526 0.925974 0.925772 0.926176 0.926091
9547 0.925975 0.925773 0.926177 0.926091
9568 0.925973 0.925771 0.926175 0.926091
9588 0.925973 0.925771 0.926175 0.926091
9609 0.925971 0.925769 0.926173 0.926091
9630 0.92597 0.925768 0.926172 0.926091
9651 0.92597 0.925767 0.926172 0.926091
9672 0.925972 0.92577 0.926174 0.926091
9692 0.925972 0.92577 0.926174 0.926091
9713 0.925971 0.925769 0.926173 0.926091
9734 0.925974 0.925772 0.926176 0.926091
9755 0.925973 0.925771 0.926175 0.926091
9776 0.925971 0.925769 0.926173 0.926091
9796 0.925973 0.925771 0.926175 0.926091
9817 0.925973 0.925771 0.926176 0.926091
9838 0.925975 0.925773 0.926177 0.926092
9859 0.925977 0.925775 0.926179 0.926092
9880 0.925977 0.925775 0.92618 0.926092
9900 0.925977 0.925774 0.926179 0.926092
9921 0.925978 0.925775 0.92618 0.926092
9942 0.925975 0.925772 0.926177 0.926092
9963 0.925972 0.92577 0.926175 0.926092
9984 0.925975 0.925773 0.926178 0.926092
10004 0.925975 0.925773 0.926178 0.926092
10025 0.925976 0.925773 0.926178 0.926092
10046 0.925979 0.925776 0.926181 0.926092
10067 0.925981 0.925779 0.926184 0.926092
10088 0.925981 0.925779 0.926184 0.926092
10108 0.925981 0.925778 0.926184 0.926092
10129 0.92598 0.925778 0.926183 0.926092
10150 0.925982 0.925779 0.926185 0.926092
10171 0.925983 0.925781 0.926186 0.926092
10192 0.925988 0.925785 0.926191 0.926092
10212 0.925987 0.925784 0.92619 0.926092
10233 0.925987 0.925784 0.92619 0.926092
10254 0.925985 0.925782 0.926188 0.926092
10275 0.925983 0.92578 0.926186 0.926092
10296 0.925984 0.925781 0.926187 0.926092
10316 0.925984 0.925782 0.926187 0.926092
10337 0.925984 0.925781 0.926187 0.926092
10358 0.925982 0.925779 0.926185 0.926092
10379 0.925982 0.925779 0.926185 0.926092
10400 0.925983 0.92578 0.926185 0.926092
10420 0.925983 0.92578 0.926186 0.926092
10441 0.925982 0.925779 0.926185 0.926092
10462 0.925981 0.925778 0.926184 0.926092
10483 0.925982 0.925779 0.926185 0.926092
10504 0.925981 0.925778 0.926184 0.926092
10524 0.925983 0.92578 0.926186 0.926093
10545 0.925982 0.925779 0.926185 0.926093
10566 0.925983 0.92578 0.926186 0.926093
10587 0.925985 0.925782 0.926188 0.926093
10608 0.925985 0.925782 0.926188 0.926093
10628 0.925984 0.925781 0.926188 0.926093
10649 0.925986 0.925783 0.926189 0.926093
10670 0.925986 0.925783 0.92619 0.926093
10691 0.925987 0.925784 0.92619 0.926093
10712 0.92599 0.925787 0.926194 0.926093
10732 0.925992 0.925789 0.926195 0.926093
10753 0.925991 0.925788 0.926195 0.926093
10774 0.925994 0.92579 0.926197 0.926093
10795 0.925993 0.92579 0.926197 0.926093
10816 0.925993 0.92579 0.926196 0.926093
10836 0.925994 0.92579 0.926197 0.926093
10857 0.925994 0.925791 0.926197 0.926093
10878 0.925993 0.92579 0.926197 0.926093
10899 0.925995 0.925792 0.926198 0.926093
10920 0.925994 0.92579 0.926197 0.926093
10940 0.925994 0.925791 0.926198 0.926093
10961 0.925993 0.92579 0.926196 0.926093
10982 0.925995 0.925792 0.926199 0.926093
11003 0.925993 0.92579 0.926197 0.926093
11024 0.925993 0.92579 0.926196 0.926093
11044 0.925993 0.92579 0.926197 0.926093
11065 0.92599 0.925786 0.926193 0.926093
11086 0.925988 0.925784 0.926191 0.926093
11107 0.925988 0.925785 0.926192 0.926093
11128 0.925984 0.925781 0.926188 0.926093
11148 0.925985 0.925781 0.926188 0.926093
11169 0.925986 0.925783 0.92619 0.926093
11190 0.925987 0.925783 0.92619 0.926093
11211 0.925989 0.925785 0.926193 0.926093
11232 0.925988 0.925784 0.926192 0.926093
11252 0.925987 0.925784 0.926191 0.926093
11273 0.925987 0.925784 0.926191 0.926093
11294 0.925986 0.925782 0.926189 0.926093
11315 0.925983 0.925779 0.926187 0.926093
11336 0.925984 0.92578 0.926188 0.926094
11356 0.925983 0.92578 0.926187 0.926094
11377 0.925984 0.92578 0.926188 0.926094
11398 0.925985 0.925781 0.926189 0.926094
11419 0.925985 0.925781 0.926189 0.926094
11440 0.925985 0.925781 0.926189 0.926094
11460 0.925986 0.925782 0.92619 0.926094
11481 0.925985 0.925781 0.926189 0.926094
11502 0.925985 0.925781 0.926189 0.926094
11523 0.925986 0.925782 0.92619 0.926094
11544 0.925987 0.925783 0.926191 0.926094
11564 0.925986 0.925782 0.92619 0.926094
11585 0.925988 0.925784 0.926193 0.926094
11606 0.925988 0.925784 0.926193 0.926094
11627 0.925988 0.925783 0.926192 0.926094
11648 0.925988 0.925784 0.926192 0.926094
11668 0.925987 0.925783 0.926191 0.926094
11689 0.925989 0.925784 0.926193 0.926094
11710 0.925989 0.925785 0.926193 0.926094
11731 0.925986 0.925782 0.926191 0.926094
11752 0.925985 0.925781 0.926189 0.926094
11772 0.925984 0.92578 0.926188 0.926094
11793 0.925981 0.925777 0.926185 0.926094
11814 0.92598 0.925776 0.926185 0.926094
11835 0.925982 0.925778 0.926186 0.926094
11856 0.925982 0.925777 0.926186 0.926094
11876 0.925983 0.925779 0.926187 0.926094
11897 0.925983 0.925778 0.926187 0.926094
11918 0.925981 0.925777 0.926186 0.926094
11939 0.925981 0.925777 0.926185 0.926094
11960 0.925984 0.925779 0.926188 0.926094
11980 0.925982 0.925778 0.926187 0.926094
12001 0.925981 0.925777 0.926185 0.926094
12022 0.925981 0.925776 0.926185 0.926094
12043 0.925979 0.925774 0.926183 0.926094
12064 0.92598 0.925776 0.926184 0.926094
12084 0.92598 0.925776 0.926185 0.926094
12105 0.925981 0.925776 0.926185 0.926094
12126 0.92598 0.925776 0.926184 0.926094
12147 0.925982 0.925777 0.926186 0.926094
12168 0.925982 0.925778 0.926186 0.926094
12188 0.925982 0.925777 0.926186 0.926094
12209 0.925982 0.925777 0.926186 0.926094
12230 0.925982 0.925777 0.926186 0.926094
12251 0.925982 0.925778 0.926187 0.926094
12272 0.925983 0.925778 0.926187 0.926095
12292 0.925982 0.925777 0.926186 0.926095
12313 0.925982 0.925778 0.926187 0.926095
12334 0.925982 0.925777 0.926186 0.926095
12355 0.925982 0.925777 0.926186 0.926095
12376 0.925981 0.925776 0.926185 0.926095
12396 0.925982 0.925777 0.926186 0.926095
12417 0.925982 0.925777 0.926186 0.926095
12438 0.925981 0.925776 0.926185 0.926095
12459 0.92598 0.925776 0.926185 0.926095
12480 0.925979 0.925775 0.926184 0.926095
12500 0.92598 0.925776 0.926185 0.926095
12521 0.92598 0.925775 0.926185 0.926095
12542 0.925981 0.925776 0.926186 0.926095
12563 0.925983 0.925778 0.926188 0.926095
12584 0.92598 0.925776 0.926185 0.926095
12604 0.925981 0.925776 0.926185 0.926095
12625 0.92598 0.925775 0.926185 0.926095
12646 0.92598 0.925775 0.926185 0.926095
12667 0.925978 0.925773 0.926183 0.926095
12688 0.92598 0.925776 0.926185 0.926095
12708 0.92598 0.925775 0.926185 0.926095
12729 0.925979 0.925775 0.926184 0.926095
12750 0.925981 0.925776 0.926185 0.926095
12771 0.925983 0.925778 0.926188 0.926095
12792 0.925984 0.925779 0.926188 0.926095
12812 0.925985 0.92578 0.92619 0.926095
12833 0.925984 0.925779 0.926189 0.926095
12854 0.925984 0.925779 0.926189 0.926095
12875 0.925985 0.92578 0.92619 0.926095
12896 0.925987 0.925782 0.926191 0.926095
12916 0.925987 0.925782 0.926192 0.926095
12937 0.925987 0.925782 0.926192 0.926095
12958 0.925989 0.925784 0.926193 0.926095
12979 0.925989 0.925784 0.926194 0.926095
13000 0.925989 0.925784 0.926194 0.926095
13020 0.92599 0.925785 0.926195 0.926095
13041 0.925992 0.925787 0.926197 0.926095
13062 0.925992 0.925787 0.926196 0.926095
13083 0.92599 0.925785 0.926195 0.926095
13104 0.925989 0.925784 0.926193 0.926095
13124 0.925987 0.925782 0.926192 0.926095
13145 0.925988 0.925783 0.926193 0.926095
13166 0.925987 0.925782 0.926192 0.926095
13187 0.925988 0.925783 0.926193 0.926095
13208 0.925986 0.925782 0.926191 0.926095
13228 0.925987 0.925782 0.926192 0.926095
13249 0.925984 0.925779 0.926189 0.926095
13270 0.925983 0.925778 0.926187 0.926095
13291 0.925983 0.925778 0.926187 0.926095
13312 0.925982 0.925777 0.926187 0.926095
13332 0.92598 0.925775 0.926185 0.926095
13353 0.925981 0.925776 0.926186 0.926095
13374 0.925981 0.925776 0.926186 0.926096
13395 0.925981 0.925776 0.926186 0.926096
13416 0.92598 0.925775 0.926185 0.926096
13436 0.925983 0.925778 0.926188 0.926096
13457 0.925984 0.925779 0.926189 0.926096
13478 0.925985 0.92578 0.92619 0.926096
13499 0.925986 0.925781 0.926191 0.926096
13520 0.925986 0.925781 0.926191 0.926096
13540 0.925986 0.925781 0.926191 0.926096
13561 0.925987 0.925781 0.926192 0.926096
13582 0.925986 0.925781 0.926191 0.926096
13603 0.925987 0.925782 0.926193 0.926096
13624 0.925986 0.925781 0.926191 0.926096
13644 0.925984 0.925779 0.926189 0.926096
13665 0.925985 0.92578 0.92619 0.926096
13686 0.925985 0.92578 0.926191 0.926096
13707 0.925986 0.92578 0.926191 0.926096
13728 0.925985 0.92578 0.926191 0.926096
13748 0.925986 0.925781 0.926192 0.926096
13769 0.925988 0.925782 0.926193 0.926096
13790 0.925987 0.925781 0.926192 0.926096
13811 0.925988 0.925783 0.926194 0.926096
13832 0.925986 0.925781 0.926192 0.926096
13852 0.92599 0.925784 0.926195 0.926096
13873 0.92599 0.925784 0.926195 0.926096
13894 0.92599 0.925785 0.926196 0.926096
13915 0.925988 0.925783 0.926194 0.926096
13936 0.925986 0.92578 0.926191 0.926096
13956 0.925987 0.925782 0.926193 0.926096
13977 0.925988 0.925782 0.926193 0.926096
13998 0.925988 0.925782 0.926193 0.926096
14019 0.925988 0.925783 0.926194 0.926096
14040 0.925988 0.925782 0.926194 0.926096
14060 0.925988 0.925782 0.926193 0.926096
14081 0.92599 0.925784 0.926196 0.926096
14102 0.92599 0.925784 0.926196 0.926096
14123 0.925991 0.925785 0.926196 0.926096
14144 0.92599 0.925784 0.926196 0.926096
14164 0.925989 0.925784 0.926195 0.926096
14185 0.925991 0.925786 0.926197 0.926096
14206 0.925992 0.925786 0.926197 0.926096
14227 0.925991 0.925786 0.926197 0.926096
14248 0.92599 0.925784 0.926196 0.926096
14268 0.92599 0.925785 0.926196 0.926096
14289 0.925989 0.925784 0.926195 0.926096
14310 0.925989 0.925784 0.926195 0.926096
14331 0.925989 0.925784 0.926195 0.926096
14352 0.925988 0.925782 0.926194 0.926096
14372 0.925987 0.925781 0.926193 0.926096
14393 0.925988 0.925782 0.926194 0.926096
14414 0.925989 0.925783 0.926195 0.926096
14435 0.925989 0.925783 0.926195 0.926096
14456 0.925991 0.925785 0.926197 0.926096
14476 0.92599 0.925784 0.926196 0.926096
14497 0.925993 0.925787 0.926199 0.926096
14518 0.925995 0.925789 0.926201 0.926096
14539 0.925996 0.92579 0.926202 0.926096
14560 0.925995 0.925789 0.926201 0.926096
14580 0.925995 0.925789 0.926201 0.926096
14601 0.925995 0.925789 0.926201 0.926096
14622 0.925994 0.925788 0.9262 0.926096
14643 0.925996 0.92579 0.926202 0.926096
14664 0.925995 0.925789 0.926201 0.926096
14684 0.925994 0.925788 0.9262 0.926096
14705 0.925994 0.925788 0.9262 0.926097
14726 0.925994 0.925788 0.9262 0.926097
14747 0.925995 0.925789 0.926201 0.926097
14768 0.925995 0.925789 0.926201 0.926097
14788 0.925995 0.925789 0.926201 0.926097
14809 0.925995 0.925789 0.926201 0.926097
14830 0.925993 0.925787 0.926199 0.926097
14851 0.925992 0.925786 0.926198 0.926097
14872 0.92599 0.925784 0.926196 0.926097
14892 0.925991 0.925785 0.926197 0.926097
14913 0.925991 0.925785 0.926197 0.926097
14934 0.925989 0.925783 0.926195 0.926097
14955 0.925989 0.925782 0.926195 0.926097
14976 0.92599 0.925784 0.926196 0.926097
14996 0.925991 0.925785 0.926197 0.926097
15017 0.925991 0.925785 0.926197 0.926097
15038 0.925989 0.925783 0.926196 0.926097
15059 0.925989 0.925783 0.926195 0.926097
15080 0.925988 0.925782 0.926195 0.926097
15100 0.925988 0.925781 0.926194 0.926097
15121 0.925989 0.925783 0.926195 0.926097
15142 0.925989 0.925783 0.926196 0.926097
15163 0.925987 0.92578 0.926193 0.926097
15184 0.925988 0.925781 0.926194 0.926097
15204 0.925988 0.925781 0.926194 0.926097
15225 0.92599 0.925783 0.926196 0.926097
15246 0.925988 0.925781 0.926194 0.926097
15267 0.925987 0.925781 0.926194 0.926097
15288 0.925987 0.92578 0.926193 0.926097
15308 0.925987 0.92578 0.926193 0.926097
15329 0.925987 0.92578 0.926193 0.926097
15350 0.925988 0.925781 0.926194 0.926097
15371 0.925987 0.92578 0.926193 0.926097
15392 0.925988 0.925782 0.926195 0.926097
15412 0.925989 0.925782 0.926195 0.926097
15433 0.925988 0.925781 0.926195 0.926097
15454 0.925989 0.925782 0.926195 0.926097
15475 0.925989 0.925783 0.926196 0.926097
15496 0.925989 0.925783 0.926196 0.926097
15516 0.92599 0.925783 0.926196 0.926097
15537 0.925992 0.925785 0.926198 0.926097
15558 0.925992 0.925785 0.926198 0.926097
15579 0.925992 0.925785 0.926198 0.926097
15600 0.92599 0.925784 0.926197 0.926097
15620 0.925991 0.925785 0.926198 0.926097
15641 0.925991 0.925784 0.926198 0.926097
15662 0.925991 0.925784 0.926197 0.926097
15683 0.925992 0.925785 0.926198 0.926097
15704 0.925992 0.925785 0.926199 0.926097
15724 0.925991 0.925785 0.926198 0.926097
15745 0.925993 0.925786 0.9262 0.926097
15766 0.92599 0.925783 0.926197 0.926097
15787 0.925991 0.925784 0.926198 0.926097
15808 0.925991 0.925784 0.926197 0.926097
15828 0.925989 0.925783 0.926196 0.926097
15849 0.925989 0.925783 0.926196 0.926097
15870 0.925991 0.925784 0.926198 0.926097
15891 0.925991 0.925784 0.926198 0.926097
15912 0.92599 0.925783 0.926197 0.926097
15932 0.92599 0.925783 0.926196 0.926097
15953 0.925991 0.925784 0.926198 0.926097
15974 0.925991 0.925784 0.926198 0.926097
15995 0.925992 0.925785 0.926199 0.926097
16016 0.925993 0.925786 0.9262 0.926097
16036 0.925992 0.925785 0.926199 0.926097
16057 0.925992 0.925785 0.926199 0.926097
16078 0.925993 0.925786 0.9262 0.926097
16099 0.925994 0.925787 0.926201 0.926097
16120 0.925995 0.925788 0.926202 0.926097
16140 0.925994 0.925787 0.926201 0.926097
16161 0.925995 0.925788 0.926203 0.926097
16182 0.925994 0.925787 0.926201 0.926097
16203 0.925995 0.925787 0.926202 0.926097
16224 0.925994 0.925787 0.926201 0.926097
16244 0.925994 0.925787 0.926201 0.926097
16265 0.925994 0.925787 0.926201 0.926097
16286 0.925994 0.925787 0.926201 0.926097
16307 0.925996 0.925789 0.926203 0.926097
16328 0.925996 0.925789 0.926203 0.926098
16348 0.925996 0.925789 0.926203 0.926098
16369 0.925995 0.925788 0.926202 0.926098
16390 0.925995 0.925787 0.926202 0.926098
16411 0.925993 0.925786 0.9262 0.926098
16432 0.925993 0.925786 0.9262 0.926098
16452 0.925993 0.925786 0.9262 0.926098
16473 0.925992 0.925784 0.926199 0.926098
16494 0.925991 0.925784 0.926198 0.926098
16515 0.925991 0.925783 0.926198 0.926098
16536 0.925991 0.925783 0.926198 0.926098
16556 0.925989 0.925782 0.926197 0.926098
16577 0.925987 0.92578 0.926195 0.926098
16598 0.925987 0.925779 0.926194 0.926098
16619 0.925988 0.92578 0.926195 0.926098
16640 0.925988 0.92578 0.926195 0.926098
16660 0.925988 0.92578 0.926195 0.926098
16681 0.925987 0.92578 0.926195 0.926098
16702 0.925987 0.92578 0.926194 0.926098
16723 0.925989 0.925781 0.926196 0.926098
16744 0.925989 0.925782 0.926197 0.926098
16764 0.925989 0.925782 0.926197 0.926098
16785 0.925991 0.925783 0.926198 0.926098
16806 0.925992 0.925784 0.926199 0.926098
16827 0.925992 0.925784 0.926199 0.926098
16848 0.925992 0.925784 0.926199 0.926098
16868 0.925992 0.925784 0.926199 0.926098
16889 0.92599 0.925783 0.926198 0.926098
16910 0.925991 0.925783 0.926198 0.926098
16931 0.925992 0.925784 0.926199 0.926098
16952 0.925992 0.925785 0.9262 0.926098
16972 0.925992 0.925785 0.9262 0.926098
16993 0.925992 0.925784 0.926199 0.926098
17014 0.925992 0.925784 0.926199 0.926098
17035 0.925991 0.925784 0.926199 0.926098
17056 0.925992 0.925784 0.926199 0.926098
17076 0.925992 0.925785 0.9262 0.926098
17097 0.925993 0.925785 0.9262 0.926098
17118 0.925993 0.925786 0.926201 0.926098
17139 0.925995 0.925788 0.926203 0.926098
17160 0.925996 0.925788 0.926203 0.926098
17180 0.925995 0.925787 0.926203 0.926098
17201 0.925995 0.925787 0.926202 0.926098
17222 0.925995 0.925788 0.926203 0.926098
17243 0.925996 0.925789 0.926204 0.926098
17264 0.925996 0.925789 0.926204 0.926098
17284 0.925996 0.925788 0.926204 0.926098
17305 0.925995 0.925788 0.926203 0.926098
17326 0.925996 0.925788 0.926203 0.926098
17347 0.925995 0.925787 0.926203 0.926098
17368 0.925995 0.925788 0.926203 0.926098
17388 0.925995 0.925787 0.926202 0.926098
17409 0.925994 0.925786 0.926201 0.926098
17430 0.925993 0.925786 0.926201 0.926098
17451 0.925992 0.925784 0.9262 0.926098
17472 0.925993 0.925785 0.9262 0.926098
17492 0.925993 0.925785 0.9262 0.926098
17513 0.925993 0.925785 0.9262 0.926098
17534 0.925993 0.925785 0.926201 0.926098
17555 0.925992 0.925784 0.926199 0.926098
17576 0.925992 0.925784 0.926199 0.926098
17596 0.925991 0.925784 0.926199 0.926098
17617 0.92599 0.925782 0.926198 0.926098
17638 0.925991 0.925783 0.926198 0.926098
17659 0.925991 0.925783 0.926199 0.926098
17680 0.92599 0.925783 0.926198 0.926098
17700 0.925993 0.925785 0.9262 0.926098
17721 0.925993 0.925785 0.926201 0.926098
17742 0.925991 0.925784 0.926199 0.926098
17763 0.925992 0.925784 0.9262 0.926098
17784 0.925993 0.925785 0.9262 0.926098
17804 0.925991 0.925784 0.926199 0.926098
17825 0.925992 0.925784 0.9262 0.926098
17846 0.925991 0.925783 0.926199 0.926098
17867 0.925989 0.925781 0.926197 0.926098
17888 0.925989 0.925781 0.926197 0.926098
17908 0.925989 0.925781 0.926197 0.926098
17929 0.925987 0.92578 0.926195 0.926098
17950 0.925988 0.92578 0.926196 0.926098
17971 0.925986 0.925778 0.926194 0.926098
17992 0.925986 0.925778 0.926194 0.926098
18012 0.925986 0.925778 0.926193 0.926098
18033 0.925985 0.925777 0.926193 0.926098
18054 0.925986 0.925778 0.926194 0.926098
18075 0.925986 0.925778 0.926194 0.926098
18096 0.925986 0.925778 0.926194 0.926098
18116 0.925985 0.925777 0.926193 0.926098
18137 0.925985 0.925777 0.926193 0.926098
18158 0.925985 0.925777 0.926193 0.926098
18179 0.925985 0.925777 0.926193 0.926098
18200 0.925986 0.925778 0.926194 0.926098
18220 0.925986 0.925778 0.926194 0.926098
18241 0.925985 0.925777 0.926193 0.926098
18262 0.925986 0.925778 0.926194 0.926098
18283 0.925986 0.925778 0.926194 0.926098
18304 0.925987 0.925779 0.926195 0.926098
18324 0.925988 0.92578 0.926196 0.926098
18345 0.925989 0.925781 0.926197 0.926098
18366 0.925989 0.925781 0.926197 0.926099
18387 0.925989 0.925781 0.926197 0.926099
18408 0.92599 0.925782 0.926198 0.926099
18428 0.925991 0.925783 0.926199 0.926099
18449 0.925992 0.925783 0.9262 0.926099
18470 0.925991 0.925783 0.926199 0.926099
18491 0.92599 0.925782 0.926198 0.926099
18512 0.925991 0.925782 0.926199 0.926099
18532 0.925993 0.925784 0.926201 0.926099
18553 0.925993 0.925785 0.926202 0.926099
18574 0.925993 0.925785 0.926201 0.926099
18595 0.925993 0.925785 0.926202 0.926099
18616 0.925994 0.925786 0.926203 0.926099
18636 0.925995 0.925787 0.926203 0.926099
18657 0.925996 0.925788 0.926205 0.926099
18678 0.925995 0.925787 0.926204 0.926099
18699 0.925995 0.925787 0.926203 0.926099
18720 0.925996 0.925788 0.926204 0.926099
18740 0.925996 0.925787 0.926204 0.926099
18761 0.925995 0.925787 0.926203 0.926099
18782 0.925995 0.925787 0.926204 0.926099
18803 0.925996 0.925788 0.926204 0.926099
18824 0.925997 0.925789 0.926205 0.926099
18844 0.925996 0.925788 0.926205 0.926099
18865 0.925997 0.925788 0.926205 0.926099
18886 0.925997 0.925788 0.926205 0.926099
18907 0.925995 0.925787 0.926203 0.926099
18928 0.925995 0.925787 0.926204 0.926099
18948 0.925997 0.925789 0.926205 0.926099
18969 0.925995 0.925787 0.926204 0.926099
18990 0.925996 0.925787 0.926204 0.926099
19011 0.925997 0.925788 0.926205 0.926099
19032 0.925995 0.925787 0.926204 0.926099
19052 0.925995 0.925786 0.926203 0.926099
19073 0.925997 0.925789 0.926205 0.926099
19094 0.925999 0.925791 0.926207 0.926099
19115 0.925999 0.925791 0.926207 0.926099
19136 0.925999 0.925791 0.926208 0.926099
19156 0.926001 0.925792 0.926209 0.926099
19177 0.926002 0.925794 0.926211 0.926099
19198 0.926002 0.925794 0.92621 0.926099
19219 0.926002 0.925793 0.92621 0.926099
19240 0.926001 0.925792 0.926209 0.926099
19260 0.926 0.925792 0.926208 0.926099
19281 0.926 0.925791 0.926208 0.926099
19302 0.926 0.925792 0.926209 0.926099
19323 0.926 0.925792 0.926208 0.926099
19344 0.925999 0.92579 0.926207 0.926099
19364 0.925998 0.925789 0.926206 0.926099
19385 0.925998 0.92579 0.926207 0.926099
19406 0.925998 0.92579 0.926207 0.926099
19427 0.925998 0.92579 0.926207 0.926099
19448 0.925999 0.925791 0.926208 0.926099
19468 0.925998 0.92579 0.926207 0.926099
19489 0.925998 0.925789 0.926206 0.926099
19510 0.925998 0.925789 0.926206 0.926099
19531 0.925997 0.925789 0.926206 0.926099
19552 0.925997 0.925788 0.926205 0.926099
19572 0.925996 0.925788 0.926205 0.926099
19593 0.925997 0.925789 0.926206 0.926099
19614 0.925997 0.925788 0.926205 0.926099
19635 0.925998 0.925789 0.926206 0.926099
19656 0.925997 0.925788 0.926205 0.926099
19676 0.925997 0.925789 0.926206 0.926099
19697 0.925997 0.925789 0.926206 0.926099
19718 0.925997 0.925789 0.926206 0.926099
19739 0.925997 0.925789 0.926206 0.926099
19760 0.925997 0.925788 0.926205 0.926099
19780 0.925997 0.925788 0.926205 0.926099
19801 0.925995 0.925787 0.926204 0.926099
19822 0.925995 0.925786 0.926203 0.926099
19843 0.925994 0.925785 0.926202 0.926099
19864 0.925994 0.925785 0.926202 0.926099
19884 0.925993 0.925785 0.926202 0.926099
19905 0.925993 0.925785 0.926202 0.926099
19926 0.925993 0.925784 0.926201 0.926099
19947 0.925993 0.925785 0.926202 0.926099
19968 0.925993 0.925785 0.926202 0.926099
19988 0.925992 0.925784 0.926201 0.926099
20009 0.925993 0.925784 0.926201 0.926099
20030 0.925994 0.925786 0.926203 0.926099
20051 0.925993 0.925785 0.926202 0.926099
20072 0.925992 0.925784 0.926201 0.926099
20092 0.925993 0.925784 0.926201 0.926099
20113 0.925993 0.925785 0.926202 0.926099
20134 0.925994 0.925785 0.926202 0.926099
20155 0.925995 0.925787 0.926204 0.926099
20176 0.925996 0.925787 0.926204 0.926099
20196 0.925996 0.925787 0.926204 0.926099
20217 0.925995 0.925786 0.926203 0.926099
20238 0.925995 0.925786 0.926203 0.926099
20259 0.925995 0.925787 0.926204 0.926099
20280 0.925994 0.925786 0.926203 0.926099
20300 0.925995 0.925786 0.926203 0.926099
20321 0.925996 0.925787 0.926204 0.926099
20342 0.925996 0.925788 0.926205 0.926099
20363 0.925996 0.925788 0.926205 0.926099
20384 0.925995 0.925786 0.926203 0.926099
20404 0.925994 0.925785 0.926202 0.926099
20425 0.925992 0.925784 0.926201 0.926099
20446 0.925992 0.925783 0.9262 0.926099
20467 0.925993 0.925784 0.926202 0.926099
20488 0.925992 0.925783 0.926201 0.926099
20508 0.925992 0.925783 0.9262 0.926099
20529 0.925991 0.925782 0.926199 0.926099
20550 0.925991 0.925783 0.9262 0.926099
20571 0.925992 0.925783 0.9262 0.926099
20592 0.925991 0.925782 0.926199 0.926099
20612 0.92599 0.925781 0.926199 0.926099
20633 0.925991 0.925782 0.9262 0.926099
20654 0.925991 0.925782 0.926199 0.926099
20675 0.92599 0.925782 0.926199 0.926099
20696 0.92599 0.925781 0.926198 0.926099
20716 0.925991 0.925782 0.9262 0.926099
20737 0.925991 0.925783 0.9262 0.926099
20758 0.925991 0.925782 0.926199 0.926099
20779 0.925991 0.925782 0.926199 0.926099
20800 0.92599 0.925782 0.926199 0.926099
20820 0.92599 0.925781 0.926199 0.926099
20841 0.92599 0.925781 0.926199 0.926099
20862 0.925989 0.92578 0.926198 0.926099
20883 0.925988 0.925779 0.926197 0.926099
20904 0.925989 0.92578 0.926197 0.926099
20924 0.925989 0.92578 0.926198 0.926099
20945 0.925989 0.92578 0.926198 0.926099
20966 0.92599 0.925781 0.926199 0.9261
20987 0.92599 0.925781 0.926199 0.9261
21008 0.925991 0.925782 0.9262 0.9261
21028 0.925991 0.925782 0.926199 0.9261
21049 0.925991 0.925782 0.9262 0.9261
21070 0.925991 0.925782 0.9262 0.9261
21091 0.925991 0.925782 0.926199 0.9261
21112 0.925991 0.925783 0.9262 0.9261
21132 0.925991 0.925782 0.9262 0.9261
21153 0.92599 0.925781 0.926199 0.9261
21174 0.925991 0.925782 0.926199 0.9261
21195 0.925992 0.925783 0.9262 0.9261
21216 0.925991 0.925783 0.9262 0.9261
21236 0.925991 0.925782 0.9262 0.9261
21257 0.925991 0.925782 0.9262 0.9261
21278 0.925993 0.925784 0.926202 0.9261
21299 0.925992 0.925783 0.926201 0.9261
21320 0.925993 0.925784 0.926202 0.9261
21340 0.925992 0.925783 0.926201 0.9261
21361 0.925993 0.925784 0.926202 0.9261
21382 0.925992 0.925783 0.926201 0.9261
21403 0.925993 0.925784 0.926202 0.9261
21424 0.925992 0.925783 0.9262 0.9261
21444 0.925991 0.925782 0.9262 0.9261
21465 0.925992 0.925783 0.9262 0.9261
21486 0.925991 0.925782 0.9262 0.9261
21507 0.925993 0.925784 0.926202 0.9261
21528 0.925993 0.925785 0.926202 0.9261
21548 0.925993 0.925784 0.926202 0.9261
21569 0.925994 0.925785 0.926203 0.9261
21590 0.925994 0.925785 0.926203 0.9261
21611 0.925994 0.925785 0.926203 0.9261
21632 0.925993 0.925784 0.926202 0.9261
21652 0.925993 0.925784 0.926202 0.9261
21673 0.925994 0.925785 0.926203 0.9261
21694 0.925994 0.925785 0.926203 0.9261
21715 0.925994 0.925785 0.926203 0.9261
21736 0.925992 0.925783 0.926201 0.9261
21756 0.925991 0.925782 0.9262 0.9261
21777 0.92599 0.925781 0.926199 0.9261
21798 0.925991 0.925782 0.9262 0.9261
21819 0.925991 0.925782 0.9262 0.9261
