//total_population estimated_relatedness lower_bound upper_bound relatedness
30 0.54023 nan nan 0.54023
30 0.54023 nan nan 0.54023
31 0.541095 0.540895 0.541294 0.541219
31 0.541095 0.540895 0.541294 0.541219
32 0.541876 0.541598 0.542155 0.542144
33 0.542728 0.542393 0.543064 0.543011
33 0.542728 0.542393 0.543064 0.543011
34 0.543495 0.543115 0.543876 0.543825
34 0.543495 0.543115 0.543876 0.543825
35 0.544272 0.543855 0.544688 0.544592
36 0.544942 0.544494 0.545389 0.545315
36 0.544942 0.544494 0.545389 0.545315
37 0.545519 0.545043 0.545995 0.545998
37 0.545519 0.545043 0.545995 0.545998
38 0.546226 0.545726 0.546726 0.546643
39 0.546766 0.54624 0.547292 0.547255
39 0.546766 0.54624 0.547292 0.547255
40 0.547351 0.546802 0.5479 0.547836
40 0.547351 0.546802 0.5479 0.547836
41 0.547844 0.547276 0.548412 0.548387
42 0.548459 0.547873 0.549044 0.548912
42 0.548459 0.547873 0.549044 0.548912
43 0.548931 0.548332 0.549531 0.549411
43 0.548931 0.548332 0.549531 0.549411
44 0.549477 0.54886 0.550094 0.549887
45 0.549936 0.549305 0.550567 0.550342
45 0.549936 0.549305 0.550567 0.550342
46 0.550407 0.549761 0.551053 0.550777
46 0.550407 0.549761 0.551053 0.550777
47 0.550853 0.550194 0.551512 0.551192
48 0.551312 0.550639 0.551986 0.55159
48 0.551312 0.550639 0.551986 0.55159
49 0.551594 0.550911 0.552277 0.551971
49 0.551594 0.550911 0.552277 0.551971
50 0.552074 0.55138 0.552769 0.552337
51 0.552431 0.551726 0.553136 0.552688
51 0.552431 0.551726 0.553136 0.552688
52 0.552818 0.552101 0.553535 0.553026
52 0.552818 0.552101 0.553535 0.553026
53 0.553191 0.552464 0.553918 0.55335
54 0.553492 0.552755 0.554228 0.553662
54 0.553492 0.552755 0.554228 0.553662
55 0.553737 0.552992 0.554481 0.553963
55 0.553737 0.552992 0.554481 0.553963
56 0.554088 0.553334 0.554841 0.554252
57 0.554374 0.553613 0.555136 0.554531
57 0.554374 0.553613 0.555136 0.554531
58 0.554648 0.55388 0.555415 0.554801
58 0.554648 0.55388 0.555415 0.554801
59 0.554769 0.553994 0.555544 0.555061
60 0.555118 0.554334 0.555902 0.555313
60 0.555118 0.554334 0.555902 0.555313
61 0.555297 0.554509 0.556085 0.555556
61 0.555297 0.554509 0.556085 0.555556
62 0.555561 0.554765 0.556356 0.555791
63 0.555757 0.554957 0.556557 0.556018
63 0.555757 0.554957 0.556557 0.556018
64 0.55599 0.555186 0.556795 0.556238
64 0.55599 0.555186 0.556795 0.556238
65 0.556214 0.555405 0.557024 0.556452
66 0.556407 0.555593 0.557222 0.556658
66 0.556407 0.555593 0.557222 0.556658
67 0.556536 0.555716 0.557355 0.556859
67 0.556536 0.555716 0.557355 0.556859
68 0.556726 0.555902 0.557549 0.557053
69 0.556926 0.556098 0.557753 0.557242
69 0.556926 0.556098 0.557753 0.557242
70 0.557088 0.556255 0.557921 0.557426
70 0.557088 0.556255 0.557921 0.557426
71 0.557325 0.556488 0.558162 0.557604
72 0.557543 0.556702 0.558383 0.557777
72 0.557543 0.556702 0.558383 0.557777
73 0.557747 0.556901 0.558594 0.557945
73 0.557747 0.556901 0.558594 0.557945
74 0.557975 0.557124 0.558825 0.558109
75 0.55812 0.557267 0.558973 0.558268
75 0.55812 0.557267 0.558973 0.558268
76 0.558285 0.557429 0.55914 0.558423
76 0.558285 0.557429 0.55914 0.558423
77 0.558396 0.557536 0.559256 0.558574
78 0.558471 0.557609 0.559334 0.558721
78 0.558471 0.557609 0.559334 0.558721
79 0.558595 0.557729 0.559461 0.558864
79 0.558595 0.557729 0.559461 0.558864
80 0.558728 0.55786 0.559596 0.559004
81 0.558871 0.558 0.559743 0.55914
81 0.558871 0.558 0.559743 0.55914
82 0.559033 0.558159 0.559908 0.559273
82 0.559033 0.558159 0.559908 0.559273
83 0.559215 0.558338 0.560092 0.559402
84 0.559375 0.558495 0.560256 0.559528
84 0.559375 0.558495 0.560256 0.559528
85 0.559526 0.558641 0.560411 0.559652
85 0.559526 0.558641 0.560411 0.559652
86 0.559639 0.558751 0.560527 0.559772
87 0.559716 0.558824 0.560608 0.55989
87 0.559716 0.558824 0.560608 0.55989
88 0.559886 0.558992 0.56078 0.560005
88 0.559886 0.558992 0.56078 0.560005
89 0.560038 0.559142 0.560935 0.560117
90 0.560137 0.559237 0.561036 0.560227
90 0.560137 0.559237 0.561036 0.560227
91 0.560206 0.559304 0.561108 0.560335
91 0.560206 0.559304 0.561108 0.560335
92 0.560365 0.559461 0.56127 0.56044
93 0.560549 0.559641 0.561457 0.560542
93 0.560549 0.559641 0.561457 0.560542
94 0.560685 0.559774 0.561595 0.560643
94 0.560685 0.559774 0.561595 0.560643
95 0.560825 0.559911 0.561739 0.560741
96 0.560931 0.560014 0.561848 0.560838
96 0.560931 0.560014 0.561848 0.560838
97 0.561024 0.560104 0.561943 0.560932
97 0.561024 0.560104 0.561943 0.560932
98 0.561055 0.560133 0.561977 0.561024
99 0.561154 0.56023 0.562078 0.561115
99 0.561154 0.56023 0.562078 0.561115
100 0.56123 0.560305 0.562155 0.561203
100 0.56123 0.560305 0.562155 0.561203
101 0.561334 0.560408 0.56226 0.56129
102 0.561457 0.560528 0.562386 0.561375
102 0.561457 0.560528 0.562386 0.561375
103 0.561549 0.560619 0.562478 0.561459
103 0.561549 0.560619 0.562478 0.561459
104 0.561588 0.560656 0.56252 0.561541
105 0.561674 0.560741 0.562608 0.561621
105 0.561674 0.560741 0.562608 0.561621
106 0.56173 0.560794 0.562665 0.5617
106 0.56173 0.560794 0.562665 0.5617
107 0.561792 0.560855 0.562729 0.561777
108 0.561849 0.560909 0.562789 0.561853
108 0.561849 0.560909 0.562789 0.561853
109 0.561929 0.560987 0.562871 0.561928
109 0.561929 0.560987 0.562871 0.561928
110 0.561948 0.561006 0.562891 0.562001
111 0.562016 0.561072 0.56296 0.562072
111 0.562016 0.561072 0.56296 0.562072
112 0.562054 0.56111 0.562999 0.562143
112 0.562054 0.56111 0.562999 0.562143
113 0.562162 0.561215 0.563109 0.562212
114 0.562211 0.561262 0.563159 0.56228
114 0.562211 0.561262 0.563159 0.56228
115 0.56228 0.561329 0.563231 0.562347
115 0.56228 0.561329 0.563231 0.562347
116 0.562297 0.561345 0.563249 0.562412
117 0.562381 0.561428 0.563335 0.562477
117 0.562381 0.561428 0.563335 0.562477
118 0.562422 0.561467 0.563376 0.56254
118 0.562422 0.561467 0.563376 0.56254
119 0.562469 0.561515 0.563423 0.562603
120 0.562507 0.561552 0.563463 0.562664
120 0.562507 0.561552 0.563463 0.562664
121 0.562573 0.561617 0.56353 0.562724
121 0.562573 0.561617 0.56353 0.562724
122 0.562658 0.561701 0.563615 0.562783
123 0.562738 0.56178 0.563695 0.562842
123 0.562738 0.56178 0.563695 0.562842
124 0.562789 0.561831 0.563747 0.562899
124 0.562789 0.561831 0.563747 0.562899
125 0.562805 0.561847 0.563764 0.562955
126 0.562834 0.561874 0.563793 0.563011
126 0.562834 0.561874 0.563793 0.563011
127 0.562892 0.561931 0.563853 0.563065
127 0.562892 0.561931 0.563853 0.563065
128 0.562904 0.561943 0.563865 0.563119
129 0.562927 0.561966 0.563889 0.563172
129 0.562927 0.561966 0.563889 0.563172
130 0.562989 0.562026 0.563951 0.563224
130 0.562989 0.562026 0.563951 0.563224
131 0.563059 0.562095 0.564024 0.563275
132 0.563097 0.562131 0.564062 0.563326
132 0.563097 0.562131 0.564062 0.563326
133 0.563164 0.562198 0.564131 0.563376
133 0.563164 0.562198 0.564131 0.563376
134 0.563246 0.562278 0.564215 0.563425
135 0.56329 0.562321 0.564259 0.563473
135 0.56329 0.562321 0.564259 0.563473
136 0.563331 0.562361 0.564301 0.563521
136 0.563331 0.562361 0.564301 0.563521
137 0.563419 0.562448 0.564391 0.563567
138 0.563476 0.562503 0.564449 0.563614
138 0.563476 0.562503 0.564449 0.563614
139 0.563514 0.56254 0.564489 0.563659
139 0.563514 0.56254 0.564489 0.563659
140 0.563599 0.562623 0.564575 0.563704
141 0.563655 0.562678 0.564632 0.563748
141 0.563655 0.562678 0.564632 0.563748
142 0.563707 0.562729 0.564684 0.563792
142 0.563707 0.562729 0.564684 0.563792
143 0.563769 0.562791 0.564747 0.563835
144 0.563814 0.562835 0.564793 0.563877
144 0.563814 0.562835 0.564793 0.563877
145 0.563865 0.562884 0.564845 0.563919
145 0.563865 0.562884 0.564845 0.563919
146 0.563892 0.562911 0.564873 0.56396
147 0.56394 0.562958 0.564922 0.564001
147 0.56394 0.562958 0.564922 0.564001
148 0.563999 0.563016 0.564983 0.564041
148 0.563999 0.563016 0.564983 0.564041
149 0.564064 0.56308 0.565049 0.56408
150 0.564101 0.563116 0.565086 0.564119
150 0.564101 0.563116 0.565086 0.564119
151 0.564132 0.563147 0.565118 0.564158
151 0.564132 0.563147 0.565118 0.564158
152 0.564178 0.563192 0.565165 0.564196
153 0.564223 0.563235 0.56521 0.564233
153 0.564223 0.563235 0.56521 0.564233
154 0.564274 0.563286 0.565263 0.56427
154 0.564274 0.563286 0.565263 0.56427
155 0.564314 0.563324 0.565304 0.564307
156 0.564377 0.563386 0.565368 0.564343
156 0.564377 0.563386 0.565368 0.564343
157 0.564351 0.56336 0.565342 0.564378
157 0.564351 0.56336 0.565342 0.564378
158 0.564415 0.563423 0.565407 0.564413
159 0.564454 0.563462 0.565447 0.564448
159 0.564454 0.563462 0.565447 0.564448
160 0.564511 0.563518 0.565505 0.564482
160 0.564511 0.563518 0.565505 0.564482
161 0.564539 0.563544 0.565533 0.564516
162 0.564546 0.563551 0.565541 0.56455
162 0.564546 0.563551 0.565541 0.56455
163 0.564559 0.563564 0.565554 0.564583
163 0.564559 0.563564 0.565554 0.564583
164 0.564578 0.563582 0.565575 0.564615
165 0.564588 0.563592 0.565585 0.564647
165 0.564588 0.563592 0.565585 0.564647
166 0.564652 0.563654 0.56565 0.564679
166 0.564652 0.563654 0.56565 0.564679
167 0.564633 0.563635 0.565631 0.56471
168 0.564647 0.563648 0.565646 0.564741
168 0.564647 0.563648 0.565646 0.564741
169 0.564701 0.563701 0.565701 0.564772
169 0.564701 0.563701 0.565701 0.564772
170 0.564774 0.563773 0.565776 0.564802
171 0.564815 0.563812 0.565817 0.564832
171 0.564815 0.563812 0.565817 0.564832
172 0.564824 0.563821 0.565827 0.564862
172 0.564824 0.563821 0.565827 0.564862
173 0.564845 0.563841 0.565848 0.564891
174 0.564882 0.563878 0.565885 0.56492
174 0.564882 0.563878 0.565885 0.56492
175 0.564931 0.563927 0.565936 0.564949
175 0.564931 0.563927 0.565936 0.564949
176 0.564959 0.563955 0.565963 0.564977
177 0.564988 0.563983 0.565992 0.565005
177 0.564988 0.563983 0.565992 0.565005
178 0.564983 0.563978 0.565988 0.565033
178 0.564983 0.563978 0.565988 0.565033
179 0.564994 0.563989 0.566 0.56506
180 0.565001 0.563995 0.566008 0.565087
180 0.565001 0.563995 0.566008 0.565087
181 0.565047 0.564039 0.566055 0.565114
181 0.565047 0.564039 0.566055 0.565114
182 0.565091 0.564082 0.566099 0.56514
183 0.56512 0.564111 0.566129 0.565166
183 0.56512 0.564111 0.566129 0.565166
184 0.565125 0.564116 0.566134 0.565192
184 0.565125 0.564116 0.566134 0.565192
185 0.565146 0.564138 0.566155 0.565217
186 0.565156 0.564147 0.566165 0.565243
186 0.565156 0.564147 0.566165 0.565243
187 0.565187 0.564177 0.566196 0.565268
187 0.565187 0.564177 0.566196 0.565268
188 0.565204 0.564193 0.566214 0.565292
189 0.565219 0.564208 0.56623 0.565317
189 0.565219 0.564208 0.56623 0.565317
190 0.565234 0.564222 0.566246 0.565341
190 0.565234 0.564222 0.566246 0.565341
191 0.565246 0.564233 0.566258 0.565365
192 0.565272 0.564259 0.566285 0.565389
192 0.565272 0.564259 0.566285 0.565389
193 0.565289 0.564276 0.566301 0.565412
193 0.565289 0.564276 0.566301 0.565412
194 0.565316 0.564303 0.566329 0.565435
195 0.565335 0.564321 0.566349 0.565458
195 0.565335 0.564321 0.566349 0.565458
196 0.565341 0.564327 0.566355 0.565481
196 0.565341 0.564327 0.566355 0.565481
197 0.565367 0.564352 0.566381 0.565504
198 0.565391 0.564377 0.566406 0.565526
198 0.565391 0.564377 0.566406 0.565526
199 0.565429 0.564414 0.566445 0.565548
199 0.565429 0.564414 0.566445 0.565548
200 0.56546 0.564444 0.566475 0.56557
201 0.565511 0.564494 0.566528 0.565591
201 0.565511 0.564494 0.566528 0.565591
202 0.565547 0.564529 0.566564 0.565613
202 0.565547 0.564529 0.566564 0.565613
203 0.565586 0.564568 0.566604 0.565634
204 0.565616 0.564598 0.566635 0.565655
204 0.565616 0.564598 0.566635 0.565655
205 0.565616 0.564597 0.566635 0.565676
205 0.565616 0.564597 0.566635 0.565676
206 0.565613 0.564594 0.566631 0.565696
207 0.565625 0.564606 0.566644 0.565717
207 0.565625 0.564606 0.566644 0.565717
208 0.565632 0.564613 0.566651 0.565737
208 0.565632 0.564613 0.566651 0.565737
209 0.565653 0.564634 0.566673 0.565757
210 0.565647 0.564627 0.566666 0.565777
210 0.565647 0.564627 0.566666 0.565777
211 0.565653 0.564633 0.566673 0.565796
211 0.565653 0.564633 0.566673 0.565796
212 0.56569 0.564669 0.566711 0.565816
213 0.565731 0.56471 0.566753 0.565835
213 0.565731 0.56471 0.566753 0.565835
214 0.565748 0.564727 0.56677 0.565854
214 0.565748 0.564727 0.56677 0.565854
215 0.56576 0.564738 0.566782 0.565873
216 0.565755 0.564733 0.566777 0.565891
216 0.565755 0.564733 0.566777 0.565891
217 0.565784 0.564761 0.566806 0.56591
217 0.565784 0.564761 0.566806 0.56591
218 0.565789 0.564766 0.566812 0.565928
219 0.565816 0.564792 0.566839 0.565947
219 0.565816 0.564792 0.566839 0.565947
220 0.565817 0.564793 0.56684 0.565965
220 0.565817 0.564793 0.56684 0.565965
221 0.565854 0.56483 0.566878 0.565982
222 0.565856 0.564831 0.56688 0.566
222 0.565856 0.564831 0.56688 0.566
223 0.565904 0.564879 0.566929 0.566018
223 0.565904 0.564879 0.566929 0.566018
224 0.565885 0.564861 0.56691 0.566035
225 0.565914 0.564889 0.566939 0.566052
225 0.565914 0.564889 0.566939 0.566052
226 0.565943 0.564917 0.566969 0.566069
226 0.565943 0.564917 0.566969 0.566069
227 0.565976 0.564949 0.567002 0.566086
228 0.566004 0.564978 0.567031 0.566103
228 0.566004 0.564978 0.567031 0.566103
229 0.566016 0.564989 0.567043 0.56612
229 0.566016 0.564989 0.567043 0.56612
230 0.566019 0.564992 0.567045 0.566136
231 0.56603 0.565002 0.567057 0.566152
231 0.56603 0.565002 0.567057 0.566152
232 0.566037 0.565009 0.567065 0.566169
232 0.566037 0.565009 0.567065 0.566169
233 0.566058 0.56503 0.567087 0.566185
234 0.56605 0.565021 0.567079 0.566201
234 0.56605 0.565021 0.567079 0.566201
235 0.566059 0.56503 0.567088 0.566216
235 0.566059 0.56503 0.567088 0.566216
236 0.566062 0.565033 0.567092 0.566232
237 0.566096 0.565067 0.567126 0.566247
237 0.566096 0.565067 0.567126 0.566247
238 0.566106 0.565076 0.567136 0.566263
238 0.566106 0.565076 0.567136 0.566263
239 0.5661 0.56507 0.56713 0.566278
240 0.566117 0.565087 0.567148 0.566293
240 0.566117 0.565087 0.567148 0.566293
241 0.566146 0.565116 0.567177 0.566308
241 0.566146 0.565116 0.567177 0.566308
242 0.566145 0.565114 0.567176 0.566323
243 0.566166 0.565135 0.567196 0.566338
243 0.566166 0.565135 0.567196 0.566338
244 0.566167 0.565136 0.567198 0.566352
244 0.566167 0.565136 0.567198 0.566352
245 0.566216 0.565184 0.567248 0.566367
246 0.566245 0.565213 0.567278 0.566381
246 0.566245 0.565213 0.567278 0.566381
247 0.566227 0.565194 0.56726 0.566396
247 0.566227 0.565194 0.56726 0.566396
248 0.566248 0.565215 0.567281 0.56641
249 0.56625 0.565217 0.567284 0.566424
249 0.56625 0.565217 0.567284 0.566424
250 0.566256 0.565222 0.567289 0.566438
250 0.566256 0.565222 0.567289 0.566438
251 0.566262 0.565229 0.567296 0.566452
252 0.566265 0.565231 0.567298 0.566465
252 0.566265 0.565231 0.567298 0.566465
253 0.566244 0.56521 0.567277 0.566479
253 0.566244 0.56521 0.567277 0.566479
254 0.566246 0.565212 0.567279 0.566492
255 0.566262 0.565228 0.567296 0.566506
255 0.566262 0.565228 0.567296 0.566506
256 0.566279 0.565245 0.567312 0.566519
256 0.566279 0.565245 0.567312 0.566519
257 0.566301 0.565267 0.567335 0.566532
258 0.566329 0.565295 0.567364 0.566545
258 0.566329 0.565295 0.567364 0.566545
259 0.566346 0.565311 0.56738 0.566558
259 0.566346 0.565311 0.56738 0.566558
260 0.566365 0.56533 0.5674 0.566571
261 0.566373 0.565338 0.567408 0.566584
261 0.566373 0.565338 0.567408 0.566584
262 0.566383 0.565348 0.567419 0.566597
262 0.566383 0.565348 0.567419 0.566597
263 0.566378 0.565342 0.567413 0.566609
264 0.56637 0.565335 0.567406 0.566622
264 0.56637 0.565335 0.567406 0.566622
265 0.56638 0.565345 0.567415 0.566634
265 0.56638 0.565345 0.567415 0.566634
266 0.566398 0.565362 0.567434 0.566646
267 0.566405 0.565368 0.567441 0.566659
267 0.566405 0.565368 0.567441 0.566659
268 0.566421 0.565385 0.567458 0.566671
268 0.566421 0.565385 0.567458 0.566671
269 0.566423 0.565386 0.56746 0.566683
270 0.566434 0.565396 0.567471 0.566695
270 0.566434 0.565396 0.567471 0.566695
271 0.566451 0.565413 0.567489 0.566706
271 0.566451 0.565413 0.567489 0.566706
272 0.566452 0.565414 0.567491 0.566718
273 0.56646 0.565421 0.567499 0.56673
273 0.56646 0.565421 0.567499 0.56673
274 0.566468 0.565429 0.567507 0.566742
274 0.566468 0.565429 0.567507 0.566742
275 0.566496 0.565456 0.567535 0.566753
276 0.56651 0.565469 0.56755 0.566764
276 0.56651 0.565469 0.56755 0.566764
277 0.566518 0.565477 0.567559 0.566776
277 0.566518 0.565477 0.567559 0.566776
278 0.566542 0.565501 0.567584 0.566787
279 0.566538 0.565496 0.567579 0.566798
279 0.566538 0.565496 0.567579 0.566798
280 0.566561 0.565519 0.567602 0.566809
280 0.566561 0.565519 0.567602 0.566809
281 0.56656 0.565518 0.567602 0.56682
282 0.566583 0.565541 0.567626 0.566831
282 0.566583 0.565541 0.567626 0.566831
283 0.56658 0.565537 0.567623 0.566842
283 0.56658 0.565537 0.567623 0.566842
284 0.566587 0.565544 0.56763 0.566853
285 0.566576 0.565534 0.567618 0.566864
285 0.566576 0.565534 0.567618 0.566864
286 0.566584 0.565541 0.567626 0.566874
286 0.566584 0.565541 0.567626 0.566874
287 0.566581 0.565539 0.567623 0.566885
288 0.566568 0.565526 0.567611 0.566895
288 0.566568 0.565526 0.567611 0.566895
289 0.566561 0.565519 0.567604 0.566906
289 0.566561 0.565519 0.567604 0.566906
290 0.566554 0.565512 0.567596 0.566916
291 0.566557 0.565514 0.567599 0.566926
291 0.566557 0.565514 0.567599 0.566926
292 0.566565 0.565522 0.567608 0.566936
292 0.566565 0.565522 0.567608 0.566936
293 0.566573 0.56553 0.567616 0.566947
294 0.5666 0.565556 0.567644 0.566957
294 0.5666 0.565556 0.567644 0.566957
295 0.566584 0.56554 0.567628 0.566967
295 0.566584 0.56554 0.567628 0.566967
296 0.566586 0.565542 0.56763 0.566976
297 0.566581 0.565536 0.567625 0.566986
297 0.566581 0.565536 0.567625 0.566986
298 0.566578 0.565534 0.567622 0.566996
298 0.566578 0.565534 0.567622 0.566996
299 0.566588 0.565544 0.567632 0.567006
300 0.566616 0.565571 0.567661 0.567015
300 0.566616 0.565571 0.567661 0.567015
301 0.566622 0.565577 0.567666 0.567025
301 0.566622 0.565577 0.567666 0.567025
302 0.566622 0.565578 0.567667 0.567035
303 0.566637 0.565593 0.567681 0.567044
303 0.566637 0.565593 0.567681 0.567044
304 0.566648 0.565604 0.567693 0.567053
304 0.566648 0.565604 0.567693 0.567053
305 0.566644 0.5656 0.567689 0.567063
306 0.566667 0.565622 0.567711 0.567072
306 0.566667 0.565622 0.567711 0.567072
307 0.566682 0.565637 0.567727 0.567081
307 0.566682 0.565637 0.567727 0.567081
308 0.566692 0.565647 0.567737 0.56709
309 0.566707 0.565662 0.567752 0.5671
309 0.566707 0.565662 0.567752 0.5671
310 0.566739 0.565693 0.567785 0.567109
310 0.566739 0.565693 0.567785 0.567109
311 0.566748 0.565701 0.567794 0.567118
312 0.566741 0.565695 0.567788 0.567127
312 0.566741 0.565695 0.567788 0.567127
313 0.566765 0.565718 0.567811 0.567135
313 0.566765 0.565718 0.567811 0.567135
314 0.566777 0.565731 0.567824 0.567144
315 0.56679 0.565744 0.567837 0.567153
315 0.56679 0.565744 0.567837 0.567153
316 0.566782 0.565735 0.567829 0.567162
316 0.566782 0.565735 0.567829 0.567162
317 0.566794 0.565747 0.567842 0.56717
318 0.566811 0.565763 0.567859 0.567179
318 0.566811 0.565763 0.567859 0.567179
319 0.566835 0.565787 0.567883 0.567187
319 0.566835 0.565787 0.567883 0.567187
320 0.566853 0.565805 0.567901 0.567196
321 0.566869 0.565821 0.567917 0.567204
321 0.566869 0.565821 0.567917 0.567204
322 0.56687 0.565821 0.567918 0.567213
322 0.56687 0.565821 0.567918 0.567213
323 0.566862 0.565814 0.567911 0.567221
324 0.566869 0.56582 0.567917 0.567229
324 0.566869 0.56582 0.567917 0.567229
325 0.566882 0.565834 0.567931 0.567237
325 0.566882 0.565834 0.567931 0.567237
326 0.566889 0.56584 0.567937 0.567246
327 0.566887 0.565839 0.567936 0.567254
327 0.566887 0.565839 0.567936 0.567254
328 0.566886 0.565838 0.567935 0.567262
328 0.566886 0.565838 0.567935 0.567262
329 0.566883 0.565835 0.567932 0.56727
330 0.566905 0.565856 0.567953 0.567278
330 0.566905 0.565856 0.567953 0.567278
331 0.566907 0.565859 0.567956 0.567286
331 0.566907 0.565859 0.567956 0.567286
332 0.566937 0.565887 0.567986 0.567294
333 0.566937 0.565888 0.567986 0.567301
333 0.566937 0.565888 0.567986 0.567301
334 0.566942 0.565892 0.567991 0.567309
334 0.566942 0.565892 0.567991 0.567309
335 0.566943 0.565894 0.567992 0.567317
336 0.56695 0.5659 0.568 0.567325
336 0.56695 0.5659 0.568 0.567325
337 0.566975 0.565925 0.568025 0.567332
337 0.566975 0.565925 0.568025 0.567332
338 0.566995 0.565945 0.568045 0.56734
339 0.566993 0.565943 0.568043 0.567347
339 0.566993 0.565943 0.568043 0.567347
340 0.567003 0.565952 0.568054 0.567355
340 0.567003 0.565952 0.568054 0.567355
341 0.566987 0.565936 0.568037 0.567362
342 0.566994 0.565943 0.568044 0.56737
342 0.566994 0.565943 0.568044 0.56737
343 0.567011 0.56596 0.568061 0.567377
343 0.567011 0.56596 0.568061 0.567377
344 0.567008 0.565957 0.568058 0.567385
345 0.567027 0.565977 0.568078 0.567392
345 0.567027 0.565977 0.568078 0.567392
346 0.56704 0.565989 0.568092 0.567399
346 0.56704 0.565989 0.568092 0.567399
347 0.567027 0.565976 0.568078 0.567406
348 0.567034 0.565982 0.568085 0.567413
348 0.567034 0.565982 0.568085 0.567413
349 0.567055 0.566003 0.568106 0.567421
349 0.567055 0.566003 0.568106 0.567421
350 0.56708 0.566028 0.568132 0.567428
351 0.567081 0.566028 0.568133 0.567435
351 0.567081 0.566028 0.568133 0.567435
352 0.567096 0.566043 0.568148 0.567442
352 0.567096 0.566043 0.568148 0.567442
353 0.567101 0.566049 0.568153 0.567449
354 0.56711 0.566057 0.568162 0.567456
354 0.56711 0.566057 0.568162 0.567456
355 0.567101 0.566049 0.568154 0.567462
355 0.567101 0.566049 0.568154 0.567462
356 0.567112 0.566059 0.568165 0.567469
357 0.567124 0.566071 0.568177 0.567476
357 0.567124 0.566071 0.568177 0.567476
358 0.567136 0.566083 0.568189 0.567483
358 0.567136 0.566083 0.568189 0.567483
359 0.567142 0.566088 0.568195 0.56749
360 0.567144 0.566091 0.568198 0.567496
360 0.567144 0.566091 0.568198 0.567496
361 0.567134 0.566081 0.568187 0.567503
361 0.567134 0.566081 0.568187 0.567503
362 0.567142 0.566088 0.568195 0.56751
363 0.567159 0.566105 0.568213 0.567516
363 0.567159 0.566105 0.568213 0.567516
364 0.567168 0.566113 0.568222 0.567523
364 0.567168 0.566113 0.568222 0.567523
365 0.567166 0.566111 0.56822 0.567529
366 0.56717 0.566115 0.568224 0.567536
366 0.56717 0.566115 0.568224 0.567536
367 0.567175 0.56612 0.56823 0.567542
367 0.567175 0.56612 0.56823 0.567542
368 0.567173 0.566118 0.568228 0.567549
369 0.567179 0.566124 0.568234 0.567555
369 0.567179 0.566124 0.568234 0.567555
370 0.5672 0.566145 0.568255 0.567561
370 0.5672 0.566145 0.568255 0.567561
371 0.567194 0.566138 0.568249 0.567568
372 0.567206 0.566151 0.568262 0.567574
372 0.567206 0.566151 0.568262 0.567574
373 0.567203 0.566147 0.568258 0.56758
373 0.567203 0.566147 0.568258 0.56758
374 0.567201 0.566145 0.568256 0.567586
375 0.567203 0.566147 0.568258 0.567592
375 0.567203 0.566147 0.568258 0.567592
376 0.567204 0.566149 0.56826 0.567599
376 0.567204 0.566149 0.56826 0.567599
377 0.567211 0.566155 0.568267 0.567605
378 0.56723 0.566174 0.568285 0.567611
378 0.56723 0.566174 0.568285 0.567611
379 0.567233 0.566177 0.568289 0.567617
379 0.567233 0.566177 0.568289 0.567617
380 0.567239 0.566183 0.568295 0.567623
381 0.56723 0.566174 0.568286 0.567629
381 0.56723 0.566174 0.568286 0.567629
382 0.567243 0.566187 0.568299 0.567635
382 0.567243 0.566187 0.568299 0.567635
383 0.567243 0.566187 0.568299 0.567641
384 0.567246 0.566189 0.568302 0.567646
384 0.567246 0.566189 0.568302 0.567646
385 0.567247 0.56619 0.568303 0.567652
385 0.567247 0.56619 0.568303 0.567652
386 0.567234 0.566178 0.568291 0.567658
387 0.567245 0.566188 0.568301 0.567664
387 0.567245 0.566188 0.568301 0.567664
388 0.56725 0.566194 0.568307 0.56767
388 0.56725 0.566194 0.568307 0.56767
389 0.567261 0.566204 0.568318 0.567675
390 0.567274 0.566217 0.568331 0.567681
390 0.567274 0.566217 0.568331 0.567681
391 0.567297 0.566239 0.568354 0.567687
391 0.567297 0.566239 0.568354 0.567687
392 0.567317 0.566259 0.568375 0.567692
393 0.567333 0.566274 0.568391 0.567698
393 0.567333 0.566274 0.568391 0.567698
394 0.567332 0.566273 0.56839 0.567704
394 0.567332 0.566273 0.56839 0.567704
395 0.567346 0.566287 0.568405 0.567709
396 0.567343 0.566284 0.568401 0.567715
396 0.567343 0.566284 0.568401 0.567715
397 0.567353 0.566294 0.568412 0.56772
397 0.567353 0.566294 0.568412 0.56772
398 0.567348 0.56629 0.568407 0.567726
399 0.56735 0.566291 0.568408 0.567731
399 0.56735 0.566291 0.568408 0.567731
400 0.567361 0.566302 0.56842 0.567737
400 0.567361 0.566302 0.56842 0.567737
401 0.567377 0.566318 0.568436 0.567742
402 0.567393 0.566333 0.568452 0.567747
402 0.567393 0.566333 0.568452 0.567747
403 0.567393 0.566334 0.568453 0.567753
403 0.567393 0.566334 0.568453 0.567753
404 0.567411 0.566351 0.568471 0.567758
405 0.567417 0.566356 0.568477 0.567763
405 0.567417 0.566356 0.568477 0.567763
406 0.567432 0.566372 0.568493 0.567768
406 0.567432 0.566372 0.568493 0.567768
407 0.567441 0.56638 0.568501 0.567774
408 0.56744 0.56638 0.568501 0.567779
408 0.56744 0.56638 0.568501 0.567779
409 0.567444 0.566383 0.568505 0.567784
409 0.567444 0.566383 0.568505 0.567784
410 0.567451 0.56639 0.568512 0.567789
411 0.567462 0.566401 0.568522 0.567794
411 0.567462 0.566401 0.568522 0.567794
412 0.567463 0.566403 0.568524 0.567799
412 0.567463 0.566403 0.568524 0.567799
413 0.567475 0.566414 0.568536 0.567805
414 0.567479 0.566418 0.56854 0.56781
414 0.567479 0.566418 0.56854 0.56781
415 0.567486 0.566425 0.568547 0.567815
415 0.567486 0.566425 0.568547 0.567815
416 0.56749 0.566429 0.568551 0.56782
417 0.567492 0.566431 0.568553 0.567825
417 0.567492 0.566431 0.568553 0.567825
418 0.567502 0.56644 0.568563 0.56783
418 0.567502 0.56644 0.568563 0.56783
419 0.567507 0.566446 0.568569 0.567835
420 0.567504 0.566443 0.568566 0.567839
420 0.567504 0.566443 0.568566 0.567839
421 0.567506 0.566444 0.568567 0.567844
421 0.567506 0.566444 0.568567 0.567844
422 0.56752 0.566459 0.568582 0.567849
423 0.567513 0.566451 0.568574 0.567854
423 0.567513 0.566451 0.568574 0.567854
424 0.56751 0.566448 0.568571 0.567859
424 0.56751 0.566448 0.568571 0.567859
425 0.567504 0.566442 0.568566 0.567864
426 0.567519 0.566457 0.56858 0.567868
426 0.567519 0.566457 0.56858 0.567868
427 0.567524 0.566462 0.568586 0.567873
427 0.567524 0.566462 0.568586 0.567873
428 0.567528 0.566466 0.56859 0.567878
429 0.567529 0.566467 0.568591 0.567883
429 0.567529 0.566467 0.568591 0.567883
430 0.56753 0.566468 0.568592 0.567887
430 0.56753 0.566468 0.568592 0.567887
431 0.567534 0.566472 0.568596 0.567892
432 0.567542 0.56648 0.568604 0.567897
432 0.567542 0.56648 0.568604 0.567897
433 0.567547 0.566485 0.568609 0.567901
433 0.567547 0.566485 0.568609 0.567901
434 0.567558 0.566495 0.56862 0.567906
435 0.567565 0.566503 0.568628 0.56791
435 0.567565 0.566503 0.568628 0.56791
436 0.56757 0.566507 0.568632 0.567915
436 0.56757 0.566507 0.568632 0.567915
437 0.567564 0.566502 0.568627 0.56792
438 0.567557 0.566495 0.568619 0.567924
438 0.567557 0.566495 0.568619 0.567924
439 0.567559 0.566497 0.568622 0.567929
439 0.567559 0.566497 0.568622 0.567929
440 0.567559 0.566496 0.568621 0.567933
441 0.567574 0.566511 0.568637 0.567937
441 0.567574 0.566511 0.568637 0.567937
442 0.567586 0.566524 0.568649 0.567942
442 0.567586 0.566524 0.568649 0.567942
443 0.567598 0.566535 0.568661 0.567946
444 0.567604 0.566541 0.568667 0.567951
444 0.567604 0.566541 0.568667 0.567951
445 0.567616 0.566553 0.56868 0.567955
445 0.567616 0.566553 0.56868 0.567955
446 0.56763 0.566566 0.568693 0.567959
447 0.56764 0.566576 0.568704 0.567964
447 0.56764 0.566576 0.568704 0.567964
448 0.567644 0.56658 0.568707 0.567968
448 0.567644 0.56658 0.568707 0.567968
449 0.567646 0.566582 0.56871 0.567972
450 0.567629 0.566566 0.568693 0.567977
450 0.567629 0.566566 0.568693 0.567977
451 0.567636 0.566572 0.568699 0.567981
451 0.567636 0.566572 0.568699 0.567981
452 0.567636 0.566572 0.5687 0.567985
453 0.567645 0.566581 0.568709 0.567989
453 0.567645 0.566581 0.568709 0.567989
454 0.567639 0.566575 0.568703 0.567994
454 0.567639 0.566575 0.568703 0.567994
455 0.567643 0.566579 0.568707 0.567998
456 0.56765 0.566586 0.568714 0.568002
456 0.56765 0.566586 0.568714 0.568002
457 0.567665 0.566601 0.56873 0.568006
457 0.567665 0.566601 0.56873 0.568006
458 0.56767 0.566605 0.568734 0.56801
459 0.567664 0.5666 0.568728 0.568014
459 0.567664 0.5666 0.568728 0.568014
460 0.567676 0.566611 0.56874 0.568018
460 0.567676 0.566611 0.56874 0.568018
461 0.567681 0.566616 0.568745 0.568022
462 0.567677 0.566613 0.568741 0.568026
462 0.567677 0.566613 0.568741 0.568026
463 0.567673 0.566609 0.568737 0.568031
463 0.567673 0.566609 0.568737 0.568031
464 0.567673 0.566609 0.568737 0.568035
465 0.567683 0.566619 0.568747 0.568039
465 0.567683 0.566619 0.568747 0.568039
466 0.567682 0.566618 0.568747 0.568043
466 0.567682 0.566618 0.568747 0.568043
467 0.567687 0.566622 0.568751 0.568047
468 0.567685 0.566621 0.56875 0.56805
468 0.567685 0.566621 0.56875 0.56805
469 0.567687 0.566622 0.568752 0.568054
469 0.567687 0.566622 0.568752 0.568054
470 0.567696 0.566631 0.56876 0.568058
471 0.567702 0.566637 0.568767 0.568062
471 0.567702 0.566637 0.568767 0.568062
472 0.567707 0.566642 0.568772 0.568066
472 0.567707 0.566642 0.568772 0.568066
473 0.567717 0.566652 0.568782 0.56807
474 0.567727 0.566661 0.568792 0.568074
474 0.567727 0.566661 0.568792 0.568074
475 0.567738 0.566673 0.568804 0.568078
475 0.567738 0.566673 0.568804 0.568078
476 0.567745 0.566679 0.568811 0.568081
477 0.567759 0.566693 0.568825 0.568085
477 0.567759 0.566693 0.568825 0.568085
478 0.567761 0.566695 0.568827 0.568089
478 0.567761 0.566695 0.568827 0.568089
479 0.567775 0.566709 0.568841 0.568093
480 0.56778 0.566714 0.568847 0.568097
480 0.56778 0.566714 0.568847 0.568097
481 0.567789 0.566723 0.568856 0.5681
481 0.567789 0.566723 0.568856 0.5681
482 0.567789 0.566723 0.568855 0.568104
483 0.567794 0.566727 0.56886 0.568108
483 0.567794 0.566727 0.56886 0.568108
484 0.567785 0.566719 0.568851 0.568111
484 0.567785 0.566719 0.568851 0.568111
485 0.567804 0.566737 0.56887 0.568115
486 0.567818 0.566751 0.568885 0.568119
486 0.567818 0.566751 0.568885 0.568119
487 0.567816 0.566749 0.568883 0.568122
487 0.567816 0.566749 0.568883 0.568122
488 0.567818 0.566751 0.568885 0.568126
489 0.56781 0.566743 0.568877 0.56813
489 0.56781 0.566743 0.568877 0.56813
490 0.567799 0.566731 0.568866 0.568133
490 0.567799 0.566731 0.568866 0.568133
491 0.5678 0.566733 0.568867 0.568137
492 0.567814 0.566747 0.568882 0.568141
492 0.567814 0.566747 0.568882 0.568141
493 0.567807 0.56674 0.568875 0.568144
493 0.567807 0.56674 0.568875 0.568144
494 0.567801 0.566733 0.568868 0.568148
495 0.567792 0.566724 0.56886 0.568151
495 0.567792 0.566724 0.56886 0.568151
496 0.56779 0.566723 0.568858 0.568155
496 0.56779 0.566723 0.568858 0.568155
497 0.567789 0.566721 0.568857 0.568158
498 0.567809 0.566741 0.568877 0.568162
498 0.567809 0.566741 0.568877 0.568162
499 0.567816 0.566748 0.568884 0.568165
499 0.567816 0.566748 0.568884 0.568165
500 0.567815 0.566747 0.568883 0.568169
501 0.567824 0.566756 0.568893 0.568172
501 0.567824 0.566756 0.568893 0.568172
502 0.567825 0.566756 0.568893 0.568175
502 0.567825 0.566756 0.568893 0.568175
503 0.567839 0.566771 0.568907 0.568179
504 0.567837 0.566768 0.568905 0.568182
504 0.567837 0.566768 0.568905 0.568182
505 0.567849 0.566781 0.568917 0.568186
505 0.567849 0.566781 0.568917 0.568186
506 0.567861 0.566792 0.568929 0.568189
507 0.567863 0.566795 0.568932 0.568192
507 0.567863 0.566795 0.568932 0.568192
508 0.567864 0.566795 0.568932 0.568196
508 0.567864 0.566795 0.568932 0.568196
509 0.567864 0.566796 0.568932 0.568199
510 0.567871 0.566803 0.568939 0.568202
510 0.567871 0.566803 0.568939 0.568202
511 0.567869 0.566801 0.568938 0.568206
511 0.567869 0.566801 0.568938 0.568206
512 0.567874 0.566806 0.568943 0.568209
513 0.567875 0.566807 0.568944 0.568212
513 0.567875 0.566807 0.568944 0.568212
514 0.567885 0.566816 0.568953 0.568216
514 0.567885 0.566816 0.568953 0.568216
515 0.567883 0.566815 0.568952 0.568219
516 0.567887 0.566819 0.568956 0.568222
516 0.567887 0.566819 0.568956 0.568222
517 0.567891 0.566822 0.568959 0.568225
517 0.567891 0.566822 0.568959 0.568225
518 0.567895 0.566826 0.568963 0.568229
519 0.567902 0.566833 0.568971 0.568232
519 0.567902 0.566833 0.568971 0.568232
520 0.567905 0.566836 0.568974 0.568235
520 0.567905 0.566836 0.568974 0.568235
521 0.567907 0.566838 0.568976 0.568238
522 0.567904 0.566835 0.568974 0.568241
522 0.567904 0.566835 0.568974 0.568241
523 0.567911 0.566841 0.56898 0.568245
523 0.567911 0.566841 0.56898 0.568245
524 0.567924 0.566854 0.568994 0.568248
525 0.567916 0.566846 0.568986 0.568251
525 0.567916 0.566846 0.568986 0.568251
526 0.567922 0.566852 0.568992 0.568254
526 0.567922 0.566852 0.568992 0.568254
527 0.567926 0.566856 0.568996 0.568257
528 0.567922 0.566852 0.568992 0.56826
528 0.567922 0.566852 0.568992 0.56826
529 0.567925 0.566855 0.568995 0.568263
529 0.567925 0.566855 0.568995 0.568263
530 0.567929 0.566859 0.568999 0.568266
531 0.567936 0.566866 0.569006 0.568269
531 0.567936 0.566866 0.569006 0.568269
532 0.567935 0.566864 0.569005 0.568272
532 0.567935 0.566864 0.569005 0.568272
533 0.567938 0.566867 0.569008 0.568276
534 0.56794 0.566869 0.569011 0.568279
534 0.56794 0.566869 0.569011 0.568279
535 0.567949 0.566878 0.56902 0.568282
535 0.567949 0.566878 0.56902 0.568282
536 0.567947 0.566876 0.569018 0.568285
537 0.567952 0.566881 0.569023 0.568288
537 0.567952 0.566881 0.569023 0.568288
538 0.567939 0.566868 0.56901 0.568291
538 0.567939 0.566868 0.56901 0.568291
539 0.567947 0.566877 0.569018 0.568294
540 0.567955 0.566885 0.569026 0.568297
540 0.567955 0.566885 0.569026 0.568297
541 0.567964 0.566893 0.569035 0.568299
541 0.567964 0.566893 0.569035 0.568299
542 0.56796 0.566889 0.569031 0.568302
543 0.567958 0.566887 0.569029 0.568305
543 0.567958 0.566887 0.569029 0.568305
544 0.567961 0.56689 0.569032 0.568308
544 0.567961 0.56689 0.569032 0.568308
545 0.56796 0.566889 0.569031 0.568311
546 0.567958 0.566888 0.569029 0.568314
546 0.567958 0.566888 0.569029 0.568314
547 0.567968 0.566897 0.569039 0.568317
547 0.567968 0.566897 0.569039 0.568317
548 0.567972 0.566901 0.569043 0.56832
549 0.567964 0.566893 0.569035 0.568323
549 0.567964 0.566893 0.569035 0.568323
550 0.567959 0.566889 0.56903 0.568326
550 0.567959 0.566889 0.56903 0.568326
551 0.567965 0.566895 0.569036 0.568328
552 0.567967 0.566896 0.569038 0.568331
552 0.567967 0.566896 0.569038 0.568331
553 0.56798 0.566909 0.569051 0.568334
553 0.56798 0.566909 0.569051 0.568334
554 0.567989 0.566918 0.569061 0.568337
555 0.567994 0.566923 0.569066 0.56834
555 0.567994 0.566923 0.569066 0.56834
556 0.568002 0.566931 0.569073 0.568343
556 0.568002 0.566931 0.569073 0.568343
557 0.568001 0.566929 0.569072 0.568345
558 0.568012 0.56694 0.569084 0.568348
558 0.568012 0.56694 0.569084 0.568348
559 0.56802 0.566948 0.569092 0.568351
559 0.56802 0.566948 0.569092 0.568351
560 0.568028 0.566956 0.5691 0.568354
561 0.568039 0.566968 0.569111 0.568356
561 0.568039 0.566968 0.569111 0.568356
562 0.56804 0.566968 0.569112 0.568359
562 0.56804 0.566968 0.569112 0.568359
563 0.568044 0.566972 0.569115 0.568362
564 0.568033 0.566961 0.569104 0.568365
564 0.568033 0.566961 0.569104 0.568365
565 0.568041 0.56697 0.569113 0.568367
565 0.568041 0.56697 0.569113 0.568367
566 0.568042 0.56697 0.569114 0.56837
567 0.568044 0.566972 0.569116 0.568373
567 0.568044 0.566972 0.569116 0.568373
568 0.568042 0.56697 0.569114 0.568375
568 0.568042 0.56697 0.569114 0.568375
569 0.568059 0.566987 0.569131 0.568378
570 0.568059 0.566987 0.569131 0.568381
570 0.568059 0.566987 0.569131 0.568381
571 0.568065 0.566993 0.569138 0.568383
571 0.568065 0.566993 0.569138 0.568383
572 0.568057 0.566985 0.56913 0.568386
573 0.56806 0.566987 0.569132 0.568389
573 0.56806 0.566987 0.569132 0.568389
574 0.568064 0.566991 0.569137 0.568391
574 0.568064 0.566991 0.569137 0.568391
575 0.568061 0.566988 0.569134 0.568394
576 0.568064 0.566991 0.569137 0.568396
576 0.568064 0.566991 0.569137 0.568396
577 0.568074 0.567002 0.569147 0.568399
577 0.568074 0.567002 0.569147 0.568399
578 0.568079 0.567006 0.569151 0.568402
579 0.568085 0.567013 0.569158 0.568404
579 0.568085 0.567013 0.569158 0.568404
580 0.568092 0.567019 0.569165 0.568407
580 0.568092 0.567019 0.569165 0.568407
581 0.568092 0.567019 0.569165 0.568409
582 0.568103 0.56703 0.569177 0.568412
582 0.568103 0.56703 0.569177 0.568412
583 0.568102 0.567028 0.569175 0.568414
583 0.568102 0.567028 0.569175 0.568414
584 0.568105 0.567032 0.569179 0.568417
585 0.568103 0.56703 0.569177 0.56842
585 0.568103 0.56703 0.569177 0.56842
586 0.5681 0.567026 0.569174 0.568422
586 0.5681 0.567026 0.569174 0.568422
587 0.568111 0.567037 0.569184 0.568425
588 0.568115 0.567041 0.569188 0.568427
588 0.568115 0.567041 0.569188 0.568427
589 0.568123 0.567049 0.569197 0.56843
589 0.568123 0.567049 0.569197 0.56843
590 0.568131 0.567057 0.569205 0.568432
591 0.568138 0.567064 0.569212 0.568434
591 0.568138 0.567064 0.569212 0.568434
592 0.568137 0.567063 0.569211 0.568437
592 0.568137 0.567063 0.569211 0.568437
593 0.568135 0.567061 0.569209 0.568439
594 0.568124 0.567051 0.569198 0.568442
594 0.568124 0.567051 0.569198 0.568442
595 0.568129 0.567055 0.569203 0.568444
595 0.568129 0.567055 0.569203 0.568444
596 0.568129 0.567055 0.569203 0.568447
597 0.568133 0.567059 0.569207 0.568449
597 0.568133 0.567059 0.569207 0.568449
598 0.568137 0.567063 0.56921 0.568452
598 0.568137 0.567063 0.56921 0.568452
599 0.568146 0.567072 0.569221 0.568454
600 0.568141 0.567066 0.569215 0.568456
600 0.568141 0.567066 0.569215 0.568456
601 0.568129 0.567055 0.569203 0.568459
601 0.568129 0.567055 0.569203 0.568459
602 0.568128 0.567054 0.569202 0.568461
603 0.568126 0.567052 0.5692 0.568464
603 0.568126 0.567052 0.5692 0.568464
604 0.568118 0.567043 0.569192 0.568466
604 0.568118 0.567043 0.569192 0.568466
605 0.568125 0.56705 0.569199 0.568468
606 0.568131 0.567057 0.569205 0.568471
606 0.568131 0.567057 0.569205 0.568471
607 0.568123 0.567049 0.569198 0.568473
607 0.568123 0.567049 0.569198 0.568473
608 0.568128 0.567054 0.569203 0.568475
609 0.568133 0.567058 0.569207 0.568478
609 0.568133 0.567058 0.569207 0.568478
610 0.568129 0.567055 0.569203 0.56848
610 0.568129 0.567055 0.569203 0.56848
611 0.56814 0.567065 0.569214 0.568482
612 0.568138 0.567063 0.569213 0.568485
612 0.568138 0.567063 0.569213 0.568485
613 0.568134 0.567059 0.569209 0.568487
613 0.568134 0.567059 0.569209 0.568487
614 0.568133 0.567058 0.569207 0.568489
615 0.568133 0.567059 0.569208 0.568491
615 0.568133 0.567059 0.569208 0.568491
616 0.56813 0.567055 0.569204 0.568494
616 0.56813 0.567055 0.569204 0.568494
617 0.568141 0.567066 0.569216 0.568496
618 0.568144 0.567069 0.569219 0.568498
618 0.568144 0.567069 0.569219 0.568498
619 0.568139 0.567064 0.569214 0.568501
619 0.568139 0.567064 0.569214 0.568501
620 0.568142 0.567067 0.569217 0.568503
621 0.56814 0.567065 0.569215 0.568505
621 0.56814 0.567065 0.569215 0.568505
622 0.568138 0.567063 0.569213 0.568507
622 0.568138 0.567063 0.569213 0.568507
623 0.568145 0.56707 0.569219 0.568509
624 0.568145 0.56707 0.56922 0.568512
624 0.568145 0.56707 0.56922 0.568512
625 0.56815 0.567075 0.569225 0.568514
625 0.56815 0.567075 0.569225 0.568514
626 0.568147 0.567072 0.569222 0.568516
627 0.568155 0.56708 0.56923 0.568518
627 0.568155 0.56708 0.56923 0.568518
628 0.56816 0.567085 0.569235 0.568521
628 0.56816 0.567085 0.569235 0.568521
629 0.568161 0.567086 0.569237 0.568523
