//total_population estimated_relatedness lower_bound upper_bound relatedness
1010 0.980375 0.980375 0.980375 0.980375
1030 0.980387 0.980371 0.980404 0.980375
1050 0.980379 0.980356 0.980402 0.980376
1070 0.980389 0.980361 0.980417 0.980377
1090 0.980398 0.980366 0.980429 0.980378
1111 0.980397 0.980362 0.980433 0.980378
1131 0.980389 0.98035 0.980428 0.980379
1151 0.980392 0.98035 0.980433 0.980379
1171 0.980391 0.980347 0.980435 0.98038
1191 0.980395 0.980349 0.980442 0.980381
1212 0.9804 0.980352 0.980449 0.980381
1232 0.980416 0.980366 0.980466 0.980382
1252 0.980421 0.980369 0.980473 0.980382
1272 0.980412 0.980358 0.980466 0.980383
1292 0.98042 0.980365 0.980475 0.980383
1313 0.980435 0.980379 0.980492 0.980384
1333 0.980428 0.98037 0.980486 0.980384
1353 0.980437 0.980377 0.980496 0.980384
1373 0.980421 0.98036 0.980482 0.980385
1393 0.980437 0.980375 0.980499 0.980385
1414 0.980436 0.980373 0.9805 0.980386
1434 0.980432 0.980368 0.980497 0.980386
1454 0.980438 0.980373 0.980504 0.980387
1474 0.980443 0.980377 0.98051 0.980387
1494 0.980441 0.980374 0.980509 0.980387
1515 0.980453 0.980385 0.980522 0.980388
1535 0.980452 0.980383 0.980522 0.980388
1555 0.980457 0.980387 0.980527 0.980388
1575 0.980459 0.980388 0.98053 0.980389
1595 0.980468 0.980396 0.980539 0.980389
1616 0.980462 0.98039 0.980534 0.980389
1636 0.98047 0.980397 0.980543 0.98039
1656 0.980462 0.980388 0.980536 0.98039
1676 0.980465 0.98039 0.980539 0.98039
1696 0.980463 0.980388 0.980538 0.98039
1717 0.980458 0.980382 0.980534 0.980391
1737 0.980463 0.980386 0.98054 0.980391
1757 0.980464 0.980386 0.980541 0.980391
1777 0.980467 0.980389 0.980545 0.980391
1797 0.980468 0.98039 0.980547 0.980392
1818 0.980465 0.980386 0.980544 0.980392
1838 0.980467 0.980387 0.980547 0.980392
1858 0.980471 0.980391 0.980552 0.980392
1878 0.980467 0.980386 0.980548 0.980393
1898 0.980464 0.980382 0.980545 0.980393
1919 0.980467 0.980385 0.980549 0.980393
1939 0.980469 0.980386 0.980552 0.980393
1959 0.980474 0.98039 0.980557 0.980393
1979 0.980477 0.980393 0.98056 0.980394
1999 0.980477 0.980393 0.980561 0.980394
2020 0.980472 0.980387 0.980556 0.980394
2040 0.980482 0.980397 0.980566 0.980394
2060 0.980485 0.9804 0.98057 0.980394
2080 0.980489 0.980404 0.980575 0.980395
2100 0.980485 0.980399 0.980571 0.980395
2121 0.980492 0.980406 0.980578 0.980395
2141 0.980496 0.980409 0.980583 0.980395
2161 0.9805 0.980413 0.980587 0.980395
2181 0.980493 0.980405 0.98058 0.980396
2201 0.980493 0.980405 0.980581 0.980396
2222 0.980502 0.980414 0.98059 0.980396
2242 0.980498 0.980409 0.980586 0.980396
2262 0.980499 0.98041 0.980588 0.980396
2282 0.980493 0.980404 0.980583 0.980396
2302 0.980491 0.980401 0.98058 0.980396
2323 0.980494 0.980404 0.980584 0.980397
2343 0.980495 0.980404 0.980585 0.980397
2363 0.980497 0.980407 0.980588 0.980397
2383 0.98049 0.980399 0.980581 0.980397
2403 0.980495 0.980404 0.980586 0.980397
2424 0.980497 0.980406 0.980589 0.980397
2444 0.980499 0.980407 0.98059 0.980397
2464 0.980501 0.980409 0.980593 0.980398
2484 0.980506 0.980413 0.980598 0.980398
2504 0.980507 0.980415 0.9806 0.980398
2525 0.98051 0.980417 0.980603 0.980398
2545 0.980511 0.980418 0.980604 0.980398
2565 0.980509 0.980416 0.980603 0.980398
2585 0.98051 0.980416 0.980603 0.980398
2605 0.980513 0.980419 0.980607 0.980398
2626 0.980514 0.98042 0.980608 0.980399
2646 0.980513 0.980419 0.980607 0.980399
2666 0.980507 0.980413 0.980601 0.980399
2686 0.980507 0.980413 0.980602 0.980399
2706 0.980512 0.980417 0.980607 0.980399
2727 0.980508 0.980413 0.980603 0.980399
2747 0.980503 0.980408 0.980599 0.980399
2767 0.980506 0.98041 0.980602 0.980399
2787 0.980502 0.980406 0.980597 0.980399
2807 0.980495 0.980399 0.980591 0.9804
2828 0.980494 0.980397 0.98059 0.9804
2848 0.980488 0.980391 0.980585 0.9804
2868 0.980489 0.980392 0.980586 0.9804
2888 0.98049 0.980393 0.980587 0.9804
2908 0.980485 0.980388 0.980582 0.9804
2929 0.980489 0.980391 0.980586 0.9804
2949 0.980488 0.980391 0.980586 0.9804
2969 0.980492 0.980394 0.980589 0.9804
2989 0.980489 0.980391 0.980587 0.9804
3009 0.980485 0.980387 0.980583 0.9804
3030 0.980488 0.980389 0.980586 0.980401
3050 0.980488 0.98039 0.980587 0.980401
3070 0.980492 0.980393 0.98059 0.980401
3090 0.980496 0.980397 0.980595 0.980401
3110 0.980503 0.980404 0.980602 0.980401
3131 0.9805 0.980401 0.980599 0.980401
3151 0.980498 0.980398 0.980597 0.980401
3171 0.980498 0.980399 0.980597 0.980401
3191 0.980499 0.980399 0.980598 0.980401
3211 0.980497 0.980397 0.980597 0.980401
3232 0.980501 0.980402 0.980601 0.980401
3252 0.980501 0.980401 0.980601 0.980401
3272 0.980502 0.980402 0.980602 0.980401
3292 0.980501 0.980401 0.980601 0.980402
3312 0.980501 0.9804 0.980601 0.980402
3333 0.980504 0.980404 0.980605 0.980402
3353 0.980504 0.980404 0.980605 0.980402
3373 0.980503 0.980403 0.980604 0.980402
3393 0.980505 0.980404 0.980606 0.980402
3413 0.980503 0.980402 0.980604 0.980402
3434 0.980504 0.980403 0.980605 0.980402
3454 0.980501 0.980399 0.980602 0.980402
3474 0.980502 0.980401 0.980604 0.980402
3494 0.980505 0.980404 0.980607 0.980402
3514 0.980503 0.980401 0.980604 0.980402
3535 0.980501 0.980399 0.980602 0.980402
3555 0.980501 0.980399 0.980602 0.980402
3575 0.980503 0.980401 0.980605 0.980403
3595 0.980502 0.9804 0.980604 0.980403
3615 0.9805 0.980398 0.980602 0.980403
3636 0.980502 0.980399 0.980604 0.980403
3656 0.980506 0.980404 0.980609 0.980403
3676 0.980505 0.980402 0.980608 0.980403
3696 0.980506 0.980404 0.980609 0.980403
3716 0.980509 0.980406 0.980612 0.980403
3737 0.980508 0.980405 0.980611 0.980403
3757 0.980504 0.980401 0.980607 0.980403
3777 0.980505 0.980402 0.980608 0.980403
3797 0.980504 0.980401 0.980607 0.980403
3817 0.980507 0.980403 0.98061 0.980403
3838 0.980507 0.980404 0.98061 0.980403
3858 0.980505 0.980402 0.980608 0.980403
3878 0.980505 0.980402 0.980609 0.980403
3898 0.980505 0.980402 0.980609 0.980403
3918 0.980509 0.980405 0.980613 0.980403
3939 0.98051 0.980407 0.980614 0.980404
3959 0.980511 0.980407 0.980615 0.980404
3979 0.980513 0.980409 0.980617 0.980404
3999 0.980511 0.980407 0.980615 0.980404
4019 0.980513 0.980409 0.980617 0.980404
4040 0.980517 0.980413 0.980621 0.980404
4060 0.980517 0.980413 0.980621 0.980404
4080 0.980516 0.980412 0.98062 0.980404
4100 0.980518 0.980414 0.980622 0.980404
4120 0.980519 0.980415 0.980623 0.980404
4141 0.980519 0.980414 0.980623 0.980404
4161 0.980515 0.980411 0.98062 0.980404
4181 0.980516 0.980412 0.980621 0.980404
4201 0.980518 0.980413 0.980622 0.980404
4221 0.980514 0.980409 0.980619 0.980404
4242 0.980511 0.980406 0.980616 0.980404
4262 0.98051 0.980405 0.980614 0.980404
4282 0.98051 0.980405 0.980615 0.980404
4302 0.980512 0.980408 0.980617 0.980404
4322 0.980514 0.980409 0.980619 0.980404
4343 0.980515 0.98041 0.98062 0.980404
4363 0.980513 0.980407 0.980618 0.980404
4383 0.98051 0.980405 0.980615 0.980405
4403 0.980512 0.980406 0.980617 0.980405
4423 0.980514 0.980409 0.98062 0.980405
4444 0.980517 0.980412 0.980623 0.980405
4464 0.980518 0.980413 0.980624 0.980405
4484 0.980517 0.980411 0.980623 0.980405
4504 0.980515 0.980409 0.980621 0.980405
4524 0.980514 0.980408 0.98062 0.980405
4545 0.980515 0.980409 0.980621 0.980405
4565 0.980514 0.980408 0.98062 0.980405
4585 0.980513 0.980407 0.980619 0.980405
4605 0.980508 0.980402 0.980614 0.980405
4625 0.980508 0.980402 0.980615 0.980405
4646 0.980511 0.980405 0.980617 0.980405
4666 0.980511 0.980405 0.980617 0.980405
4686 0.980511 0.980404 0.980617 0.980405
4706 0.980511 0.980405 0.980617 0.980405
4726 0.980512 0.980405 0.980618 0.980405
4747 0.980512 0.980405 0.980618 0.980405
4767 0.980511 0.980405 0.980618 0.980405
4787 0.980511 0.980404 0.980617 0.980405
4807 0.980512 0.980405 0.980618 0.980405
4827 0.980511 0.980404 0.980617 0.980405
4848 0.980509 0.980402 0.980615 0.980405
4868 0.980509 0.980402 0.980616 0.980405
4888 0.980506 0.980399 0.980613 0.980405
4908 0.980507 0.9804 0.980614 0.980405
4928 0.980504 0.980397 0.980611 0.980406
4949 0.980506 0.980399 0.980613 0.980406
4969 0.980508 0.980401 0.980615 0.980406
4989 0.980506 0.980399 0.980613 0.980406
5009 0.980507 0.9804 0.980614 0.980406
5029 0.980508 0.980401 0.980615 0.980406
5050 0.98051 0.980403 0.980617 0.980406
5070 0.980511 0.980403 0.980618 0.980406
5090 0.980511 0.980404 0.980619 0.980406
5110 0.980511 0.980404 0.980619 0.980406
5130 0.980511 0.980404 0.980618 0.980406
5151 0.980511 0.980404 0.980619 0.980406
5171 0.980513 0.980405 0.98062 0.980406
5191 0.980512 0.980404 0.98062 0.980406
5211 0.980512 0.980405 0.98062 0.980406
5231 0.980514 0.980406 0.980621 0.980406
5252 0.980513 0.980405 0.980621 0.980406
5272 0.980512 0.980404 0.98062 0.980406
5292 0.980512 0.980404 0.98062 0.980406
5312 0.980514 0.980406 0.980622 0.980406
5332 0.980514 0.980406 0.980622 0.980406
5353 0.980512 0.980404 0.98062 0.980406
5373 0.98051 0.980402 0.980618 0.980406
5393 0.98051 0.980402 0.980619 0.980406
5413 0.98051 0.980402 0.980618 0.980406
5433 0.980509 0.980401 0.980617 0.980406
5454 0.980507 0.980399 0.980615 0.980406
5474 0.980503 0.980395 0.980611 0.980406
5494 0.980503 0.980394 0.980611 0.980406
5514 0.980503 0.980394 0.980611 0.980406
5534 0.980502 0.980393 0.98061 0.980406
5555 0.980502 0.980394 0.980611 0.980406
5575 0.980501 0.980393 0.98061 0.980406
5595 0.9805 0.980392 0.980609 0.980406
5615 0.9805 0.980391 0.980608 0.980406
5635 0.9805 0.980391 0.980608 0.980407
5656 0.9805 0.980391 0.980609 0.980407
5676 0.9805 0.980391 0.980609 0.980407
5696 0.980501 0.980392 0.980609 0.980407
5716 0.980501 0.980392 0.98061 0.980407
5736 0.980499 0.98039 0.980608 0.980407
5757 0.980497 0.980388 0.980606 0.980407
5777 0.980499 0.98039 0.980608 0.980407
5797 0.980498 0.980389 0.980607 0.980407
5817 0.980497 0.980388 0.980606 0.980407
5837 0.980497 0.980388 0.980606 0.980407
5858 0.980497 0.980387 0.980606 0.980407
5878 0.980495 0.980386 0.980605 0.980407
5898 0.980497 0.980388 0.980606 0.980407
5918 0.980496 0.980387 0.980606 0.980407
5938 0.980494 0.980385 0.980604 0.980407
5959 0.980494 0.980384 0.980603 0.980407
5979 0.980492 0.980383 0.980602 0.980407
5999 0.980493 0.980383 0.980602 0.980407
6019 0.980493 0.980383 0.980602 0.980407
6039 0.980494 0.980384 0.980603 0.980407
6060 0.980494 0.980384 0.980603 0.980407
6080 0.980495 0.980386 0.980605 0.980407
6100 0.980494 0.980384 0.980603 0.980407
6120 0.980496 0.980387 0.980606 0.980407
6140 0.980495 0.980386 0.980605 0.980407
6161 0.980495 0.980385 0.980605 0.980407
6181 0.980493 0.980383 0.980602 0.980407
6201 0.980491 0.980381 0.980601 0.980407
6221 0.98049 0.98038 0.9806 0.980407
6241 0.980491 0.980381 0.980601 0.980407
6262 0.98049 0.98038 0.9806 0.980407
6282 0.980491 0.980381 0.980601 0.980407
6302 0.980489 0.980379 0.980599 0.980407
6322 0.980488 0.980378 0.980598 0.980407
6342 0.98049 0.98038 0.9806 0.980407
6363 0.980492 0.980382 0.980602 0.980407
6383 0.980492 0.980382 0.980602 0.980407
6403 0.980493 0.980383 0.980603 0.980407
6423 0.980492 0.980382 0.980602 0.980407
6443 0.980492 0.980382 0.980602 0.980407
6464 0.980492 0.980382 0.980602 0.980407
6484 0.980492 0.980382 0.980602 0.980407
6504 0.980493 0.980383 0.980604 0.980407
6524 0.980492 0.980382 0.980602 0.980407
6544 0.980494 0.980383 0.980604 0.980407
6565 0.980493 0.980383 0.980604 0.980408
6585 0.980494 0.980384 0.980604 0.980408
6605 0.980491 0.980381 0.980601 0.980408
6625 0.980493 0.980382 0.980603 0.980408
6645 0.980494 0.980384 0.980605 0.980408
6666 0.980495 0.980385 0.980606 0.980408
6686 0.980495 0.980384 0.980605 0.980408
6706 0.980495 0.980384 0.980605 0.980408
6726 0.980495 0.980385 0.980606 0.980408
6746 0.980494 0.980384 0.980605 0.980408
6767 0.980495 0.980385 0.980606 0.980408
6787 0.980495 0.980384 0.980606 0.980408
6807 0.980495 0.980384 0.980605 0.980408
6827 0.980494 0.980383 0.980604 0.980408
6847 0.980495 0.980385 0.980606 0.980408
6868 0.980498 0.980388 0.980609 0.980408
6888 0.980498 0.980387 0.980609 0.980408
6908 0.980497 0.980387 0.980608 0.980408
6928 0.980497 0.980386 0.980608 0.980408
6948 0.980497 0.980386 0.980608 0.980408
6969 0.980498 0.980387 0.980609 0.980408
6989 0.980496 0.980385 0.980607 0.980408
7009 0.980496 0.980385 0.980607 0.980408
7029 0.980496 0.980385 0.980607 0.980408
7049 0.980499 0.980388 0.98061 0.980408
7070 0.9805 0.980389 0.980611 0.980408
7090 0.980502 0.980391 0.980613 0.980408
7110 0.9805 0.980389 0.980611 0.980408
7130 0.9805 0.980389 0.980611 0.980408
7150 0.980498 0.980387 0.980609 0.980408
7171 0.980498 0.980387 0.980609 0.980408
7191 0.980497 0.980386 0.980609 0.980408
7211 0.980498 0.980387 0.980609 0.980408
7231 0.980495 0.980384 0.980606 0.980408
7251 0.980496 0.980384 0.980607 0.980408
7272 0.980496 0.980385 0.980607 0.980408
7292 0.980497 0.980385 0.980608 0.980408
7312 0.980497 0.980385 0.980608 0.980408
7332 0.980497 0.980385 0.980608 0.980408
7352 0.980495 0.980384 0.980607 0.980408
7373 0.980494 0.980382 0.980605 0.980408
7393 0.980494 0.980382 0.980605 0.980408
7413 0.980493 0.980381 0.980604 0.980408
7433 0.980491 0.98038 0.980603 0.980408
7453 0.980489 0.980378 0.980601 0.980408
7474 0.980489 0.980378 0.980601 0.980408
7494 0.98049 0.980378 0.980601 0.980408
7514 0.98049 0.980378 0.980602 0.980408
7534 0.98049 0.980378 0.980601 0.980408
7554 0.980489 0.980378 0.980601 0.980408
7575 0.980488 0.980377 0.9806 0.980408
7595 0.980489 0.980378 0.980601 0.980408
7615 0.98049 0.980378 0.980602 0.980408
7635 0.980489 0.980377 0.980601 0.980408
7655 0.980489 0.980378 0.980601 0.980408
7676 0.980489 0.980377 0.980601 0.980408
7696 0.980488 0.980376 0.9806 0.980408
7716 0.980489 0.980378 0.980601 0.980408
7736 0.980488 0.980376 0.9806 0.980408
7756 0.980489 0.980377 0.980601 0.980408
7777 0.980489 0.980377 0.980601 0.980408
7797 0.98049 0.980378 0.980602 0.980408
7817 0.98049 0.980378 0.980602 0.980408
7837 0.980491 0.980379 0.980603 0.980408
7857 0.980491 0.980379 0.980603 0.980408
7878 0.980492 0.98038 0.980604 0.980408
7898 0.980494 0.980382 0.980606 0.980409
7918 0.980493 0.980381 0.980605 0.980409
7938 0.980492 0.98038 0.980604 0.980409
7958 0.980492 0.98038 0.980604 0.980409
7979 0.980492 0.98038 0.980605 0.980409
7999 0.980491 0.980379 0.980603 0.980409
8019 0.980491 0.980378 0.980603 0.980409
8039 0.980493 0.980381 0.980605 0.980409
8059 0.980493 0.980381 0.980606 0.980409
8080 0.980495 0.980383 0.980607 0.980409
8100 0.980496 0.980384 0.980609 0.980409
8120 0.980496 0.980384 0.980609 0.980409
8140 0.980496 0.980383 0.980608 0.980409
8160 0.980495 0.980382 0.980607 0.980409
8181 0.980495 0.980383 0.980607 0.980409
8201 0.980495 0.980382 0.980607 0.980409
8221 0.980494 0.980382 0.980607 0.980409
8241 0.980493 0.98038 0.980606 0.980409
8261 0.980496 0.980383 0.980608 0.980409
8282 0.980496 0.980383 0.980608 0.980409
8302 0.980497 0.980385 0.98061 0.980409
8322 0.980497 0.980384 0.980609 0.980409
8342 0.980497 0.980384 0.98061 0.980409
8362 0.980498 0.980386 0.980611 0.980409
8383 0.980499 0.980387 0.980612 0.980409
8403 0.980498 0.980386 0.980611 0.980409
8423 0.980497 0.980385 0.98061 0.980409
8443 0.980498 0.980385 0.980611 0.980409
8463 0.980496 0.980383 0.980609 0.980409
8484 0.980495 0.980383 0.980608 0.980409
8504 0.980497 0.980384 0.980609 0.980409
8524 0.980497 0.980384 0.980609 0.980409
8544 0.980495 0.980382 0.980608 0.980409
8564 0.980494 0.980381 0.980606 0.980409
8585 0.980494 0.980381 0.980607 0.980409
8605 0.980495 0.980382 0.980608 0.980409
8625 0.980495 0.980382 0.980608 0.980409
8645 0.980495 0.980382 0.980608 0.980409
8665 0.980495 0.980382 0.980608 0.980409
8686 0.980495 0.980382 0.980608 0.980409
8706 0.980496 0.980383 0.980609 0.980409
8726 0.980495 0.980382 0.980608 0.980409
8746 0.980497 0.980384 0.980609 0.980409
8766 0.980497 0.980384 0.980609 0.980409
8787 0.980496 0.980383 0.980609 0.980409
8807 0.980496 0.980383 0.980609 0.980409
8827 0.980496 0.980384 0.980609 0.980409
8847 0.980496 0.980383 0.980609 0.980409
8867 0.980496 0.980383 0.980609 0.980409
8888 0.980495 0.980382 0.980608 0.980409
8908 0.980496 0.980383 0.980609 0.980409
8928 0.980497 0.980384 0.98061 0.980409
8948 0.980495 0.980382 0.980608 0.980409
8968 0.980495 0.980382 0.980608 0.980409
8989 0.980495 0.980382 0.980608 0.980409
9009 0.980495 0.980382 0.980608 0.980409
9029 0.980495 0.980382 0.980608 0.980409
9049 0.980496 0.980383 0.980609 0.980409
9069 0.980497 0.980384 0.98061 0.980409
9090 0.980496 0.980383 0.980609 0.980409
9110 0.980496 0.980383 0.980609 0.980409
9130 0.980494 0.980381 0.980607 0.980409
9150 0.980492 0.980379 0.980605 0.980409
9170 0.98049 0.980377 0.980603 0.980409
9191 0.980491 0.980378 0.980604 0.980409
9211 0.98049 0.980376 0.980603 0.980409
9231 0.98049 0.980376 0.980603 0.980409
9251 0.980491 0.980378 0.980604 0.980409
9271 0.980493 0.98038 0.980606 0.980409
9292 0.980492 0.980379 0.980606 0.980409
9312 0.980494 0.980381 0.980607 0.980409
9332 0.980495 0.980382 0.980608 0.980409
9352 0.980494 0.980381 0.980607 0.980409
9372 0.980495 0.980382 0.980608 0.980409
9393 0.980495 0.980382 0.980609 0.980409
9413 0.980495 0.980382 0.980608 0.980409
9433 0.980495 0.980382 0.980608 0.980409
9453 0.980495 0.980382 0.980608 0.980409
9473 0.980495 0.980382 0.980608 0.980409
9494 0.980494 0.980381 0.980607 0.980409
9514 0.980496 0.980383 0.980609 0.980409
9534 0.980495 0.980382 0.980609 0.980409
9554 0.980496 0.980383 0.980609 0.980409
9574 0.980497 0.980383 0.98061 0.980409
9595 0.980497 0.980384 0.98061 0.980409
9615 0.980498 0.980385 0.980611 0.980409
9635 0.980498 0.980385 0.980611 0.980409
9655 0.980498 0.980384 0.980611 0.980409
9675 0.980499 0.980386 0.980612 0.980409
9696 0.980499 0.980386 0.980612 0.980409
9716 0.9805 0.980387 0.980613 0.980409
9736 0.9805 0.980387 0.980613 0.980409
9756 0.980499 0.980386 0.980612 0.980409
9776 0.9805 0.980387 0.980613 0.980409
9797 0.980501 0.980388 0.980614 0.980409
9817 0.980502 0.980389 0.980615 0.980409
9837 0.980501 0.980388 0.980614 0.980409
9857 0.980502 0.980389 0.980615 0.980409
9877 0.980501 0.980388 0.980615 0.98041
9898 0.9805 0.980386 0.980613 0.98041
9918 0.9805 0.980387 0.980613 0.98041
9938 0.980501 0.980388 0.980614 0.98041
9958 0.9805 0.980387 0.980613 0.98041
9978 0.980499 0.980386 0.980612 0.98041
9999 0.980499 0.980386 0.980612 0.98041
10019 0.9805 0.980387 0.980613 0.98041
10039 0.9805 0.980387 0.980614 0.98041
10059 0.980501 0.980387 0.980614 0.98041
10079 0.9805 0.980386 0.980613 0.98041
10100 0.9805 0.980387 0.980614 0.98041
10120 0.9805 0.980387 0.980614 0.98041
10140 0.980502 0.980388 0.980615 0.98041
10160 0.980502 0.980388 0.980615 0.98041
10180 0.980501 0.980387 0.980614 0.98041
10201 0.980501 0.980387 0.980614 0.98041
10221 0.980502 0.980389 0.980616 0.98041
10241 0.980502 0.980389 0.980616 0.98041
10261 0.980504 0.98039 0.980617 0.98041
10281 0.980504 0.980391 0.980618 0.98041
10302 0.980503 0.98039 0.980617 0.98041
10322 0.980504 0.980391 0.980618 0.98041
10342 0.980505 0.980391 0.980618 0.98041
10362 0.980505 0.980391 0.980618 0.98041
10382 0.980505 0.980392 0.980619 0.98041
10403 0.980507 0.980393 0.980621 0.98041
10423 0.980506 0.980393 0.98062 0.98041
10443 0.980505 0.980392 0.980619 0.98041
10463 0.980506 0.980392 0.98062 0.98041
10483 0.980507 0.980394 0.980621 0.98041
10504 0.980507 0.980394 0.980621 0.98041
10524 0.980507 0.980394 0.980621 0.98041
10544 0.980508 0.980394 0.980622 0.98041
10564 0.980508 0.980395 0.980622 0.98041
10584 0.980506 0.980393 0.98062 0.98041
10605 0.980507 0.980393 0.98062 0.98041
10625 0.980507 0.980393 0.98062 0.98041
10645 0.980507 0.980393 0.980621 0.98041
10665 0.980507 0.980393 0.980621 0.98041
10685 0.980506 0.980393 0.98062 0.98041
10706 0.980505 0.980391 0.980619 0.98041
10726 0.980504 0.98039 0.980618 0.98041
10746 0.980505 0.980391 0.980618 0.98041
10766 0.980505 0.980391 0.980619 0.98041
10786 0.980507 0.980393 0.98062 0.98041
10807 0.980507 0.980394 0.980621 0.98041
10827 0.980509 0.980396 0.980623 0.98041
10847 0.980511 0.980397 0.980625 0.98041
10867 0.980512 0.980398 0.980626 0.98041
10887 0.980511 0.980398 0.980625 0.98041
10908 0.980512 0.980398 0.980626 0.98041
10928 0.980513 0.9804 0.980627 0.98041
10948 0.980513 0.980399 0.980627 0.98041
10968 0.980513 0.980399 0.980627 0.98041
10988 0.980512 0.980398 0.980626 0.98041
11009 0.980512 0.980398 0.980626 0.98041
11029 0.980512 0.980398 0.980626 0.98041
11049 0.980514 0.9804 0.980628 0.98041
11069 0.980515 0.980401 0.980629 0.98041
11089 0.980515 0.980401 0.980629 0.98041
11110 0.980515 0.980401 0.980628 0.98041
11130 0.980513 0.980399 0.980627 0.98041
11150 0.980513 0.980399 0.980627 0.98041
11170 0.980514 0.9804 0.980628 0.98041
11190 0.980513 0.980399 0.980627 0.98041
11211 0.980513 0.9804 0.980627 0.98041
11231 0.980512 0.980398 0.980626 0.98041
11251 0.980513 0.980399 0.980627 0.98041
11271 0.980513 0.980399 0.980627 0.98041
11291 0.980511 0.980397 0.980625 0.98041
11312 0.980511 0.980397 0.980625 0.98041
11332 0.98051 0.980396 0.980624 0.98041
11352 0.980511 0.980397 0.980625 0.98041
11372 0.980511 0.980397 0.980625 0.98041
11392 0.980511 0.980397 0.980625 0.98041
11413 0.980511 0.980397 0.980625 0.98041
11433 0.980511 0.980397 0.980625 0.98041
11453 0.980512 0.980398 0.980626 0.98041
11473 0.980513 0.980399 0.980627 0.98041
11493 0.980514 0.9804 0.980628 0.98041
11514 0.980513 0.980399 0.980627 0.98041
11534 0.980513 0.980399 0.980627 0.98041
11554 0.980513 0.980399 0.980627 0.98041
11574 0.980513 0.980398 0.980627 0.98041
11594 0.980513 0.980399 0.980627 0.98041
11615 0.980513 0.980398 0.980627 0.98041
11635 0.980513 0.980399 0.980628 0.98041
11655 0.980514 0.9804 0.980628 0.98041
11675 0.980516 0.980402 0.98063 0.98041
11695 0.980516 0.980402 0.98063 0.98041
11716 0.980518 0.980404 0.980632 0.98041
11736 0.980518 0.980404 0.980632 0.98041
11756 0.980515 0.980401 0.980629 0.98041
11776 0.980515 0.980401 0.98063 0.98041
11796 0.980514 0.9804 0.980629 0.98041
11817 0.980515 0.980401 0.980629 0.98041
11837 0.980515 0.980401 0.980629 0.98041
11857 0.980516 0.980402 0.98063 0.98041
11877 0.980517 0.980402 0.980631 0.98041
11897 0.980516 0.980402 0.98063 0.98041
11918 0.980516 0.980402 0.98063 0.98041
11938 0.980516 0.980402 0.98063 0.98041
11958 0.980516 0.980402 0.98063 0.98041
11978 0.980516 0.980402 0.98063 0.98041
11998 0.980516 0.980402 0.980631 0.98041
12019 0.980517 0.980403 0.980631 0.98041
12039 0.980516 0.980402 0.98063 0.98041
12059 0.980517 0.980402 0.980631 0.98041
12079 0.980516 0.980402 0.98063 0.98041
12099 0.980515 0.980401 0.980629 0.98041
12120 0.980515 0.9804 0.980629 0.98041
12140 0.980516 0.980402 0.98063 0.98041
12160 0.980516 0.980401 0.98063 0.98041
12180 0.980516 0.980402 0.98063 0.98041
12200 0.980516 0.980402 0.98063 0.98041
12221 0.980516 0.980402 0.98063 0.98041
12241 0.980516 0.980402 0.98063 0.98041
12261 0.980516 0.980402 0.980631 0.98041
12281 0.980517 0.980403 0.980631 0.98041
12301 0.980518 0.980403 0.980632 0.98041
12322 0.980517 0.980402 0.980631 0.98041
12342 0.980517 0.980403 0.980632 0.98041
12362 0.980516 0.980402 0.980631 0.98041
12382 0.980515 0.9804 0.980629 0.98041
12402 0.980515 0.980401 0.980629 0.98041
12423 0.980514 0.9804 0.980628 0.98041
12443 0.980515 0.9804 0.980629 0.98041
12463 0.980515 0.9804 0.980629 0.98041
12483 0.980515 0.980401 0.98063 0.98041
12503 0.980515 0.980401 0.980629 0.98041
12524 0.980515 0.980401 0.98063 0.98041
12544 0.980516 0.980401 0.98063 0.98041
12564 0.980516 0.980402 0.98063 0.98041
12584 0.980516 0.980401 0.98063 0.98041
12604 0.980516 0.980402 0.980631 0.98041
12625 0.980516 0.980402 0.98063 0.98041
12645 0.980516 0.980402 0.980631 0.98041
12665 0.980517 0.980402 0.980631 0.98041
12685 0.980516 0.980401 0.98063 0.98041
12705 0.980515 0.980401 0.98063 0.98041
12726 0.980516 0.980401 0.98063 0.98041
12746 0.980516 0.980401 0.98063 0.98041
12766 0.980517 0.980403 0.980632 0.98041
12786 0.980518 0.980403 0.980632 0.98041
12806 0.980518 0.980403 0.980632 0.98041
12827 0.980517 0.980403 0.980632 0.98041
12847 0.980517 0.980403 0.980632 0.98041
12867 0.980518 0.980403 0.980632 0.98041
12887 0.980516 0.980402 0.980631 0.98041
12907 0.980518 0.980403 0.980632 0.98041
12928 0.980519 0.980405 0.980634 0.98041
12948 0.98052 0.980405 0.980634 0.98041
12968 0.98052 0.980405 0.980634 0.98041
12988 0.980521 0.980406 0.980635 0.98041
13008 0.980522 0.980408 0.980637 0.98041
13029 0.980522 0.980408 0.980637 0.98041
13049 0.980522 0.980407 0.980636 0.98041
13069 0.980521 0.980407 0.980636 0.98041
13089 0.980523 0.980408 0.980637 0.98041
13109 0.980523 0.980408 0.980637 0.98041
13130 0.980522 0.980408 0.980637 0.98041
13150 0.980523 0.980408 0.980637 0.98041
13170 0.980523 0.980408 0.980637 0.98041
13190 0.980524 0.980409 0.980638 0.980411
13210 0.980524 0.98041 0.980639 0.980411
13231 0.980525 0.980411 0.98064 0.980411
13251 0.980525 0.98041 0.98064 0.980411
13271 0.980526 0.980411 0.98064 0.980411
13291 0.980526 0.980411 0.98064 0.980411
13311 0.980526 0.980411 0.98064 0.980411
13332 0.980527 0.980412 0.980642 0.980411
13352 0.980528 0.980413 0.980642 0.980411
13372 0.980528 0.980413 0.980643 0.980411
13392 0.980528 0.980413 0.980642 0.980411
13412 0.980527 0.980413 0.980642 0.980411
13433 0.980527 0.980413 0.980642 0.980411
13453 0.980527 0.980413 0.980642 0.980411
13473 0.980526 0.980412 0.980641 0.980411
13493 0.980527 0.980412 0.980641 0.980411
13513 0.980528 0.980413 0.980642 0.980411
13534 0.980528 0.980414 0.980643 0.980411
13554 0.980528 0.980414 0.980643 0.980411
13574 0.980529 0.980415 0.980644 0.980411
13594 0.980529 0.980415 0.980644 0.980411
13614 0.980529 0.980415 0.980644 0.980411
13635 0.98053 0.980415 0.980644 0.980411
13655 0.980529 0.980414 0.980643 0.980411
13675 0.980528 0.980413 0.980642 0.980411
13695 0.980528 0.980413 0.980642 0.980411
13715 0.980528 0.980413 0.980642 0.980411
13736 0.980528 0.980413 0.980642 0.980411
13756 0.980529 0.980414 0.980643 0.980411
13776 0.980528 0.980413 0.980643 0.980411
13796 0.980529 0.980414 0.980643 0.980411
13816 0.980529 0.980415 0.980644 0.980411
13837 0.980529 0.980415 0.980644 0.980411
13857 0.980529 0.980415 0.980644 0.980411
13877 0.980529 0.980414 0.980644 0.980411
13897 0.980529 0.980414 0.980643 0.980411
13917 0.980528 0.980414 0.980643 0.980411
13938 0.980528 0.980413 0.980643 0.980411
13958 0.980528 0.980413 0.980643 0.980411
13978 0.980528 0.980413 0.980643 0.980411
13998 0.980527 0.980412 0.980642 0.980411
14018 0.980527 0.980412 0.980642 0.980411
14039 0.980528 0.980413 0.980642 0.980411
14059 0.980529 0.980414 0.980643 0.980411
14079 0.980529 0.980414 0.980644 0.980411
14099 0.980529 0.980414 0.980643 0.980411
14119 0.980531 0.980416 0.980645 0.980411
14140 0.98053 0.980416 0.980645 0.980411
14160 0.980531 0.980416 0.980646 0.980411
14180 0.980531 0.980417 0.980646 0.980411
14200 0.980532 0.980417 0.980647 0.980411
14220 0.980531 0.980416 0.980646 0.980411
14241 0.98053 0.980415 0.980645 0.980411
14261 0.980529 0.980415 0.980644 0.980411
14281 0.98053 0.980415 0.980645 0.980411
14301 0.98053 0.980415 0.980645 0.980411
14321 0.98053 0.980416 0.980645 0.980411
14342 0.980529 0.980414 0.980644 0.980411
14362 0.98053 0.980415 0.980645 0.980411
14382 0.98053 0.980415 0.980644 0.980411
14402 0.980529 0.980415 0.980644 0.980411
14422 0.980529 0.980415 0.980644 0.980411
14443 0.98053 0.980415 0.980645 0.980411
14463 0.98053 0.980415 0.980645 0.980411
14483 0.980531 0.980416 0.980646 0.980411
14503 0.98053 0.980416 0.980645 0.980411
14523 0.98053 0.980415 0.980645 0.980411
14544 0.980529 0.980414 0.980644 0.980411
14564 0.980529 0.980414 0.980644 0.980411
14584 0.980529 0.980414 0.980644 0.980411
14604 0.980529 0.980414 0.980644 0.980411
14624 0.980528 0.980414 0.980643 0.980411
14645 0.980527 0.980413 0.980642 0.980411
14665 0.980527 0.980413 0.980642 0.980411
14685 0.980528 0.980413 0.980643 0.980411
14705 0.980528 0.980413 0.980643 0.980411
14725 0.980527 0.980412 0.980642 0.980411
14746 0.980528 0.980413 0.980643 0.980411
14766 0.980529 0.980414 0.980643 0.980411
14786 0.980527 0.980412 0.980642 0.980411
14806 0.980527 0.980412 0.980642 0.980411
14826 0.980527 0.980412 0.980642 0.980411
14847 0.980527 0.980412 0.980642 0.980411
14867 0.980527 0.980412 0.980642 0.980411
14887 0.980526 0.980411 0.980641 0.980411
14907 0.980526 0.980411 0.980641 0.980411
14927 0.980526 0.980411 0.980641 0.980411
14948 0.980527 0.980412 0.980642 0.980411
14968 0.980527 0.980412 0.980642 0.980411
14988 0.980527 0.980412 0.980643 0.980411
15008 0.980526 0.980411 0.980641 0.980411
15028 0.980527 0.980412 0.980642 0.980411
15049 0.980527 0.980412 0.980642 0.980411
15069 0.980527 0.980412 0.980642 0.980411
15089 0.980527 0.980412 0.980642 0.980411
15109 0.980526 0.980411 0.980641 0.980411
15129 0.980525 0.98041 0.98064 0.980411
15150 0.980525 0.98041 0.980641 0.980411
15170 0.980525 0.98041 0.98064 0.980411
15190 0.980525 0.98041 0.980641 0.980411
15210 0.980526 0.980411 0.980641 0.980411
15230 0.980525 0.98041 0.98064 0.980411
15251 0.980525 0.98041 0.98064 0.980411
15271 0.980525 0.98041 0.98064 0.980411
15291 0.980524 0.980409 0.980639 0.980411
15311 0.980525 0.98041 0.98064 0.980411
15331 0.980525 0.98041 0.98064 0.980411
15352 0.980525 0.98041 0.98064 0.980411
15372 0.980525 0.98041 0.98064 0.980411
15392 0.980525 0.980409 0.98064 0.980411
15412 0.980525 0.98041 0.98064 0.980411
15432 0.980525 0.98041 0.98064 0.980411
15453 0.980524 0.980409 0.980639 0.980411
15473 0.980525 0.98041 0.98064 0.980411
15493 0.980525 0.98041 0.980641 0.980411
15513 0.980526 0.980411 0.980641 0.980411
15533 0.980526 0.98041 0.980641 0.980411
15554 0.980525 0.98041 0.980641 0.980411
15574 0.980525 0.980409 0.98064 0.980411
15594 0.980525 0.980409 0.98064 0.980411
15614 0.980525 0.98041 0.98064 0.980411
15634 0.980526 0.980411 0.980641 0.980411
15655 0.980525 0.98041 0.980641 0.980411
15675 0.980525 0.98041 0.980641 0.980411
15695 0.980526 0.980411 0.980641 0.980411
15715 0.980526 0.980411 0.980642 0.980411
15735 0.980526 0.980411 0.980642 0.980411
15756 0.980526 0.980411 0.980641 0.980411
15776 0.980526 0.98041 0.980641 0.980411
15796 0.980526 0.98041 0.980641 0.980411
15816 0.980526 0.980411 0.980641 0.980411
15836 0.980526 0.980411 0.980641 0.980411
15857 0.980526 0.980411 0.980641 0.980411
15877 0.980526 0.980411 0.980641 0.980411
15897 0.980526 0.980411 0.980641 0.980411
15917 0.980526 0.980411 0.980641 0.980411
15937 0.980526 0.980411 0.980642 0.980411
15958 0.980527 0.980411 0.980642 0.980411
15978 0.980527 0.980411 0.980642 0.980411
15998 0.980527 0.980411 0.980642 0.980411
16018 0.980527 0.980412 0.980643 0.980411
16038 0.980528 0.980412 0.980643 0.980411
16059 0.980528 0.980413 0.980644 0.980411
16079 0.980528 0.980413 0.980644 0.980411
16099 0.980529 0.980413 0.980644 0.980411
16119 0.980529 0.980413 0.980644 0.980411
16139 0.980529 0.980414 0.980644 0.980411
16160 0.980529 0.980413 0.980644 0.980411
16180 0.980529 0.980413 0.980644 0.980411
16200 0.980528 0.980413 0.980644 0.980411
16220 0.980528 0.980412 0.980643 0.980411
16240 0.980528 0.980412 0.980643 0.980411
16261 0.980528 0.980413 0.980644 0.980411
16281 0.980529 0.980414 0.980645 0.980411
16301 0.98053 0.980414 0.980645 0.980411
16321 0.98053 0.980414 0.980645 0.980411
16341 0.980529 0.980413 0.980644 0.980411
16362 0.980529 0.980414 0.980644 0.980411
16382 0.980528 0.980413 0.980643 0.980411
16402 0.980529 0.980414 0.980645 0.980411
16422 0.98053 0.980414 0.980645 0.980411
16442 0.98053 0.980414 0.980645 0.980411
16463 0.980529 0.980414 0.980645 0.980411
16483 0.98053 0.980415 0.980645 0.980411
16503 0.98053 0.980414 0.980645 0.980411
16523 0.980529 0.980414 0.980645 0.980411
16543 0.980529 0.980414 0.980645 0.980411
16564 0.980529 0.980413 0.980644 0.980411
16584 0.980529 0.980414 0.980645 0.980411
16604 0.980529 0.980414 0.980645 0.980411
16624 0.980529 0.980414 0.980645 0.980411
16644 0.980529 0.980414 0.980645 0.980411
16665 0.98053 0.980414 0.980645 0.980411
16685 0.980531 0.980415 0.980646 0.980411
16705 0.980531 0.980415 0.980646 0.980411
16725 0.980531 0.980416 0.980647 0.980411
16745 0.980531 0.980416 0.980647 0.980411
16766 0.980531 0.980416 0.980647 0.980411
16786 0.980532 0.980416 0.980647 0.980411
16806 0.980532 0.980416 0.980647 0.980411
16826 0.980532 0.980417 0.980648 0.980411
16846 0.980531 0.980416 0.980647 0.980411
16867 0.980532 0.980416 0.980647 0.980411
16887 0.980533 0.980417 0.980648 0.980411
16907 0.980532 0.980417 0.980648 0.980411
16927 0.980531 0.980415 0.980646 0.980411
16947 0.98053 0.980414 0.980645 0.980411
16968 0.98053 0.980415 0.980646 0.980411
16988 0.980531 0.980415 0.980646 0.980411
17008 0.98053 0.980415 0.980646 0.980411
17028 0.98053 0.980414 0.980646 0.980411
17048 0.98053 0.980414 0.980645 0.980411
17069 0.980528 0.980413 0.980644 0.980411
17089 0.980528 0.980413 0.980644 0.980411
17109 0.980527 0.980412 0.980643 0.980411
17129 0.980528 0.980412 0.980643 0.980411
17149 0.980528 0.980413 0.980644 0.980411
17170 0.980527 0.980412 0.980643 0.980411
17190 0.980526 0.980411 0.980642 0.980411
17210 0.980526 0.980411 0.980642 0.980411
17230 0.980527 0.980411 0.980642 0.980411
17250 0.980527 0.980411 0.980642 0.980411
17271 0.980526 0.98041 0.980641 0.980411
17291 0.980526 0.980411 0.980642 0.980411
17311 0.980526 0.980411 0.980642 0.980411
17331 0.980526 0.98041 0.980641 0.980411
17351 0.980527 0.980411 0.980642 0.980411
17372 0.980527 0.980411 0.980642 0.980411
17392 0.980527 0.980411 0.980642 0.980411
17412 0.980527 0.980411 0.980642 0.980411
17432 0.980527 0.980411 0.980642 0.980411
17452 0.980526 0.98041 0.980641 0.980411
17473 0.980527 0.980411 0.980642 0.980411
17493 0.980527 0.980412 0.980643 0.980411
17513 0.980528 0.980412 0.980643 0.980411
17533 0.980528 0.980413 0.980644 0.980411
17553 0.980528 0.980413 0.980644 0.980411
17574 0.980529 0.980413 0.980645 0.980411
17594 0.980529 0.980413 0.980644 0.980411
17614 0.980528 0.980413 0.980644 0.980411
17634 0.980528 0.980412 0.980643 0.980411
17654 0.980527 0.980411 0.980642 0.980411
17675 0.980526 0.980411 0.980642 0.980411
17695 0.980526 0.98041 0.980642 0.980411
17715 0.980526 0.980411 0.980642 0.980411
17735 0.980525 0.980409 0.98064 0.980411
17755 0.980525 0.980409 0.98064 0.980411
17776 0.980525 0.980409 0.98064 0.980411
17796 0.980525 0.980409 0.98064 0.980411
17816 0.980524 0.980409 0.98064 0.980411
17836 0.980523 0.980408 0.980639 0.980411
17856 0.980523 0.980407 0.980638 0.980411
17877 0.980524 0.980408 0.980639 0.980411
17897 0.980524 0.980408 0.98064 0.980411
17917 0.980524 0.980408 0.980639 0.980411
17937 0.980524 0.980408 0.98064 0.980411
17957 0.980524 0.980408 0.98064 0.980411
17978 0.980524 0.980409 0.98064 0.980411
17998 0.980524 0.980408 0.98064 0.980411
18018 0.980524 0.980408 0.980639 0.980411
18038 0.980524 0.980408 0.980639 0.980411
18058 0.980523 0.980407 0.980639 0.980411
18079 0.980523 0.980407 0.980639 0.980411
18099 0.980524 0.980408 0.980639 0.980411
18119 0.980524 0.980408 0.980639 0.980411
18139 0.980524 0.980408 0.980639 0.980411
18159 0.980524 0.980408 0.980639 0.980411
18180 0.980524 0.980408 0.98064 0.980411
18200 0.980524 0.980408 0.98064 0.980411
18220 0.980524 0.980409 0.98064 0.980411
18240 0.980525 0.980409 0.98064 0.980411
18260 0.980524 0.980408 0.98064 0.980411
18281 0.980525 0.980409 0.980641 0.980411
18301 0.980525 0.98041 0.980641 0.980411
18321 0.980526 0.98041 0.980642 0.980411
18341 0.980526 0.980411 0.980642 0.980411
18361 0.980527 0.980411 0.980642 0.980411
18382 0.980528 0.980412 0.980643 0.980411
18402 0.980529 0.980413 0.980644 0.980411
18422 0.980528 0.980413 0.980644 0.980411
18442 0.980528 0.980413 0.980644 0.980411
18462 0.980528 0.980412 0.980644 0.980411
18483 0.980528 0.980412 0.980643 0.980411
18503 0.980528 0.980412 0.980643 0.980411
18523 0.980528 0.980412 0.980643 0.980411
18543 0.980527 0.980411 0.980643 0.980411
18563 0.980527 0.980411 0.980642 0.980411
18584 0.980526 0.98041 0.980642 0.980411
18604 0.980526 0.980411 0.980642 0.980411
18624 0.980526 0.98041 0.980642 0.980411
18644 0.980526 0.98041 0.980641 0.980411
18664 0.980525 0.98041 0.980641 0.980411
18685 0.980526 0.98041 0.980641 0.980411
18705 0.980525 0.980409 0.980641 0.980411
18725 0.980525 0.98041 0.980641 0.980411
18745 0.980526 0.98041 0.980642 0.980411
18765 0.980526 0.98041 0.980642 0.980411
18786 0.980526 0.98041 0.980642 0.980411
18806 0.980527 0.980411 0.980642 0.980411
18826 0.980527 0.980411 0.980643 0.980411
18846 0.980527 0.980411 0.980643 0.980411
18866 0.980527 0.980411 0.980643 0.980411
18887 0.980526 0.980411 0.980642 0.980411
18907 0.980527 0.980411 0.980643 0.980411
18927 0.980527 0.980411 0.980643 0.980411
18947 0.980527 0.980412 0.980643 0.980411
18967 0.980528 0.980412 0.980644 0.980411
18988 0.980527 0.980412 0.980643 0.980411
19008 0.980529 0.980413 0.980644 0.980411
19028 0.980527 0.980412 0.980643 0.980411
19048 0.980527 0.980412 0.980643 0.980411
19068 0.980528 0.980412 0.980643 0.980411
19089 0.980527 0.980411 0.980643 0.980411
19109 0.980527 0.980411 0.980643 0.980411
19129 0.980528 0.980412 0.980644 0.980411
19149 0.980527 0.980411 0.980643 0.980411
19169 0.980527 0.980411 0.980643 0.980411
19190 0.980527 0.980411 0.980643 0.980411
19210 0.980527 0.980411 0.980643 0.980411
19230 0.980526 0.98041 0.980642 0.980411
19250 0.980527 0.980411 0.980642 0.980411
19270 0.980526 0.98041 0.980642 0.980411
19291 0.980526 0.98041 0.980641 0.980411
19311 0.980526 0.98041 0.980642 0.980411
19331 0.980526 0.98041 0.980642 0.980411
19351 0.980526 0.98041 0.980642 0.980411
19371 0.980526 0.980411 0.980642 0.980411
19392 0.980527 0.980411 0.980642 0.980411
19412 0.980527 0.980411 0.980642 0.980411
19432 0.980528 0.980412 0.980643 0.980411
19452 0.980528 0.980412 0.980644 0.980411
19472 0.980528 0.980412 0.980644 0.980411
19493 0.980528 0.980412 0.980644 0.980411
19513 0.980528 0.980412 0.980644 0.980411
19533 0.980528 0.980412 0.980644 0.980411
19553 0.980527 0.980411 0.980643 0.980411
19573 0.980527 0.980411 0.980643 0.980411
19594 0.980527 0.980412 0.980643 0.980411
19614 0.980527 0.980412 0.980643 0.980411
19634 0.980527 0.980411 0.980643 0.980411
19654 0.980528 0.980412 0.980644 0.980411
19674 0.980528 0.980412 0.980644 0.980411
19695 0.980528 0.980413 0.980644 0.980411
19715 0.980528 0.980412 0.980644 0.980411
19735 0.980528 0.980412 0.980644 0.980411
19755 0.980528 0.980412 0.980644 0.980411
19775 0.980528 0.980412 0.980644 0.980411
19796 0.980528 0.980412 0.980644 0.980411
19816 0.980529 0.980413 0.980645 0.980411
19836 0.980529 0.980413 0.980645 0.980411
19856 0.980529 0.980414 0.980645 0.980411
19876 0.980529 0.980413 0.980645 0.980412
19897 0.980529 0.980413 0.980645 0.980412
19917 0.980529 0.980413 0.980645 0.980412
19937 0.980529 0.980414 0.980645 0.980412
19957 0.980529 0.980414 0.980645 0.980412
19977 0.980529 0.980413 0.980645 0.980412
19998 0.980529 0.980413 0.980645 0.980412
20018 0.980529 0.980413 0.980645 0.980412
20038 0.980529 0.980413 0.980644 0.980412
20058 0.980529 0.980413 0.980645 0.980412
20078 0.980529 0.980413 0.980645 0.980412
20099 0.980529 0.980413 0.980645 0.980412
20119 0.98053 0.980414 0.980646 0.980412
20139 0.98053 0.980414 0.980646 0.980412
20159 0.980529 0.980413 0.980645 0.980412
20179 0.98053 0.980414 0.980646 0.980412
20200 0.980529 0.980414 0.980645 0.980412
20220 0.980529 0.980414 0.980645 0.980412
20240 0.98053 0.980414 0.980646 0.980412
20260 0.980529 0.980414 0.980645 0.980412
20280 0.980529 0.980414 0.980645 0.980412
20301 0.98053 0.980414 0.980646 0.980412
20321 0.980529 0.980413 0.980645 0.980412
20341 0.980529 0.980413 0.980645 0.980412
20361 0.980529 0.980413 0.980644 0.980412
20381 0.980529 0.980413 0.980645 0.980412
20402 0.980529 0.980413 0.980645 0.980412
20422 0.980528 0.980412 0.980644 0.980412
20442 0.980527 0.980411 0.980643 0.980412
20462 0.980528 0.980412 0.980644 0.980412
20482 0.980528 0.980412 0.980644 0.980412
20503 0.980529 0.980413 0.980645 0.980412
20523 0.980528 0.980412 0.980644 0.980412
20543 0.980528 0.980412 0.980644 0.980412
20563 0.980528 0.980412 0.980644 0.980412
20583 0.980528 0.980412 0.980644 0.980412
20604 0.980528 0.980412 0.980644 0.980412
20624 0.980528 0.980412 0.980644 0.980412
20644 0.980527 0.980412 0.980643 0.980412
20664 0.980527 0.980411 0.980643 0.980412
20684 0.980528 0.980412 0.980644 0.980412
20705 0.980527 0.980411 0.980643 0.980412
20725 0.980527 0.980411 0.980643 0.980412
20745 0.980527 0.980411 0.980643 0.980412
20765 0.980527 0.980411 0.980643 0.980412
20785 0.980528 0.980412 0.980644 0.980412
20806 0.980528 0.980412 0.980644 0.980412
20826 0.980528 0.980412 0.980644 0.980412
20846 0.980529 0.980413 0.980645 0.980412
20866 0.980529 0.980413 0.980645 0.980412
20886 0.980529 0.980413 0.980645 0.980412
20907 0.980529 0.980413 0.980645 0.980412
20927 0.980529 0.980413 0.980645 0.980412
20947 0.980529 0.980413 0.980645 0.980412
20967 0.980529 0.980412 0.980645 0.980412
20987 0.980529 0.980413 0.980645 0.980412
21008 0.980529 0.980412 0.980645 0.980412
21028 0.980528 0.980412 0.980644 0.980412
21048 0.980528 0.980412 0.980644 0.980412
21068 0.980528 0.980412 0.980644 0.980412
21088 0.980527 0.980411 0.980643 0.980412
21109 0.980527 0.980411 0.980643 0.980412
21129 0.980527 0.980411 0.980643 0.980412
21149 0.980526 0.98041 0.980642 0.980412
21169 0.980527 0.980411 0.980643 0.980412
21189 0.980527 0.98041 0.980643 0.980412
