//total_population estimated_relatedness lower_bound upper_bound relatedness
200 0.497487 0.497487 0.497487 0.497487
204 0.497586 0.497585 0.497587 0.497586
208 0.497679 0.497677 0.497682 0.497681
212 0.49777 0.497766 0.497774 0.497772
216 0.497858 0.497853 0.497863 0.49786
220 0.497942 0.497936 0.497949 0.497944
224 0.498025 0.498018 0.498032 0.498026
228 0.498103 0.498094 0.498111 0.498104
232 0.498179 0.498169 0.498188 0.49818
236 0.49825 0.498239 0.49826 0.498253
240 0.49832 0.498308 0.498331 0.498324
244 0.498389 0.498377 0.498401 0.498393
248 0.498454 0.498441 0.498468 0.498459
252 0.498515 0.498501 0.498529 0.498523
256 0.498577 0.498562 0.498591 0.498586
260 0.498637 0.498621 0.498653 0.498646
264 0.498699 0.498683 0.498716 0.498704
268 0.498754 0.498737 0.498772 0.498761
272 0.498814 0.498796 0.498832 0.498816
276 0.49887 0.498851 0.498889 0.498869
280 0.498922 0.498903 0.498942 0.498921
284 0.49897 0.498949 0.49899 0.498972
288 0.499022 0.499001 0.499043 0.499021
292 0.499076 0.499054 0.499098 0.499068
296 0.49912 0.499097 0.499143 0.499115
300 0.499165 0.499142 0.499188 0.49916
304 0.499209 0.499185 0.499233 0.499204
308 0.499253 0.499228 0.499277 0.499246
312 0.499298 0.499273 0.499323 0.499288
316 0.49934 0.499315 0.499366 0.499329
320 0.499377 0.499351 0.499403 0.499368
324 0.499409 0.499383 0.499436 0.499407
328 0.499447 0.49942 0.499473 0.499445
332 0.499486 0.499458 0.499513 0.499481
336 0.49952 0.499492 0.499547 0.499517
340 0.499553 0.499525 0.499581 0.499552
344 0.499591 0.499562 0.499619 0.499587
348 0.499628 0.499599 0.499657 0.49962
352 0.49966 0.49963 0.499689 0.499653
356 0.499694 0.499664 0.499724 0.499685
360 0.499728 0.499697 0.499758 0.499716
364 0.499758 0.499727 0.499789 0.499746
368 0.499788 0.499757 0.499819 0.499776
372 0.499819 0.499787 0.499851 0.499806
376 0.499849 0.499817 0.499881 0.499834
380 0.499877 0.499844 0.49991 0.499862
384 0.499903 0.49987 0.499936 0.49989
388 0.499928 0.499895 0.499962 0.499916
392 0.499948 0.499915 0.499982 0.499943
396 0.499971 0.499937 0.500005 0.499969
400 0.499998 0.499964 0.500033 0.499994
404 0.500021 0.499987 0.500056 0.500019
408 0.500045 0.50001 0.500079 0.500043
412 0.500069 0.500034 0.500104 0.500067
416 0.500095 0.500059 0.50013 0.50009
420 0.500122 0.500086 0.500158 0.500113
424 0.500146 0.500109 0.500182 0.500135
428 0.500168 0.500131 0.500204 0.500157
432 0.500189 0.500152 0.500226 0.500179
436 0.500211 0.500174 0.500248 0.5002
440 0.500232 0.500194 0.500269 0.500221
444 0.500251 0.500214 0.500289 0.500241
448 0.500275 0.500237 0.500313 0.500262
452 0.500294 0.500256 0.500332 0.500281
456 0.500312 0.500274 0.50035 0.500301
460 0.500331 0.500292 0.500369 0.50032
464 0.50035 0.500311 0.500389 0.500338
468 0.500371 0.500332 0.50041 0.500357
472 0.500389 0.50035 0.500429 0.500375
476 0.500406 0.500366 0.500446 0.500393
480 0.500424 0.500384 0.500464 0.50041
484 0.500441 0.500401 0.500481 0.500427
488 0.500459 0.500418 0.5005 0.500444
492 0.500476 0.500435 0.500517 0.500461
496 0.500489 0.500448 0.50053 0.500477
500 0.500506 0.500465 0.500547 0.500494
504 0.500519 0.500478 0.500561 0.500509
508 0.500536 0.500495 0.500578 0.500525
512 0.500553 0.500512 0.500595 0.50054
516 0.500569 0.500527 0.50061 0.500555
520 0.500581 0.500539 0.500623 0.50057
524 0.500594 0.500552 0.500636 0.500585
528 0.500609 0.500567 0.500652 0.500599
532 0.50062 0.500577 0.500662 0.500614
536 0.500635 0.500592 0.500678 0.500628
540 0.500647 0.500604 0.50069 0.500642
544 0.50066 0.500617 0.500703 0.500655
548 0.500676 0.500632 0.500719 0.500669
552 0.500689 0.500645 0.500732 0.500682
556 0.500701 0.500657 0.500745 0.500695
560 0.500712 0.500668 0.500756 0.500708
564 0.500726 0.500681 0.50077 0.50072
568 0.500737 0.500693 0.500781 0.500733
572 0.500752 0.500708 0.500797 0.500745
576 0.500765 0.50072 0.500809 0.500757
580 0.500778 0.500733 0.500823 0.500769
584 0.500789 0.500744 0.500834 0.500781
588 0.500801 0.500756 0.500846 0.500792
592 0.500812 0.500767 0.500858 0.500804
596 0.500824 0.500778 0.500869 0.500815
600 0.500833 0.500788 0.500879 0.500826
604 0.500845 0.5008 0.500891 0.500837
608 0.500854 0.500809 0.5009 0.500848
612 0.500866 0.50082 0.500912 0.500859
616 0.500879 0.500832 0.500925 0.50087
620 0.500889 0.500843 0.500935 0.50088
624 0.5009 0.500853 0.500946 0.50089
628 0.500909 0.500862 0.500955 0.500901
632 0.500918 0.500872 0.500965 0.500911
636 0.500931 0.500884 0.500978 0.500921
640 0.500939 0.500892 0.500986 0.50093
644 0.500951 0.500904 0.500998 0.50094
648 0.500961 0.500914 0.501008 0.50095
652 0.500968 0.500921 0.501016 0.500959
656 0.50098 0.500932 0.501027 0.500968
660 0.500991 0.500943 0.501039 0.500978
664 0.500999 0.500951 0.501047 0.500987
668 0.501009 0.500961 0.501056 0.500996
672 0.501022 0.500973 0.50107 0.501005
676 0.501029 0.500981 0.501077 0.501013
680 0.50104 0.500992 0.501088 0.501022
684 0.501049 0.501001 0.501097 0.501031
688 0.501057 0.501009 0.501106 0.501039
692 0.501064 0.501015 0.501112 0.501048
696 0.501072 0.501023 0.50112 0.501056
700 0.501081 0.501032 0.50113 0.501064
704 0.501089 0.50104 0.501138 0.501072
708 0.501098 0.501049 0.501147 0.50108
712 0.501106 0.501057 0.501154 0.501088
716 0.501116 0.501067 0.501165 0.501096
720 0.501124 0.501075 0.501174 0.501104
724 0.501131 0.501082 0.50118 0.501111
728 0.501137 0.501088 0.501187 0.501119
732 0.501143 0.501093 0.501192 0.501126
736 0.501151 0.501101 0.5012 0.501134
740 0.501158 0.501109 0.501208 0.501141
744 0.501166 0.501116 0.501216 0.501148
748 0.501173 0.501124 0.501223 0.501156
752 0.501178 0.501129 0.501228 0.501163
756 0.501183 0.501133 0.501233 0.50117
760 0.501191 0.501141 0.50124 0.501177
764 0.501197 0.501147 0.501247 0.501183
768 0.501204 0.501154 0.501255 0.50119
772 0.501211 0.501161 0.501261 0.501197
776 0.501218 0.501168 0.501268 0.501204
780 0.501223 0.501173 0.501274 0.50121
784 0.50123 0.501179 0.50128 0.501217
788 0.501234 0.501183 0.501284 0.501223
792 0.501239 0.501189 0.50129 0.50123
796 0.501246 0.501195 0.501297 0.501236
800 0.501255 0.501204 0.501306 0.501242
804 0.501262 0.501211 0.501313 0.501248
808 0.501269 0.501217 0.50132 0.501255
812 0.501276 0.501225 0.501328 0.501261
816 0.501281 0.50123 0.501333 0.501267
820 0.501287 0.501236 0.501338 0.501273
824 0.501293 0.501241 0.501344 0.501279
828 0.5013 0.501248 0.501351 0.501284
832 0.501306 0.501255 0.501358 0.50129
836 0.501312 0.50126 0.501364 0.501296
840 0.50132 0.501268 0.501372 0.501302
844 0.501323 0.501271 0.501375 0.501307
848 0.501328 0.501276 0.50138 0.501313
852 0.501336 0.501284 0.501388 0.501318
856 0.501338 0.501286 0.501391 0.501324
860 0.501344 0.501292 0.501396 0.501329
864 0.501348 0.501296 0.501401 0.501335
868 0.501354 0.501302 0.501406 0.50134
872 0.501359 0.501306 0.501411 0.501345
876 0.501363 0.50131 0.501415 0.50135
880 0.501368 0.501315 0.50142 0.501356
884 0.501374 0.501321 0.501426 0.501361
888 0.501378 0.501326 0.501431 0.501366
892 0.501383 0.50133 0.501436 0.501371
896 0.501386 0.501333 0.501439 0.501376
900 0.501393 0.50134 0.501445 0.501381
904 0.5014 0.501346 0.501453 0.501386
908 0.501405 0.501352 0.501458 0.501391
912 0.50141 0.501357 0.501463 0.501395
916 0.501413 0.50136 0.501466 0.5014
920 0.501416 0.501363 0.501469 0.501405
924 0.50142 0.501367 0.501473 0.50141
928 0.501426 0.501373 0.501479 0.501414
932 0.50143 0.501377 0.501483 0.501419
936 0.501435 0.501382 0.501489 0.501423
940 0.501441 0.501387 0.501494 0.501428
944 0.501446 0.501392 0.501499 0.501432
948 0.50145 0.501397 0.501504 0.501437
952 0.501456 0.501402 0.50151 0.501441
956 0.501459 0.501405 0.501513 0.501446
960 0.501463 0.501409 0.501516 0.50145
964 0.501467 0.501413 0.501521 0.501454
968 0.501469 0.501415 0.501523 0.501459
972 0.501472 0.501418 0.501526 0.501463
976 0.501478 0.501423 0.501532 0.501467
980 0.50148 0.501426 0.501535 0.501471
984 0.501483 0.501429 0.501537 0.501475
988 0.501486 0.501432 0.501541 0.501479
992 0.501491 0.501437 0.501546 0.501484
996 0.501496 0.501441 0.50155 0.501488
1000 0.501501 0.501446 0.501555 0.501492
1004 0.501506 0.501452 0.501561 0.501496
1008 0.501509 0.501454 0.501563 0.501499
1012 0.501513 0.501459 0.501568 0.501503
1016 0.501517 0.501462 0.501571 0.501507
1020 0.501523 0.501468 0.501578 0.501511
1024 0.501524 0.501469 0.501579 0.501515
1028 0.501529 0.501474 0.501584 0.501519
1032 0.501532 0.501477 0.501587 0.501522
1036 0.501535 0.501481 0.50159 0.501526
1040 0.501538 0.501483 0.501593 0.50153
1044 0.501541 0.501486 0.501596 0.501534
1048 0.501542 0.501487 0.501597 0.501537
1052 0.501546 0.501491 0.501601 0.501541
1056 0.501549 0.501494 0.501604 0.501544
1060 0.501552 0.501497 0.501607 0.501548
1064 0.501555 0.5015 0.50161 0.501552
1068 0.501557 0.501502 0.501612 0.501555
1072 0.501558 0.501503 0.501613 0.501559
1076 0.501564 0.501508 0.501619 0.501562
1080 0.501568 0.501513 0.501623 0.501565
1084 0.501574 0.501519 0.501629 0.501569
1088 0.501579 0.501524 0.501635 0.501572
1092 0.501583 0.501527 0.501638 0.501576
1096 0.501586 0.50153 0.501642 0.501579
1100 0.501589 0.501533 0.501645 0.501582
1104 0.501593 0.501537 0.501648 0.501585
1108 0.501597 0.501541 0.501653 0.501589
1112 0.501602 0.501546 0.501657 0.501592
1116 0.501605 0.501549 0.501661 0.501595
1120 0.501609 0.501553 0.501665 0.501598
1124 0.501614 0.501558 0.50167 0.501602
1128 0.501618 0.501562 0.501674 0.501605
1132 0.501621 0.501565 0.501678 0.501608
1136 0.501623 0.501567 0.501679 0.501611
1140 0.501626 0.50157 0.501682 0.501614
1144 0.501631 0.501574 0.501687 0.501617
1148 0.501634 0.501577 0.50169 0.50162
1152 0.501634 0.501577 0.50169 0.501623
1156 0.501636 0.50158 0.501693 0.501626
1160 0.501637 0.50158 0.501693 0.501629
1164 0.501639 0.501582 0.501695 0.501632
1168 0.501643 0.501587 0.501699 0.501635
1172 0.501646 0.50159 0.501702 0.501638
1176 0.501648 0.501592 0.501705 0.501641
1180 0.501653 0.501596 0.501709 0.501644
1184 0.501655 0.501598 0.501711 0.501646
1188 0.501658 0.501602 0.501715 0.501649
1192 0.501659 0.501603 0.501716 0.501652
1196 0.501662 0.501606 0.501719 0.501655
1200 0.501666 0.501609 0.501722 0.501658
1204 0.501668 0.501612 0.501725 0.50166
1208 0.501672 0.501615 0.501728 0.501663
1212 0.501675 0.501618 0.501732 0.501666
1216 0.501678 0.501621 0.501735 0.501669
1220 0.50168 0.501623 0.501737 0.501671
1224 0.501682 0.501625 0.501739 0.501674
1228 0.501685 0.501628 0.501742 0.501677
1232 0.501687 0.50163 0.501744 0.501679
1236 0.501689 0.501632 0.501746 0.501682
1240 0.501692 0.501635 0.501749 0.501684
1244 0.501693 0.501636 0.50175 0.501687
1248 0.501695 0.501638 0.501752 0.50169
1252 0.501697 0.50164 0.501754 0.501692
1256 0.501699 0.501642 0.501756 0.501695
1260 0.501702 0.501645 0.501759 0.501697
1264 0.501705 0.501648 0.501762 0.5017
1268 0.501707 0.50165 0.501764 0.501702
1272 0.501708 0.501651 0.501765 0.501705
1276 0.50171 0.501653 0.501767 0.501707
1280 0.501712 0.501655 0.50177 0.50171
1284 0.501715 0.501658 0.501773 0.501712
1288 0.501715 0.501658 0.501772 0.501714
1292 0.501716 0.501659 0.501773 0.501717
1296 0.50172 0.501663 0.501777 0.501719
1300 0.501722 0.501665 0.501779 0.501722
1304 0.501724 0.501667 0.501781 0.501724
1308 0.501726 0.501669 0.501783 0.501726
1312 0.501729 0.501672 0.501786 0.501729
1316 0.501732 0.501675 0.501789 0.501731
1320 0.501733 0.501676 0.501791 0.501733
1324 0.501735 0.501678 0.501793 0.501735
1328 0.501739 0.501682 0.501796 0.501738
1332 0.501739 0.501682 0.501796 0.50174
1336 0.501741 0.501683 0.501798 0.501742
1340 0.501743 0.501685 0.5018 0.501744
1344 0.501747 0.501689 0.501804 0.501747
1348 0.501748 0.501691 0.501806 0.501749
1352 0.501751 0.501694 0.501809 0.501751
1356 0.501754 0.501696 0.501811 0.501753
1360 0.501756 0.501698 0.501813 0.501755
1364 0.501759 0.501702 0.501817 0.501758
1368 0.50176 0.501703 0.501818 0.50176
1372 0.501762 0.501704 0.501819 0.501762
1376 0.501763 0.501705 0.50182 0.501764
1380 0.501765 0.501707 0.501822 0.501766
1384 0.501768 0.501711 0.501826 0.501768
1388 0.501769 0.501712 0.501827 0.50177
1392 0.501772 0.501714 0.501829 0.501772
1396 0.501773 0.501715 0.501831 0.501774
1400 0.501775 0.501717 0.501832 0.501776
1404 0.501777 0.501719 0.501835 0.501778
1408 0.50178 0.501722 0.501837 0.50178
1412 0.501781 0.501724 0.501839 0.501782
1416 0.501784 0.501726 0.501841 0.501784
1420 0.501787 0.501729 0.501845 0.501786
1424 0.501787 0.50173 0.501845 0.501788
1428 0.501789 0.501732 0.501847 0.50179
1432 0.501793 0.501735 0.50185 0.501792
1436 0.501794 0.501737 0.501852 0.501794
1440 0.501798 0.50174 0.501856 0.501796
1444 0.501799 0.501742 0.501857 0.501798
1448 0.501802 0.501745 0.50186 0.5018
1452 0.501804 0.501746 0.501862 0.501802
1456 0.501808 0.50175 0.501866 0.501804
1460 0.501809 0.501751 0.501867 0.501806
1464 0.501812 0.501754 0.50187 0.501807
1468 0.501816 0.501757 0.501874 0.501809
1472 0.501816 0.501758 0.501875 0.501811
1476 0.501818 0.50176 0.501876 0.501813
1480 0.501818 0.50176 0.501876 0.501815
1484 0.501819 0.501761 0.501878 0.501817
1488 0.501822 0.501764 0.50188 0.501818
1492 0.501825 0.501766 0.501883 0.50182
1496 0.501828 0.501769 0.501886 0.501822
1500 0.50183 0.501771 0.501888 0.501824
1504 0.501833 0.501775 0.501892 0.501826
1508 0.501836 0.501777 0.501894 0.501827
1512 0.501839 0.50178 0.501897 0.501829
1516 0.501841 0.501783 0.5019 0.501831
1520 0.501844 0.501785 0.501903 0.501833
1524 0.501847 0.501788 0.501906 0.501834
1528 0.501849 0.50179 0.501908 0.501836
1532 0.501851 0.501792 0.501909 0.501838
1536 0.501852 0.501793 0.501911 0.501839
1540 0.501853 0.501795 0.501912 0.501841
1544 0.501855 0.501796 0.501913 0.501843
1548 0.501857 0.501798 0.501915 0.501844
1552 0.501857 0.501798 0.501916 0.501846
1556 0.501858 0.501799 0.501917 0.501848
1560 0.50186 0.501802 0.501919 0.501849
1564 0.501861 0.501802 0.50192 0.501851
1568 0.501865 0.501806 0.501924 0.501853
1572 0.501867 0.501808 0.501926 0.501854
1576 0.501868 0.501809 0.501927 0.501856
1580 0.501871 0.501812 0.50193 0.501857
1584 0.501874 0.501814 0.501933 0.501859
1588 0.501876 0.501817 0.501935 0.501861
1592 0.501878 0.501819 0.501938 0.501862
1596 0.50188 0.501821 0.50194 0.501864
1600 0.501882 0.501822 0.501941 0.501865
1604 0.501883 0.501824 0.501943 0.501867
1608 0.501885 0.501826 0.501945 0.501868
1612 0.501886 0.501827 0.501945 0.50187
1616 0.501888 0.501828 0.501947 0.501871
1620 0.501888 0.501829 0.501947 0.501873
1624 0.501889 0.50183 0.501948 0.501874
1628 0.501891 0.501832 0.501951 0.501876
1632 0.501893 0.501834 0.501953 0.501877
1636 0.501894 0.501835 0.501954 0.501879
1640 0.501895 0.501836 0.501954 0.50188
1644 0.501896 0.501837 0.501955 0.501882
1648 0.501898 0.501839 0.501958 0.501883
1652 0.501898 0.501839 0.501958 0.501885
1656 0.501901 0.501842 0.501961 0.501886
1660 0.501904 0.501844 0.501963 0.501888
1664 0.501904 0.501845 0.501964 0.501889
1668 0.501905 0.501845 0.501964 0.501891
1672 0.501905 0.501845 0.501964 0.501892
1676 0.501904 0.501845 0.501964 0.501894
1680 0.501905 0.501845 0.501964 0.501895
1684 0.501906 0.501846 0.501965 0.501896
1688 0.501907 0.501848 0.501967 0.501898
1692 0.501908 0.501848 0.501968 0.501899
1696 0.50191 0.50185 0.50197 0.501901
1700 0.501912 0.501852 0.501972 0.501902
1704 0.501914 0.501854 0.501973 0.501903
1708 0.501916 0.501857 0.501976 0.501905
1712 0.501917 0.501857 0.501977 0.501906
1716 0.501918 0.501858 0.501978 0.501907
1720 0.501921 0.501861 0.501981 0.501909
1724 0.501922 0.501862 0.501982 0.50191
1728 0.501924 0.501864 0.501984 0.501911
1732 0.501925 0.501865 0.501985 0.501913
1736 0.501925 0.501865 0.501985 0.501914
1740 0.501926 0.501866 0.501986 0.501915
1744 0.501926 0.501866 0.501986 0.501917
1748 0.501928 0.501868 0.501988 0.501918
1752 0.501929 0.501869 0.501989 0.501919
1756 0.50193 0.50187 0.50199 0.501921
1760 0.501931 0.501871 0.501991 0.501922
1764 0.50193 0.501871 0.50199 0.501923
1768 0.501932 0.501872 0.501992 0.501924
1772 0.501933 0.501873 0.501993 0.501926
1776 0.501935 0.501875 0.501995 0.501927
1780 0.501936 0.501876 0.501996 0.501928
1784 0.501938 0.501878 0.501999 0.50193
1788 0.50194 0.50188 0.502 0.501931
1792 0.501941 0.501881 0.502001 0.501932
1796 0.501942 0.501882 0.502002 0.501933
1800 0.501944 0.501884 0.502004 0.501934
1804 0.501945 0.501885 0.502005 0.501936
1808 0.501946 0.501886 0.502006 0.501937
1812 0.501947 0.501887 0.502007 0.501938
1816 0.501949 0.501889 0.502009 0.501939
1820 0.501949 0.501889 0.50201 0.501941
1824 0.50195 0.50189 0.502011 0.501942
1828 0.501953 0.501893 0.502014 0.501943
1832 0.501954 0.501893 0.502014 0.501944
1836 0.501956 0.501895 0.502016 0.501945
1840 0.501957 0.501897 0.502018 0.501946
1844 0.501957 0.501897 0.502018 0.501948
1848 0.501959 0.501898 0.502019 0.501949
1852 0.501961 0.5019 0.502021 0.50195
1856 0.501962 0.501901 0.502022 0.501951
1860 0.501963 0.501903 0.502024 0.501952
1864 0.501964 0.501904 0.502025 0.501953
1868 0.501964 0.501903 0.502024 0.501955
1872 0.501965 0.501905 0.502026 0.501956
1876 0.501966 0.501906 0.502027 0.501957
1880 0.501967 0.501907 0.502028 0.501958
1884 0.501969 0.501908 0.502029 0.501959
1888 0.501971 0.50191 0.502031 0.50196
1892 0.501972 0.501911 0.502033 0.501961
1896 0.501973 0.501913 0.502034 0.501962
1900 0.501974 0.501913 0.502035 0.501964
1904 0.501975 0.501914 0.502036 0.501965
1908 0.501977 0.501916 0.502037 0.501966
1912 0.501978 0.501918 0.502039 0.501967
1916 0.50198 0.501919 0.50204 0.501968
1920 0.50198 0.501919 0.50204 0.501969
1924 0.501981 0.50192 0.502042 0.50197
1928 0.501982 0.501921 0.502043 0.501971
1932 0.501982 0.501921 0.502043 0.501972
1936 0.501983 0.501922 0.502043 0.501973
1940 0.501984 0.501923 0.502045 0.501974
1944 0.501986 0.501925 0.502046 0.501975
1948 0.501987 0.501926 0.502048 0.501977
1952 0.501989 0.501928 0.50205 0.501978
1956 0.50199 0.50193 0.502051 0.501979
1960 0.501991 0.50193 0.502052 0.50198
1964 0.501992 0.501931 0.502053 0.501981
1968 0.501995 0.501934 0.502056 0.501982
1972 0.501995 0.501934 0.502056 0.501983
1976 0.501997 0.501936 0.502058 0.501984
1980 0.501998 0.501937 0.502059 0.501985
1984 0.501998 0.501937 0.502059 0.501986
1988 0.501999 0.501938 0.50206 0.501987
1992 0.501999 0.501938 0.502061 0.501988
1996 0.502001 0.50194 0.502062 0.501989
2000 0.502001 0.50194 0.502062 0.50199
2004 0.502003 0.501942 0.502064 0.501991
2008 0.502005 0.501944 0.502066 0.501992
2012 0.502006 0.501945 0.502067 0.501993
2016 0.502006 0.501945 0.502067 0.501994
2020 0.502007 0.501946 0.502069 0.501995
2024 0.502009 0.501948 0.50207 0.501996
2028 0.502009 0.501947 0.50207 0.501997
2032 0.502009 0.501948 0.50207 0.501998
2036 0.502009 0.501948 0.50207 0.501999
2040 0.502011 0.50195 0.502072 0.502
2044 0.502012 0.501951 0.502073 0.502001
2048 0.502013 0.501952 0.502075 0.502001
2052 0.502013 0.501952 0.502075 0.502002
2056 0.502014 0.501953 0.502075 0.502003
2060 0.502016 0.501955 0.502077 0.502004
2064 0.502018 0.501956 0.502079 0.502005
2068 0.502019 0.501957 0.50208 0.502006
2072 0.502019 0.501958 0.50208 0.502007
2076 0.50202 0.501959 0.502081 0.502008
2080 0.502021 0.501959 0.502082 0.502009
2084 0.502022 0.501961 0.502083 0.50201
2088 0.502022 0.501961 0.502084 0.502011
2092 0.502023 0.501962 0.502085 0.502012
2096 0.502025 0.501963 0.502086 0.502013
2100 0.502026 0.501965 0.502088 0.502014
2104 0.502028 0.501967 0.50209 0.502014
2108 0.502028 0.501967 0.50209 0.502015
2112 0.502031 0.501969 0.502092 0.502016
2116 0.502032 0.50197 0.502093 0.502017
2120 0.502033 0.501971 0.502094 0.502018
2124 0.502035 0.501974 0.502097 0.502019
2128 0.502035 0.501973 0.502096 0.50202
2132 0.502035 0.501973 0.502097 0.502021
2136 0.502036 0.501975 0.502098 0.502022
2140 0.502036 0.501975 0.502098 0.502022
2144 0.502038 0.501977 0.5021 0.502023
2148 0.502039 0.501977 0.5021 0.502024
2152 0.50204 0.501979 0.502102 0.502025
2156 0.502042 0.50198 0.502103 0.502026
2160 0.502043 0.501982 0.502105 0.502027
2164 0.502044 0.501982 0.502106 0.502028
2168 0.502045 0.501983 0.502106 0.502028
2172 0.502045 0.501984 0.502107 0.502029
2176 0.502047 0.501985 0.502108 0.50203
2180 0.502047 0.501985 0.502108 0.502031
2184 0.502049 0.501987 0.502111 0.502032
2188 0.502051 0.501989 0.502113 0.502033
2192 0.502052 0.50199 0.502114 0.502033
2196 0.502054 0.501992 0.502116 0.502034
2200 0.502056 0.501994 0.502118 0.502035
2204 0.502058 0.501996 0.50212 0.502036
2208 0.502059 0.501997 0.502121 0.502037
2212 0.502059 0.501997 0.502121 0.502038
2216 0.502059 0.501997 0.502121 0.502038
2220 0.50206 0.501998 0.502122 0.502039
2224 0.502062 0.502 0.502124 0.50204
2228 0.502063 0.502001 0.502125 0.502041
2232 0.502064 0.502002 0.502126 0.502042
2236 0.502064 0.502002 0.502126 0.502042
2240 0.502065 0.502003 0.502127 0.502043
2244 0.502066 0.502004 0.502128 0.502044
2248 0.502067 0.502005 0.502129 0.502045
2252 0.502068 0.502006 0.50213 0.502046
2256 0.502068 0.502006 0.50213 0.502046
2260 0.50207 0.502008 0.502132 0.502047
2264 0.50207 0.502008 0.502132 0.502048
2268 0.502071 0.502009 0.502133 0.502049
2272 0.502071 0.502009 0.502133 0.502049
2276 0.502071 0.502009 0.502133 0.50205
2280 0.502073 0.50201 0.502135 0.502051
2284 0.502074 0.502012 0.502136 0.502052
2288 0.502076 0.502013 0.502138 0.502052
2292 0.502076 0.502014 0.502139 0.502053
2296 0.502077 0.502015 0.502139 0.502054
2300 0.502078 0.502016 0.50214 0.502055
2304 0.502078 0.502016 0.50214 0.502056
2308 0.502079 0.502017 0.502142 0.502056
2312 0.50208 0.502017 0.502142 0.502057
2316 0.502081 0.502019 0.502143 0.502058
2320 0.502081 0.502018 0.502143 0.502058
2324 0.502081 0.502019 0.502144 0.502059
2328 0.502082 0.50202 0.502145 0.50206
2332 0.502083 0.50202 0.502145 0.502061
2336 0.502083 0.502021 0.502146 0.502061
2340 0.502084 0.502022 0.502146 0.502062
2344 0.502086 0.502023 0.502148 0.502063
2348 0.502087 0.502024 0.502149 0.502064
2352 0.502088 0.502025 0.50215 0.502064
2356 0.502088 0.502026 0.502151 0.502065
2360 0.502089 0.502026 0.502151 0.502066
2364 0.502089 0.502027 0.502152 0.502066
2368 0.502091 0.502028 0.502153 0.502067
2372 0.502091 0.502029 0.502154 0.502068
2376 0.502093 0.50203 0.502155 0.502069
2380 0.502093 0.502031 0.502156 0.502069
2384 0.502094 0.502031 0.502156 0.50207
2388 0.502094 0.502032 0.502157 0.502071
2392 0.502095 0.502032 0.502157 0.502071
2396 0.502096 0.502033 0.502158 0.502072
2400 0.502096 0.502034 0.502159 0.502073
2404 0.502097 0.502034 0.502159 0.502073
2408 0.502097 0.502034 0.502159 0.502074
2412 0.502096 0.502034 0.502159 0.502075
2416 0.502098 0.502035 0.50216 0.502076
2420 0.5021 0.502037 0.502162 0.502076
2424 0.5021 0.502038 0.502163 0.502077
2428 0.502101 0.502038 0.502164 0.502078
2432 0.502101 0.502039 0.502164 0.502078
2436 0.502102 0.502039 0.502164 0.502079
2440 0.502103 0.50204 0.502165 0.50208
2444 0.502104 0.502041 0.502167 0.50208
2448 0.502105 0.502042 0.502167 0.502081
2452 0.502105 0.502042 0.502168 0.502082
2456 0.502105 0.502042 0.502168 0.502082
2460 0.502106 0.502043 0.502168 0.502083
2464 0.502107 0.502044 0.502169 0.502084
2468 0.502106 0.502044 0.502169 0.502084
2472 0.502107 0.502045 0.50217 0.502085
2476 0.502109 0.502046 0.502171 0.502086
2480 0.502109 0.502047 0.502172 0.502086
2484 0.50211 0.502048 0.502173 0.502087
2488 0.502113 0.50205 0.502175 0.502087
2492 0.502113 0.50205 0.502176 0.502088
2496 0.502114 0.502051 0.502177 0.502089
2500 0.502115 0.502052 0.502178 0.502089
2504 0.502116 0.502053 0.502179 0.50209
2508 0.502117 0.502054 0.502179 0.502091
2512 0.502119 0.502056 0.502181 0.502091
2516 0.502119 0.502056 0.502182 0.502092
2520 0.50212 0.502057 0.502183 0.502093
2524 0.50212 0.502057 0.502183 0.502093
2528 0.50212 0.502057 0.502183 0.502094
2532 0.502121 0.502058 0.502184 0.502094
2536 0.502122 0.502059 0.502185 0.502095
2540 0.502123 0.50206 0.502186 0.502096
2544 0.502124 0.502061 0.502187 0.502096
2548 0.502124 0.502061 0.502187 0.502097
2552 0.502124 0.502061 0.502187 0.502098
2556 0.502124 0.502061 0.502187 0.502098
2560 0.502125 0.502062 0.502188 0.502099
2564 0.502126 0.502063 0.502189 0.502099
2568 0.502127 0.502064 0.50219 0.5021
2572 0.502128 0.502064 0.502191 0.502101
2576 0.502128 0.502065 0.502191 0.502101
2580 0.502128 0.502065 0.502191 0.502102
2584 0.502129 0.502066 0.502192 0.502102
2588 0.50213 0.502067 0.502193 0.502103
2592 0.50213 0.502067 0.502194 0.502104
2596 0.502131 0.502068 0.502194 0.502104
2600 0.502131 0.502068 0.502194 0.502105
2604 0.502131 0.502068 0.502194 0.502105
2608 0.502132 0.502069 0.502195 0.502106
2612 0.502132 0.502069 0.502195 0.502106
2616 0.502133 0.50207 0.502196 0.502107
2620 0.502133 0.50207 0.502196 0.502108
2624 0.502133 0.50207 0.502196 0.502108
2628 0.502133 0.50207 0.502196 0.502109
2632 0.502134 0.502071 0.502197 0.502109
2636 0.502134 0.502071 0.502197 0.50211
2640 0.502135 0.502072 0.502198 0.502111
2644 0.502135 0.502072 0.502198 0.502111
2648 0.502135 0.502072 0.502198 0.502112
2652 0.502135 0.502072 0.502198 0.502112
2656 0.502134 0.502071 0.502197 0.502113
2660 0.502135 0.502072 0.502198 0.502113
2664 0.502135 0.502072 0.502198 0.502114
2668 0.502136 0.502073 0.502199 0.502114
2672 0.502136 0.502073 0.5022 0.502115
2676 0.502137 0.502074 0.502201 0.502116
2680 0.502138 0.502075 0.502201 0.502116
2684 0.502138 0.502075 0.502201 0.502117
2688 0.502139 0.502076 0.502202 0.502117
2692 0.502139 0.502076 0.502202 0.502118
2696 0.502139 0.502076 0.502202 0.502118
2700 0.50214 0.502077 0.502203 0.502119
2704 0.502141 0.502077 0.502204 0.502119
2708 0.50214 0.502077 0.502203 0.50212
2712 0.50214 0.502077 0.502203 0.502121
2716 0.502141 0.502078 0.502204 0.502121
2720 0.502142 0.502079 0.502205 0.502122
2724 0.502142 0.502079 0.502205 0.502122
2728 0.502142 0.502079 0.502205 0.502123
2732 0.502142 0.502079 0.502206 0.502123
2736 0.502143 0.50208 0.502206 0.502124
2740 0.502144 0.502081 0.502207 0.502124
2744 0.502145 0.502082 0.502208 0.502125
2748 0.502144 0.502081 0.502208 0.502125
2752 0.502146 0.502083 0.502209 0.502126
2756 0.502147 0.502084 0.502211 0.502126
2760 0.502148 0.502084 0.502211 0.502127
2764 0.502148 0.502085 0.502211 0.502127
2768 0.502148 0.502085 0.502211 0.502128
2772 0.502148 0.502085 0.502211 0.502128
2776 0.502149 0.502085 0.502212 0.502129
2780 0.502149 0.502086 0.502212 0.50213
2784 0.502151 0.502087 0.502214 0.50213
2788 0.502152 0.502088 0.502215 0.502131
2792 0.502151 0.502088 0.502214 0.502131
2796 0.502151 0.502088 0.502215 0.502132
2800 0.502152 0.502088 0.502215 0.502132
2804 0.502151 0.502088 0.502214 0.502133
2808 0.502151 0.502088 0.502214 0.502133
2812 0.502152 0.502088 0.502215 0.502134
2816 0.502152 0.502089 0.502215 0.502134
2820 0.502153 0.502089 0.502216 0.502135
2824 0.502153 0.50209 0.502216 0.502135
2828 0.502154 0.50209 0.502217 0.502136
2832 0.502154 0.502091 0.502217 0.502136
2836 0.502155 0.502091 0.502218 0.502137
2840 0.502155 0.502091 0.502218 0.502137
2844 0.502155 0.502092 0.502218 0.502138
2848 0.502156 0.502092 0.502219 0.502138
2852 0.502156 0.502093 0.502219 0.502139
2856 0.502156 0.502093 0.50222 0.502139
2860 0.502157 0.502093 0.50222 0.50214
2864 0.502157 0.502093 0.50222 0.50214
2868 0.502157 0.502094 0.50222 0.502141
2872 0.502158 0.502095 0.502221 0.502141
2876 0.502158 0.502095 0.502221 0.502141
2880 0.502159 0.502096 0.502222 0.502142
2884 0.502161 0.502097 0.502224 0.502142
2888 0.502161 0.502097 0.502224 0.502143
2892 0.502161 0.502098 0.502224 0.502143
2896 0.502161 0.502098 0.502224 0.502144
2900 0.502162 0.502099 0.502225 0.502144
2904 0.502162 0.502099 0.502226 0.502145
2908 0.502163 0.5021 0.502227 0.502145
2912 0.502163 0.5021 0.502226 0.502146
2916 0.502164 0.502101 0.502227 0.502146
2920 0.502164 0.502101 0.502228 0.502147
2924 0.502165 0.502102 0.502229 0.502147
2928 0.502166 0.502102 0.502229 0.502148
2932 0.502166 0.502103 0.502229 0.502148
2936 0.502167 0.502104 0.502231 0.502149
2940 0.502168 0.502105 0.502231 0.502149
2944 0.502167 0.502104 0.502231 0.502149
2948 0.502167 0.502104 0.502231 0.50215
2952 0.502168 0.502105 0.502231 0.50215
2956 0.502168 0.502105 0.502232 0.502151
2960 0.502169 0.502105 0.502232 0.502151
2964 0.502169 0.502106 0.502233 0.502152
2968 0.50217 0.502106 0.502233 0.502152
2972 0.50217 0.502106 0.502233 0.502153
2976 0.502169 0.502106 0.502233 0.502153
2980 0.50217 0.502107 0.502233 0.502154
2984 0.50217 0.502107 0.502234 0.502154
2988 0.502171 0.502107 0.502234 0.502154
2992 0.502172 0.502109 0.502235 0.502155
2996 0.502173 0.502109 0.502236 0.502155
3000 0.502173 0.50211 0.502237 0.502156
3004 0.502174 0.50211 0.502237 0.502156
3008 0.502174 0.502111 0.502238 0.502157
3012 0.502175 0.502111 0.502238 0.502157
3016 0.502174 0.502111 0.502238 0.502158
3020 0.502174 0.502111 0.502238 0.502158
3024 0.502175 0.502111 0.502238 0.502158
3028 0.502176 0.502113 0.50224 0.502159
3032 0.502176 0.502113 0.50224 0.502159
3036 0.502177 0.502113 0.50224 0.50216
3040 0.502177 0.502114 0.502241 0.50216
3044 0.502177 0.502114 0.502241 0.502161
3048 0.502178 0.502114 0.502241 0.502161
3052 0.502178 0.502114 0.502241 0.502161
3056 0.502179 0.502115 0.502242 0.502162
3060 0.502179 0.502115 0.502243 0.502162
3064 0.50218 0.502117 0.502244 0.502163
3068 0.502181 0.502117 0.502244 0.502163
3072 0.502181 0.502117 0.502244 0.502164
3076 0.502182 0.502118 0.502245 0.502164
3080 0.502183 0.502119 0.502246 0.502164
3084 0.502183 0.502119 0.502246 0.502165
3088 0.502183 0.502119 0.502246 0.502165
3092 0.502182 0.502119 0.502246 0.502166
3096 0.502184 0.50212 0.502247 0.502166
3100 0.502184 0.50212 0.502248 0.502166
3104 0.502185 0.502122 0.502249 0.502167
3108 0.502185 0.502122 0.502249 0.502167
3112 0.502186 0.502122 0.502249 0.502168
3116 0.502187 0.502123 0.50225 0.502168
3120 0.502187 0.502124 0.502251 0.502169
3124 0.502187 0.502123 0.502251 0.502169
3128 0.502188 0.502124 0.502251 0.502169
3132 0.502188 0.502124 0.502252 0.50217
3136 0.502188 0.502124 0.502251 0.50217
3140 0.502188 0.502124 0.502252 0.502171
3144 0.502188 0.502124 0.502251 0.502171
3148 0.502187 0.502124 0.502251 0.502171
3152 0.502188 0.502124 0.502251 0.502172
3156 0.502187 0.502123 0.50225 0.502172
3160 0.502186 0.502123 0.50225 0.502173
3164 0.502187 0.502123 0.50225 0.502173
3168 0.502187 0.502123 0.50225 0.502173
3172 0.502187 0.502124 0.502251 0.502174
3176 0.502188 0.502124 0.502251 0.502174
3180 0.502188 0.502124 0.502252 0.502175
3184 0.502188 0.502125 0.502252 0.502175
3188 0.502189 0.502126 0.502253 0.502175
3192 0.50219 0.502126 0.502253 0.502176
3196 0.502191 0.502127 0.502254 0.502176
3200 0.502191 0.502127 0.502254 0.502177
3204 0.502192 0.502128 0.502256 0.502177
3208 0.502193 0.502129 0.502256 0.502177
3212 0.502194 0.50213 0.502258 0.502178
3216 0.502194 0.50213 0.502258 0.502178
3220 0.502194 0.50213 0.502258 0.502178
3224 0.502194 0.50213 0.502258 0.502179
3228 0.502195 0.502131 0.502258 0.502179
3232 0.502196 0.502132 0.502259 0.50218
3236 0.502196 0.502133 0.50226 0.50218
3240 0.502197 0.502133 0.50226 0.50218
3244 0.502198 0.502134 0.502262 0.502181
3248 0.502198 0.502134 0.502262 0.502181
3252 0.502199 0.502135 0.502263 0.502181
3256 0.5022 0.502136 0.502263 0.502182
3260 0.5022 0.502136 0.502263 0.502182
3264 0.5022 0.502136 0.502264 0.502183
3268 0.5022 0.502136 0.502264 0.502183
3272 0.502201 0.502137 0.502264 0.502183
3276 0.502201 0.502137 0.502264 0.502184
3280 0.502201 0.502137 0.502265 0.502184
3284 0.502202 0.502138 0.502266 0.502184
3288 0.502203 0.502139 0.502267 0.502185
3292 0.502204 0.50214 0.502268 0.502185
3296 0.502204 0.50214 0.502268 0.502186
3300 0.502204 0.502141 0.502268 0.502186
3304 0.502205 0.502141 0.502269 0.502186
3308 0.502205 0.502142 0.502269 0.502187
3312 0.502206 0.502142 0.50227 0.502187
3316 0.502206 0.502142 0.50227 0.502187
3320 0.502206 0.502143 0.50227 0.502188
3324 0.502207 0.502143 0.50227 0.502188
3328 0.502207 0.502143 0.502271 0.502188
3332 0.502208 0.502144 0.502272 0.502189
3336 0.502208 0.502145 0.502272 0.502189
3340 0.502209 0.502145 0.502273 0.50219
3344 0.502209 0.502145 0.502273 0.50219
3348 0.502209 0.502145 0.502273 0.50219
3352 0.502209 0.502145 0.502273 0.502191
3356 0.502211 0.502147 0.502274 0.502191
3360 0.502211 0.502147 0.502275 0.502191
3364 0.502211 0.502147 0.502275 0.502192
3368 0.502212 0.502148 0.502276 0.502192
3372 0.502213 0.502149 0.502276 0.502192
3376 0.502213 0.502149 0.502276 0.502193
3380 0.502213 0.502149 0.502277 0.502193
3384 0.502213 0.502149 0.502277 0.502193
3388 0.502213 0.502149 0.502277 0.502194
3392 0.502215 0.502151 0.502279 0.502194
3396 0.502215 0.502151 0.502278 0.502194
3400 0.502215 0.502151 0.502279 0.502195
3404 0.502215 0.502151 0.502279 0.502195
3408 0.502215 0.502152 0.502279 0.502196
3412 0.502216 0.502152 0.50228 0.502196
3416 0.502216 0.502153 0.50228 0.502196
3420 0.502217 0.502153 0.502281 0.502197
3424 0.502217 0.502153 0.502281 0.502197
3428 0.502217 0.502153 0.502281 0.502197
3432 0.502218 0.502154 0.502282 0.502198
3436 0.502218 0.502154 0.502282 0.502198
3440 0.502219 0.502155 0.502283 0.502198
3444 0.50222 0.502156 0.502284 0.502199
3448 0.50222 0.502156 0.502284 0.502199
3452 0.502221 0.502157 0.502285 0.502199
3456 0.502221 0.502157 0.502285 0.5022
3460 0.502221 0.502157 0.502285 0.5022
3464 0.502222 0.502158 0.502286 0.5022
3468 0.502222 0.502158 0.502286 0.502201
3472 0.502223 0.502159 0.502287 0.502201
3476 0.502224 0.50216 0.502288 0.502201
3480 0.502224 0.50216 0.502288 0.502202
3484 0.502224 0.50216 0.502288 0.502202
3488 0.502224 0.50216 0.502288 0.502202
3492 0.502225 0.502161 0.502289 0.502203
3496 0.502225 0.502161 0.502289 0.502203
3500 0.502226 0.502162 0.50229 0.502203
3504 0.502226 0.502162 0.50229 0.502204
3508 0.502226 0.502162 0.50229 0.502204
3512 0.502226 0.502162 0.50229 0.502204
3516 0.502227 0.502163 0.502291 0.502204
3520 0.502226 0.502162 0.50229 0.502205
3524 0.502227 0.502163 0.502291 0.502205
3528 0.502227 0.502163 0.502291 0.502205
3532 0.502228 0.502164 0.502292 0.502206
3536 0.502228 0.502164 0.502292 0.502206
3540 0.502228 0.502164 0.502292 0.502206
3544 0.502229 0.502165 0.502293 0.502207
3548 0.502229 0.502165 0.502293 0.502207
3552 0.502229 0.502165 0.502294 0.502207
3556 0.50223 0.502165 0.502294 0.502208
3560 0.50223 0.502165 0.502294 0.502208
3564 0.50223 0.502166 0.502294 0.502208
3568 0.50223 0.502166 0.502294 0.502209
3572 0.50223 0.502166 0.502294 0.502209
3576 0.502231 0.502167 0.502295 0.502209
3580 0.502231 0.502167 0.502295 0.50221
3584 0.502231 0.502167 0.502296 0.50221
3588 0.502232 0.502168 0.502296 0.50221
3592 0.502232 0.502168 0.502297 0.50221
3596 0.502233 0.502169 0.502297 0.502211
3600 0.502233 0.502169 0.502297 0.502211
3604 0.502233 0.502169 0.502297 0.502211
3608 0.502234 0.50217 0.502298 0.502212
3612 0.502235 0.50217 0.502299 0.502212
3616 0.502234 0.50217 0.502299 0.502212
3620 0.502235 0.502171 0.502299 0.502213
3624 0.502235 0.502171 0.502299 0.502213
3628 0.502236 0.502171 0.5023 0.502213
3632 0.502236 0.502171 0.5023 0.502214
3636 0.502236 0.502172 0.5023 0.502214
3640 0.502237 0.502173 0.502301 0.502214
3644 0.502238 0.502173 0.502302 0.502214
3648 0.502237 0.502173 0.502302 0.502215
3652 0.502238 0.502173 0.502302 0.502215
3656 0.502238 0.502174 0.502302 0.502215
3660 0.502239 0.502174 0.502303 0.502216
3664 0.502238 0.502174 0.502303 0.502216
3668 0.502239 0.502175 0.502303 0.502216
3672 0.502239 0.502175 0.502303 0.502217
3676 0.50224 0.502175 0.502304 0.502217
3680 0.502239 0.502175 0.502303 0.502217
3684 0.502239 0.502175 0.502303 0.502217
3688 0.502239 0.502175 0.502303 0.502218
3692 0.50224 0.502176 0.502304 0.502218
3696 0.50224 0.502175 0.502304 0.502218
3700 0.50224 0.502176 0.502304 0.502219
3704 0.502241 0.502177 0.502305 0.502219
3708 0.502242 0.502178 0.502306 0.502219
3712 0.502242 0.502178 0.502306 0.502219
3716 0.502243 0.502178 0.502307 0.50222
3720 0.502243 0.502179 0.502307 0.50222
3724 0.502243 0.502179 0.502308 0.50222
3728 0.502244 0.50218 0.502308 0.502221
3732 0.502244 0.50218 0.502308 0.502221
3736 0.502245 0.502181 0.50231 0.502221
3740 0.502245 0.502181 0.50231 0.502221
3744 0.502246 0.502181 0.50231 0.502222
3748 0.502246 0.502182 0.502311 0.502222
3752 0.502247 0.502183 0.502311 0.502222
3756 0.502247 0.502183 0.502312 0.502223
3760 0.502247 0.502183 0.502311 0.502223
3764 0.502247 0.502183 0.502311 0.502223
3768 0.502248 0.502183 0.502312 0.502223
3772 0.502248 0.502184 0.502312 0.502224
3776 0.502248 0.502184 0.502312 0.502224
3780 0.502249 0.502184 0.502313 0.502224
3784 0.502249 0.502185 0.502313 0.502225
3788 0.502249 0.502185 0.502314 0.502225
3792 0.502249 0.502185 0.502314 0.502225
3796 0.50225 0.502185 0.502314 0.502225
3800 0.502251 0.502186 0.502315 0.502226
3804 0.50225 0.502186 0.502315 0.502226
3808 0.502251 0.502186 0.502315 0.502226
3812 0.502251 0.502187 0.502316 0.502226
3816 0.502252 0.502187 0.502316 0.502227
3820 0.502251 0.502187 0.502316 0.502227
3824 0.502253 0.502188 0.502317 0.502227
3828 0.502252 0.502188 0.502317 0.502228
3832 0.502252 0.502188 0.502317 0.502228
3836 0.502252 0.502188 0.502317 0.502228
3840 0.502252 0.502188 0.502316 0.502228
3844 0.502252 0.502188 0.502317 0.502229
3848 0.502253 0.502189 0.502318 0.502229
3852 0.502253 0.502189 0.502318 0.502229
3856 0.502253 0.502189 0.502318 0.502229
3860 0.502254 0.502189 0.502318 0.50223
3864 0.502254 0.50219 0.502319 0.50223
3868 0.502254 0.50219 0.502319 0.50223
3872 0.502254 0.50219 0.502319 0.502231
3876 0.502254 0.50219 0.502319 0.502231
3880 0.502254 0.502189 0.502318 0.502231
3884 0.502254 0.50219 0.502319 0.502231
3888 0.502255 0.50219 0.502319 0.502232
3892 0.502255 0.502191 0.50232 0.502232
3896 0.502256 0.502192 0.502321 0.502232
3900 0.502257 0.502192 0.502321 0.502232
3904 0.502257 0.502192 0.502321 0.502233
3908 0.502257 0.502193 0.502322 0.502233
3912 0.502258 0.502193 0.502322 0.502233
3916 0.502258 0.502193 0.502323 0.502233
3920 0.502258 0.502194 0.502323 0.502234
3924 0.502259 0.502194 0.502324 0.502234
3928 0.502259 0.502195 0.502324 0.502234
3932 0.50226 0.502195 0.502325 0.502234
3936 0.50226 0.502195 0.502325 0.502235
3940 0.50226 0.502196 0.502325 0.502235
3944 0.50226 0.502196 0.502325 0.502235
3948 0.50226 0.502195 0.502324 0.502235
3952 0.502259 0.502195 0.502324 0.502236
3956 0.502259 0.502195 0.502324 0.502236
3960 0.50226 0.502195 0.502324 0.502236
3964 0.50226 0.502195 0.502325 0.502236
3968 0.50226 0.502196 0.502325 0.502237
3972 0.50226 0.502195 0.502324 0.502237
3976 0.50226 0.502195 0.502325 0.502237
3980 0.502261 0.502196 0.502326 0.502237
3984 0.502261 0.502197 0.502326 0.502238
3988 0.502261 0.502197 0.502326 0.502238
3992 0.502262 0.502197 0.502326 0.502238
3996 0.502261 0.502197 0.502326 0.502238
4000 0.502262 0.502197 0.502327 0.502239
4004 0.502262 0.502198 0.502327 0.502239
4008 0.502263 0.502198 0.502327 0.502239
4012 0.502263 0.502199 0.502328 0.502239
4016 0.502264 0.502199 0.502328 0.50224
4020 0.502264 0.502199 0.502329 0.50224
4024 0.502264 0.502199 0.502329 0.50224
4028 0.502264 0.5022 0.502329 0.50224
4032 0.502264 0.502199 0.502329 0.502241
4036 0.502264 0.502199 0.502329 0.502241
4040 0.502264 0.5022 0.502329 0.502241
4044 0.502264 0.502199 0.502329 0.502241
4048 0.502265 0.5022 0.502329 0.502242
4052 0.502265 0.5022 0.50233 0.502242
4056 0.502265 0.5022 0.50233 0.502242
4060 0.502265 0.5022 0.50233 0.502242
4064 0.502266 0.502201 0.50233 0.502243
4068 0.502266 0.502201 0.502331 0.502243
4072 0.502266 0.502201 0.502331 0.502243
4076 0.502266 0.502201 0.502331 0.502243
4080 0.502266 0.502201 0.502331 0.502244
4084 0.502267 0.502202 0.502332 0.502244
4088 0.502267 0.502202 0.502332 0.502244
4092 0.502268 0.502203 0.502333 0.502244
4096 0.502269 0.502204 0.502334 0.502245
4100 0.502269 0.502204 0.502334 0.502245
4104 0.502269 0.502204 0.502334 0.502245
4108 0.502269 0.502204 0.502334 0.502245
4112 0.50227 0.502205 0.502335 0.502246
4116 0.50227 0.502205 0.502335 0.502246
4120 0.502271 0.502206 0.502336 0.502246
4124 0.502271 0.502206 0.502336 0.502246
4128 0.502271 0.502206 0.502336 0.502246
4132 0.502271 0.502206 0.502336 0.502247
4136 0.502272 0.502207 0.502337 0.502247
4140 0.502272 0.502207 0.502337 0.502247
4144 0.502272 0.502207 0.502337 0.502247
4148 0.502272 0.502207 0.502337 0.502248
4152 0.502272 0.502207 0.502337 0.502248
4156 0.502272 0.502207 0.502337 0.502248
4160 0.502272 0.502207 0.502337 0.502248
4164 0.502273 0.502208 0.502338 0.502249
4168 0.502273 0.502208 0.502338 0.502249
4172 0.502273 0.502208 0.502338 0.502249
4176 0.502273 0.502208 0.502338 0.502249
4180 0.502273 0.502208 0.502338 0.502249
4184 0.502274 0.502209 0.502339 0.50225
4188 0.502274 0.502209 0.502339 0.50225
4192 0.502274 0.502209 0.502339 0.50225
4196 0.502274 0.502209 0.502339 0.50225
