//total_population estimated_relatedness lower_bound upper_bound relatedness
20 0.473684 nan nan 0.473684
20 0.473684 nan nan 0.473684
20 0.473684 nan nan 0.473684
21 0.47619 nan nan 0.47619
21 0.47619 nan nan 0.47619
22 0.478459 0.478416 0.478501 0.478458
22 0.478459 0.478416 0.478501 0.478458
22 0.478459 0.478416 0.478501 0.478458
23 0.480535 0.480465 0.480605 0.480519
23 0.480535 0.480465 0.480605 0.480519
24 0.482375 0.482281 0.482469 0.482402
24 0.482375 0.482281 0.482469 0.482402
24 0.482375 0.482281 0.482469 0.482402
25 0.48413 0.484014 0.484246 0.484127
25 0.48413 0.484014 0.484246 0.484127
26 0.485782 0.485645 0.485919 0.485714
26 0.485782 0.485645 0.485919 0.485714
26 0.485782 0.485645 0.485919 0.485714
27 0.487223 0.487066 0.487379 0.487179
27 0.487223 0.487066 0.487379 0.487179
28 0.488588 0.488414 0.488762 0.488536
28 0.488588 0.488414 0.488762 0.488536
28 0.488588 0.488414 0.488762 0.488536
29 0.489891 0.489699 0.490082 0.489796
29 0.489891 0.489699 0.490082 0.489796
30 0.4911 0.490892 0.491309 0.490969
30 0.4911 0.490892 0.491309 0.490969
30 0.4911 0.490892 0.491309 0.490969
31 0.492135 0.491916 0.492354 0.492063
31 0.492135 0.491916 0.492354 0.492063
32 0.49314 0.492908 0.493371 0.493088
32 0.49314 0.492908 0.493371 0.493088
32 0.49314 0.492908 0.493371 0.493088
33 0.494114 0.493868 0.49436 0.494048
33 0.494114 0.493868 0.49436 0.494048
34 0.494982 0.494726 0.495237 0.494949
34 0.494982 0.494726 0.495237 0.494949
34 0.494982 0.494726 0.495237 0.494949
35 0.495853 0.495586 0.496119 0.495798
35 0.495853 0.495586 0.496119 0.495798
36 0.496702 0.496424 0.49698 0.496599
36 0.496702 0.496424 0.49698 0.496599
36 0.496702 0.496424 0.49698 0.496599
37 0.497486 0.497198 0.497774 0.497354
37 0.497486 0.497198 0.497774 0.497354
38 0.498114 0.49782 0.498409 0.498069
38 0.498114 0.49782 0.498409 0.498069
38 0.498114 0.49782 0.498409 0.498069
39 0.498766 0.498463 0.499069 0.498747
39 0.498766 0.498463 0.499069 0.498747
40 0.499365 0.499054 0.499676 0.499389
40 0.499365 0.499054 0.499676 0.499389
40 0.499365 0.499054 0.499676 0.499389
41 0.500021 0.499702 0.50034 0.5
41 0.500021 0.499702 0.50034 0.5
42 0.500642 0.500316 0.500969 0.500581
42 0.500642 0.500316 0.500969 0.500581
42 0.500642 0.500316 0.500969 0.500581
43 0.501163 0.500829 0.501496 0.501134
43 0.501163 0.500829 0.501496 0.501134
44 0.50168 0.501338 0.502022 0.501661
44 0.50168 0.501338 0.502022 0.501661
44 0.50168 0.501338 0.502022 0.501661
45 0.502196 0.501847 0.502545 0.502165
45 0.502196 0.501847 0.502545 0.502165
46 0.502636 0.502282 0.502989 0.502646
46 0.502636 0.502282 0.502989 0.502646
46 0.502636 0.502282 0.502989 0.502646
47 0.503019 0.502661 0.503376 0.503106
47 0.503019 0.502661 0.503376 0.503106
48 0.503477 0.503116 0.503838 0.503546
48 0.503477 0.503116 0.503838 0.503546
48 0.503477 0.503116 0.503838 0.503546
49 0.503924 0.503557 0.504292 0.503968
49 0.503924 0.503557 0.504292 0.503968
50 0.504338 0.503965 0.504711 0.504373
50 0.504338 0.503965 0.504711 0.504373
50 0.504338 0.503965 0.504711 0.504373
51 0.504691 0.504314 0.505068 0.504762
51 0.504691 0.504314 0.505068 0.504762
52 0.50509 0.504707 0.505472 0.505135
52 0.50509 0.504707 0.505472 0.505135
52 0.50509 0.504707 0.505472 0.505135
53 0.505485 0.505097 0.505874 0.505495
53 0.505485 0.505097 0.505874 0.505495
54 0.505829 0.505436 0.506222 0.50584
54 0.505829 0.505436 0.506222 0.50584
54 0.505829 0.505436 0.506222 0.50584
55 0.506164 0.505766 0.506563 0.506173
55 0.506164 0.505766 0.506563 0.506173
56 0.506471 0.506068 0.506874 0.506494
56 0.506471 0.506068 0.506874 0.506494
56 0.506471 0.506068 0.506874 0.506494
57 0.506779 0.506374 0.507184 0.506803
57 0.506779 0.506374 0.507184 0.506803
58 0.5071 0.50669 0.507511 0.507101
58 0.5071 0.50669 0.507511 0.507101
58 0.5071 0.50669 0.507511 0.507101
59 0.507392 0.506979 0.507805 0.507389
59 0.507392 0.506979 0.507805 0.507389
60 0.507696 0.50728 0.508112 0.507667
60 0.507696 0.50728 0.508112 0.507667
60 0.507696 0.50728 0.508112 0.507667
61 0.507985 0.507565 0.508405 0.507937
61 0.507985 0.507565 0.508405 0.507937
62 0.508223 0.507801 0.508645 0.508197
62 0.508223 0.507801 0.508645 0.508197
62 0.508223 0.507801 0.508645 0.508197
63 0.508498 0.508071 0.508925 0.508449
63 0.508498 0.508071 0.508925 0.508449
64 0.508739 0.508309 0.509169 0.508692
64 0.508739 0.508309 0.509169 0.508692
64 0.508739 0.508309 0.509169 0.508692
65 0.50896 0.508528 0.509391 0.508929
65 0.50896 0.508528 0.509391 0.508929
66 0.509179 0.508745 0.509613 0.509158
66 0.509179 0.508745 0.509613 0.509158
66 0.509179 0.508745 0.509613 0.509158
67 0.509406 0.508969 0.509842 0.50938
67 0.509406 0.508969 0.509842 0.50938
68 0.509628 0.509189 0.510067 0.509595
68 0.509628 0.509189 0.510067 0.509595
68 0.509628 0.509189 0.510067 0.509595
69 0.509854 0.509413 0.510295 0.509804
69 0.509854 0.509413 0.510295 0.509804
70 0.510038 0.509594 0.510482 0.510007
70 0.510038 0.509594 0.510482 0.510007
70 0.510038 0.509594 0.510482 0.510007
71 0.510243 0.509797 0.51069 0.510204
71 0.510243 0.509797 0.51069 0.510204
72 0.510423 0.509975 0.510872 0.510396
72 0.510423 0.509975 0.510872 0.510396
72 0.510423 0.509975 0.510872 0.510396
73 0.510606 0.510155 0.511057 0.510582
73 0.510606 0.510155 0.511057 0.510582
74 0.510784 0.510331 0.511238 0.510763
74 0.510784 0.510331 0.511238 0.510763
74 0.510784 0.510331 0.511238 0.510763
75 0.510916 0.510462 0.511371 0.51094
75 0.510916 0.510462 0.511371 0.51094
76 0.5111 0.510644 0.511556 0.511111
76 0.5111 0.510644 0.511556 0.511111
76 0.5111 0.510644 0.511556 0.511111
77 0.511265 0.510807 0.511723 0.511278
77 0.511265 0.510807 0.511723 0.511278
78 0.511433 0.510974 0.511892 0.511441
78 0.511433 0.510974 0.511892 0.511441
78 0.511433 0.510974 0.511892 0.511441
79 0.511555 0.511096 0.512014 0.5116
79 0.511555 0.511096 0.512014 0.5116
80 0.511677 0.511218 0.512136 0.511754
80 0.511677 0.511218 0.512136 0.511754
80 0.511677 0.511218 0.512136 0.511754
81 0.51181 0.511349 0.512271 0.511905
81 0.51181 0.511349 0.512271 0.511905
82 0.51195 0.511488 0.512412 0.512052
82 0.51195 0.511488 0.512412 0.512052
82 0.51195 0.511488 0.512412 0.512052
83 0.512118 0.511654 0.512582 0.512195
83 0.512118 0.511654 0.512582 0.512195
84 0.512259 0.511792 0.512726 0.512335
84 0.512259 0.511792 0.512726 0.512335
84 0.512259 0.511792 0.512726 0.512335
85 0.51243 0.511961 0.512899 0.512472
85 0.51243 0.511961 0.512899 0.512472
86 0.512572 0.5121 0.513043 0.512605
86 0.512572 0.5121 0.513043 0.512605
86 0.512572 0.5121 0.513043 0.512605
87 0.512702 0.512229 0.513175 0.512735
87 0.512702 0.512229 0.513175 0.512735
88 0.512819 0.512346 0.513293 0.512863
88 0.512819 0.512346 0.513293 0.512863
88 0.512819 0.512346 0.513293 0.512863
89 0.512963 0.512488 0.513439 0.512987
89 0.512963 0.512488 0.513439 0.512987
90 0.513103 0.512626 0.513581 0.513109
90 0.513103 0.512626 0.513581 0.513109
90 0.513103 0.512626 0.513581 0.513109
91 0.51321 0.512731 0.513689 0.513228
91 0.51321 0.512731 0.513689 0.513228
92 0.513298 0.512819 0.513777 0.513344
92 0.513298 0.512819 0.513777 0.513344
92 0.513298 0.512819 0.513777 0.513344
93 0.513427 0.512945 0.513908 0.513458
93 0.513427 0.512945 0.513908 0.513458
94 0.513553 0.51307 0.514036 0.513569
94 0.513553 0.51307 0.514036 0.513569
94 0.513553 0.51307 0.514036 0.513569
95 0.513645 0.513161 0.514129 0.513678
95 0.513645 0.513161 0.514129 0.513678
96 0.513766 0.51328 0.514252 0.513784
96 0.513766 0.51328 0.514252 0.513784
96 0.513766 0.51328 0.514252 0.513784
97 0.513867 0.51338 0.514354 0.513889
97 0.513867 0.51338 0.514354 0.513889
98 0.513947 0.513459 0.514435 0.513991
98 0.513947 0.513459 0.514435 0.513991
98 0.513947 0.513459 0.514435 0.513991
99 0.514028 0.513538 0.514517 0.514091
99 0.514028 0.513538 0.514517 0.514091
100 0.514102 0.513611 0.514592 0.51419
100 0.514102 0.513611 0.514592 0.51419
100 0.514102 0.513611 0.514592 0.51419
101 0.514192 0.513701 0.514683 0.514286
101 0.514192 0.513701 0.514683 0.514286
102 0.514289 0.513796 0.514781 0.51438
102 0.514289 0.513796 0.514781 0.51438
102 0.514289 0.513796 0.514781 0.51438
103 0.514354 0.513861 0.514847 0.514472
103 0.514354 0.513861 0.514847 0.514472
104 0.514443 0.513949 0.514937 0.514563
104 0.514443 0.513949 0.514937 0.514563
104 0.514443 0.513949 0.514937 0.514563
105 0.514547 0.514052 0.515042 0.514652
105 0.514547 0.514052 0.515042 0.514652
106 0.514661 0.514164 0.515157 0.514739
106 0.514661 0.514164 0.515157 0.514739
106 0.514661 0.514164 0.515157 0.514739
107 0.514735 0.514237 0.515232 0.514825
107 0.514735 0.514237 0.515232 0.514825
108 0.514834 0.514335 0.515333 0.514909
108 0.514834 0.514335 0.515333 0.514909
108 0.514834 0.514335 0.515333 0.514909
109 0.514896 0.514397 0.515395 0.514991
109 0.514896 0.514397 0.515395 0.514991
110 0.515003 0.514503 0.515503 0.515072
110 0.515003 0.514503 0.515503 0.515072
110 0.515003 0.514503 0.515503 0.515072
111 0.515067 0.514567 0.515568 0.515152
111 0.515067 0.514567 0.515568 0.515152
112 0.515159 0.514657 0.515661 0.51523
112 0.515159 0.514657 0.515661 0.51523
112 0.515159 0.514657 0.515661 0.51523
113 0.515239 0.514736 0.515742 0.515306
113 0.515239 0.514736 0.515742 0.515306
114 0.515317 0.514813 0.515822 0.515381
114 0.515317 0.514813 0.515822 0.515381
114 0.515317 0.514813 0.515822 0.515381
115 0.515365 0.514861 0.515869 0.515455
115 0.515365 0.514861 0.515869 0.515455
116 0.515438 0.514933 0.515943 0.515528
116 0.515438 0.514933 0.515943 0.515528
116 0.515438 0.514933 0.515943 0.515528
117 0.515494 0.514989 0.516 0.515599
117 0.515494 0.514989 0.516 0.515599
118 0.515557 0.51505 0.516063 0.51567
118 0.515557 0.51505 0.516063 0.51567
118 0.515557 0.51505 0.516063 0.51567
119 0.515638 0.51513 0.516146 0.515738
119 0.515638 0.51513 0.516146 0.515738
120 0.515695 0.515187 0.516203 0.515806
120 0.515695 0.515187 0.516203 0.515806
120 0.515695 0.515187 0.516203 0.515806
121 0.515764 0.515255 0.516272 0.515873
121 0.515764 0.515255 0.516272 0.515873
122 0.515825 0.515315 0.516335 0.515939
122 0.515825 0.515315 0.516335 0.515939
122 0.515825 0.515315 0.516335 0.515939
123 0.515914 0.515402 0.516426 0.516003
123 0.515914 0.515402 0.516426 0.516003
124 0.515973 0.515461 0.516486 0.516067
124 0.515973 0.515461 0.516486 0.516067
124 0.515973 0.515461 0.516486 0.516067
125 0.516031 0.515519 0.516544 0.516129
125 0.516031 0.515519 0.516544 0.516129
126 0.516099 0.515585 0.516612 0.51619
126 0.516099 0.515585 0.516612 0.51619
126 0.516099 0.515585 0.516612 0.51619
127 0.516151 0.515637 0.516665 0.516251
127 0.516151 0.515637 0.516665 0.516251
128 0.516187 0.515673 0.5167 0.51631
128 0.516187 0.515673 0.5167 0.51631
128 0.516187 0.515673 0.5167 0.51631
129 0.516254 0.51574 0.516768 0.516369
129 0.516254 0.51574 0.516768 0.516369
130 0.516312 0.515797 0.516826 0.516427
130 0.516312 0.515797 0.516826 0.516427
130 0.516312 0.515797 0.516826 0.516427
131 0.516378 0.515862 0.516893 0.516484
131 0.516378 0.515862 0.516893 0.516484
132 0.516425 0.515909 0.516941 0.516539
132 0.516425 0.515909 0.516941 0.516539
132 0.516425 0.515909 0.516941 0.516539
133 0.516488 0.515971 0.517005 0.516595
133 0.516488 0.515971 0.517005 0.516595
134 0.516566 0.516048 0.517084 0.516649
134 0.516566 0.516048 0.517084 0.516649
134 0.516566 0.516048 0.517084 0.516649
135 0.516617 0.516098 0.517136 0.516702
135 0.516617 0.516098 0.517136 0.516702
136 0.516662 0.516143 0.517181 0.516755
136 0.516662 0.516143 0.517181 0.516755
136 0.516662 0.516143 0.517181 0.516755
137 0.516723 0.516203 0.517243 0.516807
137 0.516723 0.516203 0.517243 0.516807
138 0.516785 0.516265 0.517306 0.516858
138 0.516785 0.516265 0.517306 0.516858
138 0.516785 0.516265 0.517306 0.516858
139 0.516833 0.516311 0.517354 0.516908
139 0.516833 0.516311 0.517354 0.516908
140 0.516883 0.516361 0.517404 0.516958
140 0.516883 0.516361 0.517404 0.516958
140 0.516883 0.516361 0.517404 0.516958
141 0.516942 0.516419 0.517464 0.517007
141 0.516942 0.516419 0.517464 0.517007
142 0.516969 0.516447 0.517491 0.517055
142 0.516969 0.516447 0.517491 0.517055
142 0.516969 0.516447 0.517491 0.517055
143 0.516998 0.516475 0.517522 0.517103
143 0.516998 0.516475 0.517522 0.517103
144 0.517063 0.516538 0.517587 0.51715
144 0.517063 0.516538 0.517587 0.51715
144 0.517063 0.516538 0.517587 0.51715
145 0.517126 0.5166 0.517651 0.517196
145 0.517126 0.5166 0.517651 0.517196
146 0.517171 0.516646 0.517697 0.517241
146 0.517171 0.516646 0.517697 0.517241
146 0.517171 0.516646 0.517697 0.517241
147 0.517224 0.516699 0.51775 0.517286
147 0.517224 0.516699 0.51775 0.517286
148 0.517265 0.516739 0.517791 0.517331
148 0.517265 0.516739 0.517791 0.517331
148 0.517265 0.516739 0.517791 0.517331
149 0.517295 0.516769 0.517822 0.517375
149 0.517295 0.516769 0.517822 0.517375
150 0.517341 0.516814 0.517868 0.517418
150 0.517341 0.516814 0.517868 0.517418
150 0.517341 0.516814 0.517868 0.517418
151 0.517375 0.516848 0.517903 0.51746
151 0.517375 0.516848 0.517903 0.51746
152 0.51741 0.516882 0.517938 0.517502
152 0.51741 0.516882 0.517938 0.517502
152 0.51741 0.516882 0.517938 0.517502
153 0.517464 0.516935 0.517993 0.517544
153 0.517464 0.516935 0.517993 0.517544
154 0.517504 0.516974 0.518034 0.517585
154 0.517504 0.516974 0.518034 0.517585
154 0.517504 0.516974 0.518034 0.517585
155 0.517543 0.517013 0.518073 0.517625
155 0.517543 0.517013 0.518073 0.517625
156 0.517616 0.517084 0.518147 0.517665
156 0.517616 0.517084 0.518147 0.517665
156 0.517616 0.517084 0.518147 0.517665
157 0.517661 0.517129 0.518194 0.517705
157 0.517661 0.517129 0.518194 0.517705
158 0.517676 0.517144 0.518208 0.517743
158 0.517676 0.517144 0.518208 0.517743
158 0.517676 0.517144 0.518208 0.517743
159 0.517711 0.517179 0.518243 0.517782
159 0.517711 0.517179 0.518243 0.517782
160 0.517747 0.517214 0.51828 0.51782
160 0.517747 0.517214 0.51828 0.51782
160 0.517747 0.517214 0.51828 0.51782
161 0.517793 0.51726 0.518327 0.517857
161 0.517793 0.51726 0.518327 0.517857
162 0.517819 0.517286 0.518353 0.517894
162 0.517819 0.517286 0.518353 0.517894
162 0.517819 0.517286 0.518353 0.517894
163 0.517861 0.517327 0.518396 0.517931
163 0.517861 0.517327 0.518396 0.517931
164 0.51791 0.517374 0.518445 0.517967
164 0.51791 0.517374 0.518445 0.517967
164 0.51791 0.517374 0.518445 0.517967
165 0.517928 0.517392 0.518464 0.518002
165 0.517928 0.517392 0.518464 0.518002
166 0.517943 0.517407 0.518479 0.518038
166 0.517943 0.517407 0.518479 0.518038
166 0.517943 0.517407 0.518479 0.518038
167 0.517998 0.517461 0.518534 0.518072
167 0.517998 0.517461 0.518534 0.518072
168 0.518046 0.517509 0.518584 0.518107
168 0.518046 0.517509 0.518584 0.518107
168 0.518046 0.517509 0.518584 0.518107
169 0.518087 0.517549 0.518625 0.518141
169 0.518087 0.517549 0.518625 0.518141
170 0.518111 0.517573 0.518649 0.518174
170 0.518111 0.517573 0.518649 0.518174
170 0.518111 0.517573 0.518649 0.518174
171 0.518137 0.517598 0.518676 0.518207
171 0.518137 0.517598 0.518676 0.518207
172 0.518154 0.517615 0.518693 0.51824
172 0.518154 0.517615 0.518693 0.51824
172 0.518154 0.517615 0.518693 0.51824
173 0.518178 0.517639 0.518716 0.518272
173 0.518178 0.517639 0.518716 0.518272
174 0.518224 0.517685 0.518763 0.518304
174 0.518224 0.517685 0.518763 0.518304
174 0.518224 0.517685 0.518763 0.518304
175 0.518273 0.517734 0.518812 0.518336
175 0.518273 0.517734 0.518812 0.518336
176 0.518336 0.517796 0.518877 0.518367
176 0.518336 0.517796 0.518877 0.518367
176 0.518336 0.517796 0.518877 0.518367
177 0.518362 0.517821 0.518904 0.518398
177 0.518362 0.517821 0.518904 0.518398
178 0.518384 0.517843 0.518925 0.518429
178 0.518384 0.517843 0.518925 0.518429
178 0.518384 0.517843 0.518925 0.518429
179 0.518395 0.517854 0.518937 0.518459
179 0.518395 0.517854 0.518937 0.518459
180 0.518421 0.517879 0.518963 0.518489
180 0.518421 0.517879 0.518963 0.518489
180 0.518421 0.517879 0.518963 0.518489
181 0.518466 0.517924 0.519008 0.518519
181 0.518466 0.517924 0.519008 0.518519
182 0.518506 0.517963 0.519049 0.518548
182 0.518506 0.517963 0.519049 0.518548
182 0.518506 0.517963 0.519049 0.518548
183 0.518523 0.51798 0.519065 0.518577
183 0.518523 0.51798 0.519065 0.518577
184 0.518557 0.518014 0.519101 0.518605
184 0.518557 0.518014 0.519101 0.518605
184 0.518557 0.518014 0.519101 0.518605
185 0.518558 0.518015 0.519101 0.518634
185 0.518558 0.518015 0.519101 0.518634
186 0.518609 0.518065 0.519153 0.518662
186 0.518609 0.518065 0.519153 0.518662
186 0.518609 0.518065 0.519153 0.518662
187 0.518625 0.51808 0.519169 0.518689
187 0.518625 0.51808 0.519169 0.518689
188 0.518664 0.518119 0.519209 0.518717
188 0.518664 0.518119 0.519209 0.518717
188 0.518664 0.518119 0.519209 0.518717
189 0.518692 0.518147 0.519238 0.518744
189 0.518692 0.518147 0.519238 0.518744
190 0.518737 0.518191 0.519283 0.51877
190 0.518737 0.518191 0.519283 0.51877
190 0.518737 0.518191 0.519283 0.51877
191 0.518764 0.518218 0.51931 0.518797
191 0.518764 0.518218 0.51931 0.518797
192 0.518802 0.518255 0.519349 0.518823
192 0.518802 0.518255 0.519349 0.518823
192 0.518802 0.518255 0.519349 0.518823
193 0.518821 0.518273 0.519368 0.518849
193 0.518821 0.518273 0.519368 0.518849
194 0.518854 0.518306 0.519402 0.518875
194 0.518854 0.518306 0.519402 0.518875
194 0.518854 0.518306 0.519402 0.518875
195 0.518887 0.518339 0.519435 0.5189
195 0.518887 0.518339 0.519435 0.5189
196 0.518904 0.518356 0.519452 0.518926
196 0.518904 0.518356 0.519452 0.518926
196 0.518904 0.518356 0.519452 0.518926
197 0.518928 0.51838 0.519477 0.51895
197 0.518928 0.51838 0.519477 0.51895
198 0.518954 0.518405 0.519502 0.518975
198 0.518954 0.518405 0.519502 0.518975
198 0.518954 0.518405 0.519502 0.518975
199 0.518983 0.518434 0.519532 0.519
199 0.518983 0.518434 0.519532 0.519
200 0.519019 0.518469 0.519569 0.519024
200 0.519019 0.518469 0.519569 0.519024
200 0.519019 0.518469 0.519569 0.519024
201 0.51906 0.518509 0.51961 0.519048
201 0.51906 0.518509 0.51961 0.519048
202 0.519099 0.518548 0.519649 0.519071
202 0.519099 0.518548 0.519649 0.519071
202 0.519099 0.518548 0.519649 0.519071
203 0.519111 0.518561 0.519662 0.519095
203 0.519111 0.518561 0.519662 0.519095
204 0.51914 0.518589 0.519691 0.519118
204 0.51914 0.518589 0.519691 0.519118
204 0.51914 0.518589 0.519691 0.519118
205 0.519163 0.518612 0.519714 0.519141
205 0.519163 0.518612 0.519714 0.519141
206 0.519179 0.518629 0.51973 0.519164
206 0.519179 0.518629 0.51973 0.519164
206 0.519179 0.518629 0.51973 0.519164
207 0.519211 0.518659 0.519762 0.519186
207 0.519211 0.518659 0.519762 0.519186
208 0.519228 0.518676 0.519779 0.519209
208 0.519228 0.518676 0.519779 0.519209
208 0.519228 0.518676 0.519779 0.519209
209 0.519254 0.518701 0.519806 0.519231
209 0.519254 0.518701 0.519806 0.519231
210 0.519279 0.518726 0.519832 0.519253
210 0.519279 0.518726 0.519832 0.519253
210 0.519279 0.518726 0.519832 0.519253
211 0.51931 0.518756 0.519864 0.519274
211 0.51931 0.518756 0.519864 0.519274
212 0.519314 0.518761 0.519868 0.519296
212 0.519314 0.518761 0.519868 0.519296
212 0.519314 0.518761 0.519868 0.519296
213 0.519339 0.518785 0.519893 0.519317
213 0.519339 0.518785 0.519893 0.519317
214 0.519349 0.518795 0.519902 0.519338
214 0.519349 0.518795 0.519902 0.519338
214 0.519349 0.518795 0.519902 0.519338
215 0.519362 0.518808 0.519915 0.519359
215 0.519362 0.518808 0.519915 0.519359
216 0.519383 0.518829 0.519937 0.51938
216 0.519383 0.518829 0.519937 0.51938
216 0.519383 0.518829 0.519937 0.51938
217 0.519419 0.518864 0.519974 0.5194
217 0.519419 0.518864 0.519974 0.5194
218 0.519453 0.518898 0.520009 0.519421
218 0.519453 0.518898 0.520009 0.519421
218 0.519453 0.518898 0.520009 0.519421
219 0.519468 0.518912 0.520023 0.519441
219 0.519468 0.518912 0.520023 0.519441
220 0.519483 0.518927 0.520038 0.519461
220 0.519483 0.518927 0.520038 0.519461
220 0.519483 0.518927 0.520038 0.519461
221 0.519496 0.51894 0.520052 0.519481
221 0.519496 0.51894 0.520052 0.519481
222 0.519526 0.518969 0.520082 0.5195
222 0.519526 0.518969 0.520082 0.5195
222 0.519526 0.518969 0.520082 0.5195
223 0.519549 0.518992 0.520106 0.51952
223 0.519549 0.518992 0.520106 0.51952
224 0.519559 0.519002 0.520117 0.519539
224 0.519559 0.519002 0.520117 0.519539
224 0.519559 0.519002 0.520117 0.519539
225 0.519573 0.519015 0.52013 0.519558
225 0.519573 0.519015 0.52013 0.519558
226 0.519597 0.51904 0.520154 0.519577
226 0.519597 0.51904 0.520154 0.519577
226 0.519597 0.51904 0.520154 0.519577
227 0.519623 0.519065 0.520181 0.519595
227 0.519623 0.519065 0.520181 0.519595
228 0.519661 0.519103 0.520219 0.519614
228 0.519661 0.519103 0.520219 0.519614
228 0.519661 0.519103 0.520219 0.519614
229 0.519663 0.519105 0.520222 0.519632
229 0.519663 0.519105 0.520222 0.519632
230 0.519699 0.51914 0.520258 0.519651
230 0.519699 0.51914 0.520258 0.519651
230 0.519699 0.51914 0.520258 0.519651
231 0.519697 0.519138 0.520256 0.519669
231 0.519697 0.519138 0.520256 0.519669
232 0.519705 0.519146 0.520264 0.519687
232 0.519705 0.519146 0.520264 0.519687
232 0.519705 0.519146 0.520264 0.519687
233 0.519732 0.519172 0.520292 0.519704
233 0.519732 0.519172 0.520292 0.519704
234 0.519755 0.519195 0.520316 0.519722
234 0.519755 0.519195 0.520316 0.519722
234 0.519755 0.519195 0.520316 0.519722
235 0.519782 0.519222 0.520343 0.51974
235 0.519782 0.519222 0.520343 0.51974
236 0.519794 0.519233 0.520354 0.519757
236 0.519794 0.519233 0.520354 0.519757
236 0.519794 0.519233 0.520354 0.519757
237 0.519803 0.519243 0.520363 0.519774
237 0.519803 0.519243 0.520363 0.519774
238 0.519828 0.519267 0.520389 0.519791
238 0.519828 0.519267 0.520389 0.519791
238 0.519828 0.519267 0.520389 0.519791
239 0.519842 0.519281 0.520403 0.519808
239 0.519842 0.519281 0.520403 0.519808
240 0.519857 0.519296 0.520419 0.519825
240 0.519857 0.519296 0.520419 0.519825
240 0.519857 0.519296 0.520419 0.519825
241 0.51988 0.519318 0.520442 0.519841
241 0.51988 0.519318 0.520442 0.519841
242 0.519887 0.519325 0.52045 0.519858
242 0.519887 0.519325 0.52045 0.519858
242 0.519887 0.519325 0.52045 0.519858
243 0.519908 0.519346 0.520471 0.519874
243 0.519908 0.519346 0.520471 0.519874
244 0.519946 0.519383 0.520509 0.51989
244 0.519946 0.519383 0.520509 0.51989
244 0.519946 0.519383 0.520509 0.51989
245 0.519946 0.519383 0.520509 0.519906
245 0.519946 0.519383 0.520509 0.519906
246 0.519964 0.5194 0.520527 0.519922
246 0.519964 0.5194 0.520527 0.519922
246 0.519964 0.5194 0.520527 0.519922
247 0.51998 0.519416 0.520544 0.519938
247 0.51998 0.519416 0.520544 0.519938
248 0.520004 0.519439 0.520568 0.519954
248 0.520004 0.519439 0.520568 0.519954
248 0.520004 0.519439 0.520568 0.519954
249 0.520022 0.519457 0.520587 0.519969
249 0.520022 0.519457 0.520587 0.519969
250 0.520031 0.519466 0.520595 0.519985
250 0.520031 0.519466 0.520595 0.519985
250 0.520031 0.519466 0.520595 0.519985
251 0.520036 0.519471 0.520601 0.52
251 0.520036 0.519471 0.520601 0.52
252 0.520058 0.519493 0.520623 0.520015
252 0.520058 0.519493 0.520623 0.520015
252 0.520058 0.519493 0.520623 0.520015
253 0.520068 0.519503 0.520633 0.52003
253 0.520068 0.519503 0.520633 0.52003
254 0.520081 0.519516 0.520645 0.520045
254 0.520081 0.519516 0.520645 0.520045
254 0.520081 0.519516 0.520645 0.520045
255 0.520086 0.519521 0.520651 0.52006
255 0.520086 0.519521 0.520651 0.52006
256 0.520092 0.519528 0.520657 0.520075
256 0.520092 0.519528 0.520657 0.520075
256 0.520092 0.519528 0.520657 0.520075
257 0.520102 0.519538 0.520666 0.520089
257 0.520102 0.519538 0.520666 0.520089
258 0.520123 0.519559 0.520688 0.520104
258 0.520123 0.519559 0.520688 0.520104
258 0.520123 0.519559 0.520688 0.520104
259 0.520148 0.519583 0.520712 0.520118
259 0.520148 0.519583 0.520712 0.520118
260 0.520166 0.519602 0.520731 0.520132
260 0.520166 0.519602 0.520731 0.520132
260 0.520166 0.519602 0.520731 0.520132
261 0.520175 0.519611 0.52074 0.520147
261 0.520175 0.519611 0.52074 0.520147
262 0.520194 0.519629 0.520759 0.520161
262 0.520194 0.519629 0.520759 0.520161
262 0.520194 0.519629 0.520759 0.520161
263 0.520205 0.51964 0.52077 0.520174
263 0.520205 0.51964 0.52077 0.520174
264 0.520223 0.519657 0.520788 0.520188
264 0.520223 0.519657 0.520788 0.520188
264 0.520223 0.519657 0.520788 0.520188
265 0.520249 0.519683 0.520815 0.520202
265 0.520249 0.519683 0.520815 0.520202
266 0.520262 0.519695 0.520828 0.520216
266 0.520262 0.519695 0.520828 0.520216
266 0.520262 0.519695 0.520828 0.520216
267 0.520272 0.519705 0.520838 0.520229
267 0.520272 0.519705 0.520838 0.520229
268 0.520279 0.519713 0.520846 0.520243
268 0.520279 0.519713 0.520846 0.520243
268 0.520279 0.519713 0.520846 0.520243
269 0.520293 0.519727 0.52086 0.520256
269 0.520293 0.519727 0.52086 0.520256
270 0.520313 0.519746 0.52088 0.520269
270 0.520313 0.519746 0.52088 0.520269
270 0.520313 0.519746 0.52088 0.520269
271 0.520329 0.519763 0.520896 0.520282
271 0.520329 0.519763 0.520896 0.520282
272 0.520351 0.519784 0.520919 0.520295
272 0.520351 0.519784 0.520919 0.520295
272 0.520351 0.519784 0.520919 0.520295
273 0.52036 0.519792 0.520928 0.520308
273 0.52036 0.519792 0.520928 0.520308
274 0.520378 0.51981 0.520946 0.520321
274 0.520378 0.51981 0.520946 0.520321
274 0.520378 0.51981 0.520946 0.520321
275 0.520396 0.519827 0.520964 0.520334
275 0.520396 0.519827 0.520964 0.520334
276 0.520396 0.519828 0.520963 0.520346
276 0.520396 0.519828 0.520963 0.520346
276 0.520396 0.519828 0.520963 0.520346
277 0.520396 0.519829 0.520964 0.520359
277 0.520396 0.519829 0.520964 0.520359
278 0.520414 0.519847 0.520982 0.520371
278 0.520414 0.519847 0.520982 0.520371
278 0.520414 0.519847 0.520982 0.520371
279 0.520436 0.519868 0.521004 0.520384
279 0.520436 0.519868 0.521004 0.520384
280 0.520455 0.519886 0.521023 0.520396
280 0.520455 0.519886 0.521023 0.520396
280 0.520455 0.519886 0.521023 0.520396
281 0.520465 0.519897 0.521034 0.520408
281 0.520465 0.519897 0.521034 0.520408
282 0.520486 0.519917 0.521054 0.52042
282 0.520486 0.519917 0.521054 0.52042
282 0.520486 0.519917 0.521054 0.52042
283 0.520488 0.519919 0.521056 0.520432
283 0.520488 0.519919 0.521056 0.520432
284 0.520496 0.519928 0.521065 0.520444
284 0.520496 0.519928 0.521065 0.520444
284 0.520496 0.519928 0.521065 0.520444
285 0.520513 0.519945 0.521082 0.520456
285 0.520513 0.519945 0.521082 0.520456
286 0.520512 0.519944 0.52108 0.520468
286 0.520512 0.519944 0.52108 0.520468
286 0.520512 0.519944 0.52108 0.520468
287 0.520507 0.519939 0.521075 0.52048
287 0.520507 0.519939 0.521075 0.52048
288 0.520515 0.519947 0.521083 0.520491
288 0.520515 0.519947 0.521083 0.520491
288 0.520515 0.519947 0.521083 0.520491
289 0.520531 0.519963 0.521099 0.520503
289 0.520531 0.519963 0.521099 0.520503
290 0.520539 0.519971 0.521108 0.520514
290 0.520539 0.519971 0.521108 0.520514
290 0.520539 0.519971 0.521108 0.520514
291 0.520545 0.519976 0.521113 0.520525
291 0.520545 0.519976 0.521113 0.520525
292 0.520557 0.519989 0.521125 0.520537
292 0.520557 0.519989 0.521125 0.520537
292 0.520557 0.519989 0.521125 0.520537
293 0.520571 0.520002 0.521139 0.520548
293 0.520571 0.520002 0.521139 0.520548
294 0.520584 0.520016 0.521153 0.520559
294 0.520584 0.520016 0.521153 0.520559
294 0.520584 0.520016 0.521153 0.520559
295 0.520605 0.520035 0.521174 0.52057
295 0.520605 0.520035 0.521174 0.52057
296 0.520613 0.520043 0.521182 0.520581
296 0.520613 0.520043 0.521182 0.520581
296 0.520613 0.520043 0.521182 0.520581
297 0.520609 0.52004 0.521178 0.520592
297 0.520609 0.52004 0.521178 0.520592
298 0.520619 0.52005 0.521189 0.520603
298 0.520619 0.52005 0.521189 0.520603
298 0.520619 0.52005 0.521189 0.520603
299 0.520638 0.520068 0.521208 0.520614
299 0.520638 0.520068 0.521208 0.520614
300 0.520657 0.520087 0.521226 0.520624
300 0.520657 0.520087 0.521226 0.520624
300 0.520657 0.520087 0.521226 0.520624
301 0.520653 0.520084 0.521223 0.520635
301 0.520653 0.520084 0.521223 0.520635
302 0.520651 0.520082 0.52122 0.520645
302 0.520651 0.520082 0.52122 0.520645
302 0.520651 0.520082 0.52122 0.520645
303 0.520665 0.520095 0.521234 0.520656
303 0.520665 0.520095 0.521234 0.520656
304 0.520684 0.520114 0.521254 0.520666
304 0.520684 0.520114 0.521254 0.520666
304 0.520684 0.520114 0.521254 0.520666
305 0.520697 0.520127 0.521267 0.520677
305 0.520697 0.520127 0.521267 0.520677
306 0.520698 0.520129 0.521268 0.520687
306 0.520698 0.520129 0.521268 0.520687
306 0.520698 0.520129 0.521268 0.520687
307 0.520701 0.520131 0.521271 0.520697
307 0.520701 0.520131 0.521271 0.520697
308 0.520723 0.520153 0.521294 0.520707
308 0.520723 0.520153 0.521294 0.520707
308 0.520723 0.520153 0.521294 0.520707
309 0.520732 0.520161 0.521302 0.520717
309 0.520732 0.520161 0.521302 0.520717
310 0.520743 0.520173 0.521313 0.520727
310 0.520743 0.520173 0.521313 0.520727
310 0.520743 0.520173 0.521313 0.520727
311 0.520768 0.520197 0.521339 0.520737
311 0.520768 0.520197 0.521339 0.520737
312 0.520777 0.520206 0.521348 0.520747
312 0.520777 0.520206 0.521348 0.520747
312 0.520777 0.520206 0.521348 0.520747
313 0.520784 0.520213 0.521355 0.520757
313 0.520784 0.520213 0.521355 0.520757
314 0.520801 0.520229 0.521372 0.520767
314 0.520801 0.520229 0.521372 0.520767
314 0.520801 0.520229 0.521372 0.520767
315 0.520802 0.520231 0.521373 0.520776
315 0.520802 0.520231 0.521373 0.520776
316 0.520818 0.520246 0.521389 0.520786
316 0.520818 0.520246 0.521389 0.520786
316 0.520818 0.520246 0.521389 0.520786
317 0.520838 0.520267 0.52141 0.520796
317 0.520838 0.520267 0.52141 0.520796
318 0.520837 0.520266 0.521408 0.520805
318 0.520837 0.520266 0.521408 0.520805
318 0.520837 0.520266 0.521408 0.520805
319 0.520841 0.52027 0.521412 0.520815
319 0.520841 0.52027 0.521412 0.520815
320 0.520849 0.520278 0.52142 0.520824
320 0.520849 0.520278 0.52142 0.520824
320 0.520849 0.520278 0.52142 0.520824
321 0.520861 0.520289 0.521433 0.520833
321 0.520861 0.520289 0.521433 0.520833
322 0.520877 0.520305 0.521449 0.520843
322 0.520877 0.520305 0.521449 0.520843
322 0.520877 0.520305 0.521449 0.520843
323 0.520887 0.520315 0.521459 0.520852
323 0.520887 0.520315 0.521459 0.520852
324 0.520904 0.520331 0.521476 0.520861
324 0.520904 0.520331 0.521476 0.520861
324 0.520904 0.520331 0.521476 0.520861
325 0.520913 0.52034 0.521486 0.52087
325 0.520913 0.52034 0.521486 0.52087
326 0.520923 0.520351 0.521496 0.520879
326 0.520923 0.520351 0.521496 0.520879
326 0.520923 0.520351 0.521496 0.520879
327 0.520933 0.52036 0.521505 0.520888
327 0.520933 0.52036 0.521505 0.520888
328 0.520935 0.520362 0.521507 0.520897
328 0.520935 0.520362 0.521507 0.520897
328 0.520935 0.520362 0.521507 0.520897
329 0.520937 0.520365 0.521509 0.520906
329 0.520937 0.520365 0.521509 0.520906
330 0.520942 0.520369 0.521514 0.520915
330 0.520942 0.520369 0.521514 0.520915
330 0.520942 0.520369 0.521514 0.520915
331 0.52095 0.520377 0.521522 0.520924
331 0.52095 0.520377 0.521522 0.520924
332 0.520962 0.52039 0.521535 0.520932
332 0.520962 0.52039 0.521535 0.520932
332 0.520962 0.52039 0.521535 0.520932
333 0.520973 0.5204 0.521546 0.520941
333 0.520973 0.5204 0.521546 0.520941
334 0.520996 0.520423 0.52157 0.52095
334 0.520996 0.520423 0.52157 0.52095
334 0.520996 0.520423 0.52157 0.52095
335 0.521001 0.520428 0.521574 0.520958
335 0.521001 0.520428 0.521574 0.520958
336 0.521006 0.520433 0.521579 0.520967
336 0.521006 0.520433 0.521579 0.520967
336 0.521006 0.520433 0.521579 0.520967
337 0.521016 0.520442 0.521589 0.520975
337 0.521016 0.520442 0.521589 0.520975
338 0.521028 0.520454 0.521601 0.520983
338 0.521028 0.520454 0.521601 0.520983
338 0.521028 0.520454 0.521601 0.520983
339 0.521035 0.520461 0.521608 0.520992
339 0.521035 0.520461 0.521608 0.520992
340 0.52104 0.520467 0.521614 0.521
340 0.52104 0.520467 0.521614 0.521
340 0.52104 0.520467 0.521614 0.521
341 0.52104 0.520466 0.521613 0.521008
341 0.52104 0.520466 0.521613 0.521008
342 0.521045 0.520472 0.521619 0.521017
342 0.521045 0.520472 0.521619 0.521017
342 0.521045 0.520472 0.521619 0.521017
343 0.521048 0.520475 0.521621 0.521025
343 0.521048 0.520475 0.521621 0.521025
344 0.521062 0.520489 0.521635 0.521033
344 0.521062 0.520489 0.521635 0.521033
344 0.521062 0.520489 0.521635 0.521033
345 0.521066 0.520494 0.521638 0.521041
345 0.521066 0.520494 0.521638 0.521041
346 0.521066 0.520493 0.521638 0.521049
346 0.521066 0.520493 0.521638 0.521049
346 0.521066 0.520493 0.521638 0.521049
347 0.521078 0.520505 0.52165 0.521057
347 0.521078 0.520505 0.52165 0.521057
348 0.521096 0.520523 0.521669 0.521065
348 0.521096 0.520523 0.521669 0.521065
348 0.521096 0.520523 0.521669 0.521065
349 0.521111 0.520538 0.521685 0.521073
349 0.521111 0.520538 0.521685 0.521073
350 0.52113 0.520557 0.521704 0.521081
350 0.52113 0.520557 0.521704 0.521081
350 0.52113 0.520557 0.521704 0.521081
351 0.521141 0.520567 0.521715 0.521088
351 0.521141 0.520567 0.521715 0.521088
352 0.521145 0.520571 0.521719 0.521096
352 0.521145 0.520571 0.521719 0.521096
352 0.521145 0.520571 0.521719 0.521096
353 0.52115 0.520576 0.521724 0.521104
353 0.52115 0.520576 0.521724 0.521104
354 0.521165 0.520591 0.521739 0.521112
354 0.521165 0.520591 0.521739 0.521112
354 0.521165 0.520591 0.521739 0.521112
355 0.521169 0.520595 0.521743 0.521119
355 0.521169 0.520595 0.521743 0.521119
356 0.521168 0.520594 0.521742 0.521127
356 0.521168 0.520594 0.521742 0.521127
356 0.521168 0.520594 0.521742 0.521127
357 0.521174 0.520599 0.521748 0.521134
357 0.521174 0.520599 0.521748 0.521134
358 0.521176 0.520601 0.52175 0.521142
358 0.521176 0.520601 0.52175 0.521142
358 0.521176 0.520601 0.52175 0.521142
359 0.521181 0.520607 0.521756 0.521149
359 0.521181 0.520607 0.521756 0.521149
360 0.521179 0.520605 0.521754 0.521157
360 0.521179 0.520605 0.521754 0.521157
360 0.521179 0.520605 0.521754 0.521157
361 0.521186 0.520612 0.521761 0.521164
361 0.521186 0.520612 0.521761 0.521164
362 0.521202 0.520627 0.521776 0.521171
362 0.521202 0.520627 0.521776 0.521171
362 0.521202 0.520627 0.521776 0.521171
363 0.521212 0.520638 0.521787 0.521179
363 0.521212 0.520638 0.521787 0.521179
364 0.521219 0.520645 0.521794 0.521186
364 0.521219 0.520645 0.521794 0.521186
364 0.521219 0.520645 0.521794 0.521186
365 0.521234 0.520658 0.521809 0.521193
365 0.521234 0.520658 0.521809 0.521193
366 0.521242 0.520666 0.521817 0.5212
366 0.521242 0.520666 0.521817 0.5212
366 0.521242 0.520666 0.521817 0.5212
367 0.521239 0.520664 0.521814 0.521207
367 0.521239 0.520664 0.521814 0.521207
368 0.52125 0.520675 0.521826 0.521214
368 0.52125 0.520675 0.521826 0.521214
368 0.52125 0.520675 0.521826 0.521214
369 0.521255 0.52068 0.52183 0.521222
369 0.521255 0.52068 0.52183 0.521222
370 0.52125 0.520675 0.521826 0.521229
370 0.52125 0.520675 0.521826 0.521229
370 0.52125 0.520675 0.521826 0.521229
371 0.521258 0.520683 0.521833 0.521236
371 0.521258 0.520683 0.521833 0.521236
372 0.521259 0.520684 0.521835 0.521242
372 0.521259 0.520684 0.521835 0.521242
372 0.521259 0.520684 0.521835 0.521242
373 0.521278 0.520702 0.521854 0.521249
373 0.521278 0.520702 0.521854 0.521249
374 0.521282 0.520706 0.521858 0.521256
374 0.521282 0.520706 0.521858 0.521256
374 0.521282 0.520706 0.521858 0.521256
375 0.521291 0.520715 0.521867 0.521263
375 0.521291 0.520715 0.521867 0.521263
376 0.521291 0.520715 0.521867 0.52127
376 0.521291 0.520715 0.521867 0.52127
376 0.521291 0.520715 0.521867 0.52127
377 0.521293 0.520717 0.521868 0.521277
377 0.521293 0.520717 0.521868 0.521277
378 0.521302 0.520726 0.521878 0.521283
378 0.521302 0.520726 0.521878 0.521283
378 0.521302 0.520726 0.521878 0.521283
379 0.521309 0.520734 0.521885 0.52129
379 0.521309 0.520734 0.521885 0.52129
380 0.521306 0.520731 0.521882 0.521297
380 0.521306 0.520731 0.521882 0.521297
380 0.521306 0.520731 0.521882 0.521297
381 0.521315 0.520739 0.52189 0.521303
381 0.521315 0.520739 0.52189 0.521303
382 0.521321 0.520745 0.521897 0.52131
382 0.521321 0.520745 0.521897 0.52131
382 0.521321 0.520745 0.521897 0.52131
383 0.521332 0.520756 0.521909 0.521316
383 0.521332 0.520756 0.521909 0.521316
384 0.521342 0.520765 0.521918 0.521323
384 0.521342 0.520765 0.521918 0.521323
384 0.521342 0.520765 0.521918 0.521323
385 0.52135 0.520773 0.521926 0.521329
385 0.52135 0.520773 0.521926 0.521329
386 0.521356 0.52078 0.521933 0.521336
386 0.521356 0.52078 0.521933 0.521336
386 0.521356 0.52078 0.521933 0.521336
387 0.521372 0.520795 0.521949 0.521342
387 0.521372 0.520795 0.521949 0.521342
388 0.521378 0.520801 0.521955 0.521349
388 0.521378 0.520801 0.521955 0.521349
388 0.521378 0.520801 0.521955 0.521349
389 0.521391 0.520814 0.521968 0.521355
389 0.521391 0.520814 0.521968 0.521355
390 0.521401 0.520824 0.521977 0.521361
390 0.521401 0.520824 0.521977 0.521361
390 0.521401 0.520824 0.521977 0.521361
391 0.521408 0.520831 0.521985 0.521368
391 0.521408 0.520831 0.521985 0.521368
392 0.521418 0.520841 0.521995 0.521374
392 0.521418 0.520841 0.521995 0.521374
392 0.521418 0.520841 0.521995 0.521374
393 0.52142 0.520843 0.521997 0.52138
393 0.52142 0.520843 0.521997 0.52138
394 0.521421 0.520844 0.521998 0.521386
394 0.521421 0.520844 0.521998 0.521386
394 0.521421 0.520844 0.521998 0.521386
395 0.52143 0.520854 0.522007 0.521392
395 0.52143 0.520854 0.522007 0.521392
396 0.521429 0.520852 0.522005 0.521398
396 0.521429 0.520852 0.522005 0.521398
396 0.521429 0.520852 0.522005 0.521398
397 0.521441 0.520865 0.522018 0.521405
397 0.521441 0.520865 0.522018 0.521405
398 0.521455 0.520878 0.522032 0.521411
398 0.521455 0.520878 0.522032 0.521411
398 0.521455 0.520878 0.522032 0.521411
399 0.521456 0.520879 0.522033 0.521417
399 0.521456 0.520879 0.522033 0.521417
400 0.521463 0.520886 0.52204 0.521423
400 0.521463 0.520886 0.52204 0.521423
400 0.521463 0.520886 0.52204 0.521423
401 0.521471 0.520894 0.522048 0.521429
401 0.521471 0.520894 0.522048 0.521429
402 0.52147 0.520894 0.522047 0.521435
402 0.52147 0.520894 0.522047 0.521435
402 0.52147 0.520894 0.522047 0.521435
403 0.521476 0.520899 0.522052 0.52144
403 0.521476 0.520899 0.522052 0.52144
404 0.521476 0.5209 0.522053 0.521446
404 0.521476 0.5209 0.522053 0.521446
404 0.521476 0.5209 0.522053 0.521446
405 0.521479 0.520902 0.522055 0.521452
405 0.521479 0.520902 0.522055 0.521452
406 0.521477 0.5209 0.522053 0.521458
406 0.521477 0.5209 0.522053 0.521458
406 0.521477 0.5209 0.522053 0.521458
407 0.521476 0.5209 0.522052 0.521464
407 0.521476 0.5209 0.522052 0.521464
408 0.521482 0.520906 0.522058 0.52147
408 0.521482 0.520906 0.522058 0.52147
408 0.521482 0.520906 0.522058 0.52147
409 0.521489 0.520913 0.522065 0.521475
409 0.521489 0.520913 0.522065 0.521475
410 0.521489 0.520914 0.522065 0.521481
410 0.521489 0.520914 0.522065 0.521481
410 0.521489 0.520914 0.522065 0.521481
411 0.521486 0.52091 0.522062 0.521487
411 0.521486 0.52091 0.522062 0.521487
412 0.521495 0.520919 0.52207 0.521492
412 0.521495 0.520919 0.52207 0.521492
412 0.521495 0.520919 0.52207 0.521492
413 0.521502 0.520926 0.522077 0.521498
413 0.521502 0.520926 0.522077 0.521498
414 0.521503 0.520927 0.522079 0.521504
414 0.521503 0.520927 0.522079 0.521504
414 0.521503 0.520927 0.522079 0.521504
415 0.521512 0.520935 0.522088 0.521509
415 0.521512 0.520935 0.522088 0.521509
416 0.521518 0.520942 0.522094 0.521515
416 0.521518 0.520942 0.522094 0.521515
416 0.521518 0.520942 0.522094 0.521515
417 0.521525 0.520948 0.522102 0.52152
417 0.521525 0.520948 0.522102 0.52152
418 0.521533 0.520956 0.52211 0.521526
418 0.521533 0.520956 0.52211 0.521526
418 0.521533 0.520956 0.52211 0.521526
419 0.52153 0.520954 0.522107 0.521531
419 0.52153 0.520954 0.522107 0.521531
