//total_population estimated_relatedness lower_bound upper_bound relatedness
110 0.833194 nan nan 0.833194
112 0.833205 0.833087 0.833322 0.833248
114 0.833295 0.833132 0.833459 0.833301
116 0.833387 0.83319 0.833584 0.833351
118 0.833377 0.833151 0.833603 0.8334
121 0.833392 0.833127 0.833656 0.83347
123 0.833449 0.833166 0.833732 0.833515
125 0.833424 0.833121 0.833726 0.833558
127 0.833481 0.83316 0.833801 0.8336
129 0.833506 0.833169 0.833843 0.83364
132 0.833592 0.833236 0.833947 0.833699
134 0.83364 0.833271 0.834008 0.833737
136 0.833634 0.833255 0.834014 0.833773
138 0.833747 0.833356 0.834138 0.833809
140 0.833739 0.833337 0.834142 0.833843
143 0.833812 0.833395 0.834229 0.833893
145 0.8338 0.833375 0.834226 0.833925
147 0.833866 0.833432 0.834299 0.833956
149 0.833886 0.833444 0.834328 0.833986
151 0.833836 0.833385 0.834288 0.834016
154 0.833904 0.833443 0.834365 0.834059
156 0.833929 0.833459 0.834399 0.834086
158 0.833989 0.833512 0.834466 0.834113
160 0.834008 0.833523 0.834493 0.834139
162 0.834017 0.833525 0.834508 0.834165
165 0.833956 0.833454 0.834458 0.834202
167 0.833988 0.83348 0.834496 0.834226
169 0.834021 0.833506 0.834536 0.83425
171 0.834023 0.833502 0.834544 0.834273
173 0.833996 0.83347 0.834522 0.834295
176 0.834073 0.833539 0.834606 0.834328
178 0.834144 0.833606 0.834682 0.834349
180 0.834209 0.833666 0.834752 0.83437
182 0.834269 0.833722 0.834817 0.83439
184 0.834307 0.833755 0.834859 0.83441
187 0.834328 0.833771 0.834886 0.834439
189 0.834398 0.833837 0.83496 0.834457
191 0.834415 0.83385 0.834981 0.834476
193 0.834456 0.833885 0.835026 0.834494
195 0.834438 0.833864 0.835012 0.834511
198 0.834429 0.833849 0.83501 0.834537
200 0.834476 0.833891 0.83506 0.834554
202 0.834528 0.83394 0.835116 0.83457
204 0.834564 0.833973 0.835154 0.834586
206 0.834642 0.834048 0.835237 0.834602
209 0.834672 0.834074 0.83527 0.834625
211 0.834683 0.834082 0.835284 0.83464
213 0.83463 0.834026 0.835234 0.834655
215 0.834625 0.834018 0.835232 0.834669
217 0.834604 0.833994 0.835214 0.834683
220 0.834631 0.834017 0.835245 0.834704
222 0.834633 0.834017 0.835249 0.834717
224 0.834599 0.83398 0.835219 0.834731
226 0.834596 0.833975 0.835218 0.834744
228 0.834569 0.833945 0.835193 0.834757
231 0.834518 0.83389 0.835147 0.834775
233 0.834493 0.833862 0.835124 0.834788
235 0.834466 0.833833 0.8351 0.8348
237 0.834479 0.833843 0.835114 0.834812
239 0.834486 0.833849 0.835124 0.834823
242 0.834499 0.833858 0.83514 0.83484
244 0.834524 0.833881 0.835167 0.834852
246 0.834552 0.833908 0.835196 0.834863
248 0.834562 0.833916 0.835208 0.834874
250 0.834587 0.833938 0.835236 0.834884
253 0.834587 0.833937 0.835238 0.8349
255 0.834671 0.834018 0.835323 0.83491
257 0.834688 0.834034 0.835343 0.83492
259 0.834632 0.833977 0.835288 0.83493
261 0.834633 0.833976 0.835291 0.83494
264 0.834628 0.833968 0.835288 0.834954
266 0.834617 0.833956 0.835279 0.834964
268 0.834591 0.833927 0.835255 0.834973
270 0.834601 0.833935 0.835268 0.834982
272 0.834603 0.833935 0.835271 0.834991
275 0.834622 0.833952 0.835293 0.835004
277 0.834645 0.833973 0.835317 0.835013
279 0.834669 0.833996 0.835342 0.835021
281 0.834665 0.83399 0.83534 0.83503
283 0.834666 0.83399 0.835342 0.835038
286 0.834729 0.834051 0.835408 0.83505
288 0.834747 0.834068 0.835427 0.835058
290 0.834729 0.834048 0.83541 0.835066
292 0.834752 0.83407 0.835433 0.835074
294 0.834736 0.834053 0.83542 0.835082
297 0.834725 0.83404 0.835411 0.835093
299 0.834756 0.83407 0.835441 0.835101
301 0.83478 0.834094 0.835467 0.835108
303 0.834786 0.834098 0.835474 0.835115
305 0.834776 0.834086 0.835466 0.835122
308 0.834753 0.834061 0.835446 0.835133
310 0.834765 0.834071 0.835458 0.83514
312 0.834791 0.834096 0.835486 0.835146
314 0.834808 0.834111 0.835504 0.835153
316 0.834805 0.834108 0.835503 0.83516
319 0.834804 0.834105 0.835502 0.83517
321 0.8348 0.834101 0.8355 0.835176
323 0.834803 0.834103 0.835504 0.835182
325 0.834819 0.834116 0.835521 0.835189
327 0.834809 0.834105 0.835513 0.835195
330 0.834823 0.834117 0.835528 0.835204
332 0.834781 0.834075 0.835487 0.83521
334 0.834769 0.834062 0.835476 0.835216
336 0.834763 0.834055 0.835471 0.835222
338 0.834762 0.834053 0.83547 0.835228
341 0.83481 0.8341 0.83552 0.835236
343 0.834846 0.834135 0.835557 0.835242
345 0.834858 0.834147 0.83557 0.835248
347 0.834867 0.834154 0.835579 0.835253
349 0.834868 0.834155 0.835582 0.835258
352 0.834846 0.834131 0.83556 0.835267
354 0.83487 0.834155 0.835584 0.835272
356 0.834858 0.834142 0.835574 0.835277
358 0.834843 0.834125 0.83556 0.835282
360 0.834847 0.834128 0.835566 0.835287
363 0.834875 0.834155 0.835596 0.835295
365 0.834876 0.834155 0.835596 0.8353
367 0.83488 0.834157 0.835602 0.835305
369 0.834892 0.834168 0.835615 0.83531
371 0.834862 0.834137 0.835586 0.835314
374 0.83487 0.834144 0.835595 0.835322
376 0.83487 0.834145 0.835596 0.835326
378 0.834881 0.834155 0.835608 0.835331
380 0.834875 0.834147 0.835602 0.835335
382 0.834867 0.834139 0.835595 0.83534
385 0.834882 0.834153 0.835611 0.835347
387 0.834917 0.834188 0.835646 0.835351
389 0.834892 0.834163 0.835622 0.835356
391 0.83494 0.834211 0.83567 0.83536
393 0.834958 0.834228 0.835689 0.835364
396 0.834905 0.834174 0.835636 0.83537
398 0.834895 0.834163 0.835626 0.835375
400 0.834893 0.834159 0.835626 0.835379
402 0.834891 0.834157 0.835625 0.835383
404 0.834884 0.83415 0.835619 0.835387
407 0.834952 0.834217 0.835688 0.835393
409 0.834972 0.834236 0.835708 0.835397
411 0.834952 0.834215 0.835689 0.835401
413 0.834939 0.834202 0.835677 0.835405
415 0.834963 0.834224 0.835701 0.835409
418 0.834971 0.834232 0.83571 0.835414
420 0.834984 0.834245 0.835724 0.835418
422 0.83497 0.834229 0.83571 0.835422
424 0.834989 0.834248 0.83573 0.835425
426 0.834981 0.834239 0.835723 0.835429
429 0.834994 0.834251 0.835738 0.835434
431 0.835005 0.834261 0.83575 0.835438
433 0.835007 0.834262 0.835753 0.835442
435 0.835026 0.83428 0.835772 0.835445
437 0.835035 0.834289 0.835782 0.835448
440 0.835055 0.834308 0.835802 0.835454
442 0.835059 0.834311 0.835806 0.835457
444 0.835065 0.834318 0.835812 0.83546
446 0.835074 0.834326 0.835821 0.835464
448 0.835097 0.834349 0.835845 0.835467
451 0.835102 0.834353 0.835851 0.835472
453 0.835097 0.834347 0.835847 0.835475
455 0.835101 0.834351 0.835851 0.835478
457 0.835127 0.834376 0.835877 0.835481
459 0.835127 0.834376 0.835878 0.835485
462 0.835147 0.834395 0.835898 0.835489
464 0.835137 0.834385 0.83589 0.835492
466 0.835119 0.834366 0.835873 0.835495
468 0.835152 0.834398 0.835905 0.835498
470 0.835146 0.834391 0.8359 0.835501
473 0.835141 0.834386 0.835896 0.835506
475 0.83515 0.834395 0.835906 0.835509
477 0.835152 0.834396 0.835908 0.835512
479 0.835161 0.834405 0.835917 0.835514
481 0.835156 0.834399 0.835912 0.835517
484 0.83517 0.834413 0.835927 0.835522
486 0.835177 0.83442 0.835934 0.835524
488 0.835167 0.834409 0.835924 0.835527
490 0.835176 0.834418 0.835935 0.83553
492 0.835172 0.834413 0.835931 0.835533
495 0.835191 0.834431 0.83595 0.835537
497 0.835199 0.834439 0.835959 0.835539
499 0.835214 0.834454 0.835974 0.835542
501 0.835223 0.834462 0.835984 0.835545
503 0.83525 0.834489 0.836011 0.835547
506 0.835273 0.834511 0.836035 0.835551
508 0.835283 0.834521 0.836046 0.835554
510 0.835287 0.834524 0.83605 0.835556
512 0.835309 0.834545 0.836073 0.835559
514 0.835293 0.83453 0.836057 0.835561
517 0.835314 0.83455 0.836078 0.835565
519 0.835322 0.834557 0.836086 0.835567
521 0.835299 0.834534 0.836064 0.83557
523 0.835293 0.834528 0.836058 0.835572
525 0.83531 0.834544 0.836076 0.835575
528 0.835328 0.834562 0.836095 0.835578
530 0.835326 0.83456 0.836093 0.835581
532 0.835327 0.83456 0.836093 0.835583
534 0.835341 0.834574 0.836108 0.835585
536 0.83535 0.834583 0.836117 0.835587
539 0.835344 0.834576 0.836111 0.835591
541 0.835354 0.834585 0.836122 0.835593
543 0.835363 0.834594 0.836132 0.835595
545 0.835381 0.834612 0.83615 0.835598
547 0.8354 0.834631 0.83617 0.8356
550 0.835395 0.834625 0.836165 0.835603
552 0.835395 0.834625 0.836166 0.835605
554 0.835409 0.834638 0.83618 0.835607
556 0.83539 0.834619 0.836161 0.83561
558 0.835382 0.834611 0.836153 0.835612
561 0.8354 0.834628 0.836171 0.835615
563 0.835391 0.83462 0.836163 0.835617
565 0.835401 0.834629 0.836174 0.835619
567 0.835401 0.834629 0.836174 0.835621
569 0.835396 0.834623 0.836169 0.835623
572 0.835392 0.834618 0.836166 0.835626
574 0.835399 0.834625 0.836173 0.835628
576 0.835405 0.834631 0.836179 0.83563
578 0.835425 0.83465 0.836199 0.835632
580 0.835439 0.834664 0.836214 0.835634
583 0.835452 0.834676 0.836227 0.835637
585 0.835442 0.834666 0.836217 0.835639
587 0.835433 0.834656 0.836209 0.835641
589 0.83543 0.834653 0.836206 0.835643
591 0.835443 0.834666 0.836219 0.835645
594 0.835462 0.834685 0.836239 0.835647
596 0.835454 0.834676 0.836232 0.835649
598 0.835456 0.834678 0.836234 0.835651
600 0.835457 0.83468 0.836235 0.835653
602 0.835468 0.83469 0.836246 0.835655
605 0.835481 0.834702 0.836259 0.835657
607 0.83548 0.834701 0.836258 0.835659
609 0.835475 0.834696 0.836255 0.835661
611 0.835477 0.834697 0.836256 0.835663
613 0.83547 0.83469 0.836249 0.835665
616 0.835464 0.834684 0.836245 0.835667
618 0.835464 0.834683 0.836244 0.835669
620 0.835455 0.834674 0.836235 0.835671
622 0.835467 0.834686 0.836248 0.835672
624 0.835466 0.834685 0.836247 0.835674
627 0.83548 0.834698 0.836261 0.835677
629 0.835499 0.834717 0.836281 0.835678
631 0.835487 0.834704 0.836269 0.83568
633 0.835486 0.834704 0.836269 0.835681
635 0.83548 0.834697 0.836263 0.835683
638 0.835507 0.834724 0.836291 0.835686
640 0.835505 0.834722 0.836289 0.835687
642 0.835499 0.834715 0.836283 0.835689
644 0.835503 0.834719 0.836288 0.83569
646 0.835525 0.83474 0.836309 0.835692
649 0.835529 0.834744 0.836314 0.835694
651 0.835534 0.834748 0.836319 0.835696
653 0.835525 0.834739 0.836311 0.835697
655 0.83554 0.834754 0.836326 0.835699
657 0.83553 0.834743 0.836316 0.8357
660 0.835535 0.834748 0.836322 0.835703
662 0.83553 0.834743 0.836318 0.835704
664 0.835537 0.834749 0.836325 0.835706
666 0.835542 0.834754 0.83633 0.835707
668 0.835524 0.834736 0.836312 0.835709
671 0.8355 0.834711 0.836288 0.835711
673 0.835493 0.834704 0.836282 0.835712
675 0.835498 0.834709 0.836287 0.835714
677 0.83551 0.83472 0.836299 0.835715
679 0.835506 0.834716 0.836295 0.835717
682 0.835503 0.834714 0.836293 0.835719
684 0.835512 0.834722 0.836302 0.83572
686 0.835511 0.834721 0.836302 0.835722
688 0.835502 0.834711 0.836292 0.835723
690 0.835514 0.834724 0.836305 0.835724
693 0.835514 0.834724 0.836305 0.835726
695 0.835503 0.834712 0.836294 0.835728
697 0.835514 0.834723 0.836304 0.835729
699 0.835509 0.834718 0.836299 0.83573
701 0.835508 0.834716 0.836299 0.835732
704 0.83551 0.834718 0.836301 0.835734
706 0.835522 0.83473 0.836313 0.835735
708 0.835521 0.834729 0.836312 0.835736
710 0.835513 0.834721 0.836304 0.835738
712 0.835505 0.834713 0.836297 0.835739
715 0.835495 0.834703 0.836288 0.835741
717 0.835487 0.834694 0.836279 0.835742
719 0.835487 0.834694 0.836279 0.835744
721 0.835483 0.83469 0.836276 0.835745
723 0.835468 0.834675 0.83626 0.835746
726 0.835477 0.834685 0.83627 0.835748
728 0.835482 0.834689 0.836275 0.835749
730 0.835491 0.834698 0.836284 0.83575
732 0.835485 0.834692 0.836279 0.835752
734 0.835468 0.834674 0.836262 0.835753
737 0.835475 0.834681 0.836269 0.835755
739 0.835476 0.834682 0.836271 0.835756
741 0.835483 0.834688 0.836277 0.835757
743 0.83548 0.834686 0.836274 0.835758
745 0.835483 0.834689 0.836277 0.83576
748 0.835475 0.83468 0.83627 0.835761
750 0.835473 0.834678 0.836268 0.835762
752 0.835466 0.834671 0.836261 0.835764
754 0.835467 0.834672 0.836262 0.835765
756 0.835467 0.834671 0.836262 0.835766
759 0.835465 0.834669 0.83626 0.835768
761 0.835478 0.834682 0.836274 0.835769
763 0.835496 0.8347 0.836292 0.83577
765 0.835491 0.834694 0.836287 0.835771
767 0.835505 0.834708 0.836302 0.835772
770 0.835497 0.8347 0.836294 0.835774
772 0.835499 0.834701 0.836297 0.835775
774 0.835496 0.834698 0.836294 0.835776
776 0.835473 0.834675 0.836271 0.835777
778 0.835466 0.834668 0.836264 0.835778
781 0.835468 0.83467 0.836266 0.83578
783 0.835448 0.834649 0.836247 0.835781
785 0.835467 0.834668 0.836266 0.835782
787 0.835473 0.834674 0.836272 0.835783
789 0.835474 0.834675 0.836273 0.835784
792 0.83548 0.834681 0.83628 0.835786
794 0.83548 0.83468 0.83628 0.835787
796 0.83547 0.83467 0.83627 0.835788
798 0.835471 0.834671 0.836271 0.835789
800 0.835459 0.834658 0.836259 0.83579
803 0.835456 0.834655 0.836257 0.835791
805 0.835467 0.834666 0.836268 0.835792
807 0.83547 0.834669 0.836271 0.835793
809 0.835467 0.834667 0.836268 0.835794
811 0.835461 0.834659 0.836262 0.835795
814 0.835474 0.834673 0.836276 0.835797
816 0.835472 0.834671 0.836274 0.835798
818 0.83549 0.834688 0.836292 0.835799
820 0.835497 0.834695 0.836299 0.8358
822 0.835503 0.834702 0.836305 0.835801
825 0.835499 0.834696 0.836301 0.835802
827 0.835494 0.834691 0.836296 0.835803
829 0.835504 0.834701 0.836306 0.835804
831 0.835514 0.834711 0.836317 0.835805
833 0.835524 0.834722 0.836327 0.835806
836 0.835517 0.834714 0.836321 0.835808
838 0.835515 0.834712 0.836318 0.835808
840 0.835526 0.834723 0.836329 0.835809
842 0.835528 0.834725 0.836331 0.83581
844 0.83554 0.834737 0.836343 0.835811
847 0.835532 0.834729 0.836335 0.835813
849 0.835538 0.834735 0.836342 0.835814
851 0.835535 0.834732 0.836339 0.835814
853 0.835545 0.834742 0.836349 0.835815
855 0.835544 0.83474 0.836347 0.835816
858 0.83554 0.834736 0.836344 0.835818
860 0.835551 0.834747 0.836355 0.835818
862 0.835557 0.834752 0.836361 0.835819
864 0.835557 0.834752 0.836361 0.83582
866 0.83556 0.834755 0.836365 0.835821
869 0.835544 0.834738 0.836349 0.835822
871 0.835541 0.834736 0.836346 0.835823
873 0.835532 0.834726 0.836337 0.835824
875 0.83553 0.834724 0.836335 0.835825
877 0.835525 0.83472 0.83633 0.835826
880 0.835521 0.834715 0.836326 0.835827
882 0.835519 0.834713 0.836325 0.835828
884 0.835537 0.834732 0.836343 0.835829
886 0.835556 0.83475 0.836362 0.83583
888 0.835562 0.834756 0.836368 0.835831
891 0.835565 0.834759 0.836371 0.835832
893 0.835571 0.834765 0.836378 0.835833
895 0.835569 0.834762 0.836375 0.835833
897 0.835567 0.834761 0.836374 0.835834
899 0.835553 0.834746 0.83636 0.835835
902 0.835545 0.834738 0.836352 0.835836
904 0.83554 0.834733 0.836348 0.835837
906 0.835554 0.834747 0.836361 0.835838
908 0.835552 0.834745 0.836359 0.835839
910 0.835567 0.834759 0.836374 0.835839
913 0.835543 0.834735 0.83635 0.835841
915 0.835542 0.834735 0.83635 0.835841
917 0.835545 0.834737 0.836353 0.835842
919 0.835547 0.834739 0.836354 0.835843
921 0.835548 0.83474 0.836356 0.835844
924 0.835533 0.834724 0.836341 0.835845
926 0.835534 0.834726 0.836342 0.835846
928 0.835525 0.834717 0.836334 0.835846
930 0.835525 0.834717 0.836333 0.835847
932 0.835526 0.834717 0.836334 0.835848
935 0.835535 0.834726 0.836343 0.835849
937 0.835538 0.834729 0.836347 0.83585
939 0.835536 0.834727 0.836345 0.835851
941 0.835537 0.834728 0.836346 0.835851
943 0.835523 0.834713 0.836332 0.835852
946 0.835517 0.834708 0.836326 0.835853
948 0.835518 0.834708 0.836327 0.835854
950 0.83552 0.834711 0.836329 0.835855
952 0.835518 0.834708 0.836327 0.835855
954 0.835526 0.834717 0.836335 0.835856
957 0.835531 0.834722 0.836341 0.835857
959 0.835533 0.834724 0.836343 0.835858
961 0.835521 0.834712 0.836331 0.835859
963 0.835522 0.834712 0.836331 0.835859
965 0.835525 0.834715 0.836334 0.83586
968 0.835527 0.834717 0.836336 0.835861
970 0.835526 0.834717 0.836335 0.835862
972 0.835532 0.834722 0.836341 0.835862
974 0.835525 0.834716 0.836335 0.835863
976 0.835518 0.834709 0.836328 0.835864
979 0.835522 0.834713 0.836332 0.835865
981 0.835532 0.834722 0.836341 0.835866
983 0.835537 0.834728 0.836347 0.835866
985 0.835541 0.834732 0.836351 0.835867
987 0.83555 0.83474 0.83636 0.835868
990 0.83554 0.83473 0.83635 0.835869
992 0.835549 0.834739 0.836359 0.835869
994 0.835551 0.834741 0.836362 0.83587
996 0.835549 0.834739 0.83636 0.835871
998 0.835548 0.834738 0.836358 0.835871
1001 0.835543 0.834733 0.836354 0.835872
1003 0.835543 0.834733 0.836354 0.835873
1005 0.83554 0.834729 0.83635 0.835874
1007 0.835536 0.834726 0.836347 0.835874
1009 0.835537 0.834726 0.836347 0.835875
1012 0.835547 0.834736 0.836358 0.835876
1014 0.835553 0.834742 0.836364 0.835876
1016 0.835554 0.834742 0.836365 0.835877
1018 0.835548 0.834736 0.836359 0.835878
1020 0.835551 0.83474 0.836363 0.835878
1023 0.835556 0.834745 0.836368 0.835879
1025 0.835563 0.834751 0.836375 0.83588
1027 0.835554 0.834742 0.836366 0.835881
1029 0.835563 0.83475 0.836375 0.835881
1031 0.835549 0.834737 0.836361 0.835882
1034 0.835565 0.834753 0.836377 0.835883
1036 0.835555 0.834742 0.836367 0.835883
1038 0.835565 0.834753 0.836378 0.835884
1040 0.835573 0.834761 0.836386 0.835885
1042 0.835564 0.834752 0.836377 0.835885
1045 0.835571 0.834759 0.836384 0.835886
1047 0.835565 0.834752 0.836377 0.835887
1049 0.835556 0.834743 0.836369 0.835887
1051 0.835551 0.834738 0.836364 0.835888
1053 0.835552 0.834739 0.836365 0.835888
1056 0.835551 0.834738 0.836364 0.835889
1058 0.835547 0.834734 0.836361 0.83589
1060 0.835545 0.834732 0.836359 0.83589
1062 0.835548 0.834734 0.836362 0.835891
1064 0.83554 0.834726 0.836354 0.835892
1067 0.835548 0.834734 0.836362 0.835893
1069 0.835534 0.83472 0.836348 0.835893
1071 0.835537 0.834722 0.836351 0.835894
1073 0.835537 0.834722 0.836351 0.835894
1075 0.835536 0.834721 0.83635 0.835895
1078 0.835534 0.83472 0.836349 0.835896
1080 0.835538 0.834723 0.836352 0.835896
1082 0.835539 0.834724 0.836354 0.835897
1084 0.835556 0.834741 0.836371 0.835897
1086 0.835562 0.834747 0.836377 0.835898
1089 0.835562 0.834747 0.836377 0.835899
1091 0.835568 0.834753 0.836382 0.835899
1093 0.835565 0.83475 0.83638 0.8359
1095 0.83557 0.834755 0.836384 0.8359
1097 0.835562 0.834747 0.836376 0.835901
1100 0.835563 0.834748 0.836378 0.835902
1102 0.835575 0.83476 0.83639 0.835902
1104 0.835568 0.834753 0.836383 0.835903
1106 0.835565 0.83475 0.836381 0.835903
1108 0.835565 0.83475 0.836381 0.835904
1111 0.835576 0.83476 0.836391 0.835905
1113 0.83558 0.834765 0.836396 0.835905
1115 0.83558 0.834764 0.836396 0.835906
1117 0.835574 0.834758 0.83639 0.835906
1119 0.835566 0.83475 0.836383 0.835907
1122 0.835572 0.834756 0.836388 0.835908
1124 0.835571 0.834755 0.836387 0.835908
1126 0.835581 0.834765 0.836397 0.835909
1128 0.835586 0.83477 0.836402 0.835909
1130 0.835594 0.834778 0.83641 0.83591
1133 0.835598 0.834782 0.836414 0.83591
1135 0.835598 0.834782 0.836414 0.835911
1137 0.835598 0.834782 0.836415 0.835911
1139 0.835603 0.834787 0.836419 0.835912
1141 0.835601 0.834784 0.836417 0.835912
1144 0.835612 0.834795 0.836429 0.835913
1146 0.835622 0.834805 0.836439 0.835914
1148 0.835619 0.834802 0.836436 0.835914
1150 0.835623 0.834807 0.83644 0.835915
1152 0.835626 0.83481 0.836443 0.835915
1155 0.835631 0.834815 0.836448 0.835916
1157 0.835632 0.834815 0.836449 0.835916
1159 0.835632 0.834815 0.836449 0.835917
1161 0.835641 0.834824 0.836458 0.835917
1163 0.835644 0.834827 0.836461 0.835918
1166 0.835648 0.834831 0.836466 0.835919
1168 0.835646 0.834829 0.836464 0.835919
1170 0.835641 0.834823 0.836458 0.83592
1172 0.835645 0.834828 0.836463 0.83592
1174 0.835654 0.834836 0.836472 0.835921
1177 0.835649 0.834831 0.836467 0.835921
1179 0.835646 0.834828 0.836464 0.835922
1181 0.835638 0.83482 0.836456 0.835922
1183 0.835647 0.834829 0.836465 0.835923
1185 0.835647 0.834829 0.836465 0.835923
1188 0.835664 0.834846 0.836482 0.835924
1190 0.835662 0.834844 0.83648 0.835924
1192 0.835665 0.834846 0.836483 0.835925
1194 0.835666 0.834847 0.836484 0.835925
1196 0.835664 0.834845 0.836482 0.835926
1199 0.835663 0.834844 0.836482 0.835926
1201 0.835671 0.834852 0.83649 0.835927
1203 0.835685 0.834866 0.836503 0.835927
1205 0.835688 0.834869 0.836507 0.835928
1207 0.835684 0.834865 0.836503 0.835928
1210 0.83569 0.834871 0.836508 0.835929
1212 0.835696 0.834877 0.836515 0.835929
1214 0.835695 0.834876 0.836514 0.83593
1216 0.83569 0.834871 0.836509 0.83593
1218 0.835698 0.834878 0.836517 0.835931
1221 0.835686 0.834866 0.836505 0.835931
1223 0.835688 0.834869 0.836508 0.835932
1225 0.835693 0.834874 0.836513 0.835932
1227 0.835691 0.834872 0.836511 0.835933
1229 0.835688 0.834868 0.836507 0.835933
1232 0.835689 0.834869 0.836509 0.835934
1234 0.835691 0.834871 0.836511 0.835934
1236 0.835692 0.834872 0.836511 0.835935
1238 0.835693 0.834873 0.836513 0.835935
1240 0.835694 0.834874 0.836514 0.835935
1243 0.8357 0.83488 0.83652 0.835936
1245 0.835707 0.834887 0.836527 0.835936
1247 0.835703 0.834884 0.836523 0.835937
1249 0.835709 0.834889 0.836528 0.835937
1251 0.835707 0.834887 0.836527 0.835938
1254 0.835707 0.834887 0.836527 0.835938
1256 0.835708 0.834888 0.836528 0.835939
1258 0.83571 0.83489 0.83653 0.835939
1260 0.835717 0.834897 0.836537 0.83594
1262 0.835718 0.834898 0.836538 0.83594
1265 0.835711 0.834891 0.836531 0.835941
1267 0.835708 0.834888 0.836528 0.835941
1269 0.83571 0.83489 0.83653 0.835941
1271 0.835715 0.834895 0.836535 0.835942
1273 0.835722 0.834902 0.836542 0.835942
1276 0.835711 0.834891 0.836531 0.835943
1278 0.83571 0.83489 0.83653 0.835943
1280 0.835709 0.834889 0.836529 0.835944
1282 0.835715 0.834895 0.836535 0.835944
1284 0.835713 0.834893 0.836533 0.835944
1287 0.835703 0.834882 0.836523 0.835945
1289 0.835707 0.834886 0.836527 0.835945
1291 0.835712 0.834891 0.836532 0.835946
1293 0.835716 0.834896 0.836537 0.835946
1295 0.835718 0.834897 0.836538 0.835947
1298 0.835714 0.834894 0.836535 0.835947
1300 0.835715 0.834895 0.836536 0.835948
1302 0.835714 0.834894 0.836535 0.835948
1304 0.835714 0.834893 0.836535 0.835948
1306 0.835706 0.834885 0.836527 0.835949
1309 0.835712 0.834891 0.836533 0.835949
1311 0.835719 0.834898 0.83654 0.83595
1313 0.835721 0.8349 0.836542 0.83595
1315 0.835723 0.834903 0.836544 0.835951
1317 0.835731 0.83491 0.836552 0.835951
1320 0.835724 0.834903 0.836545 0.835951
1322 0.835722 0.834902 0.836543 0.835952
1324 0.835717 0.834896 0.836538 0.835952
1326 0.835716 0.834895 0.836537 0.835953
1328 0.835717 0.834896 0.836538 0.835953
1331 0.835714 0.834894 0.836535 0.835954
1333 0.835722 0.834901 0.836543 0.835954
1335 0.835718 0.834897 0.836539 0.835954
1337 0.835715 0.834894 0.836536 0.835955
1339 0.835718 0.834896 0.836539 0.835955
1342 0.83572 0.834899 0.836541 0.835956
1344 0.835719 0.834898 0.83654 0.835956
1346 0.835719 0.834898 0.836541 0.835956
1348 0.835726 0.834905 0.836548 0.835957
1350 0.835728 0.834906 0.83655 0.835957
1353 0.835716 0.834894 0.836538 0.835958
1355 0.835713 0.834891 0.836534 0.835958
1357 0.835707 0.834885 0.836529 0.835958
1359 0.835711 0.834889 0.836533 0.835959
1361 0.835707 0.834885 0.836528 0.835959
1364 0.835697 0.834875 0.836519 0.835959
1366 0.835693 0.83487 0.836515 0.83596
1368 0.835689 0.834867 0.836512 0.83596
1370 0.83569 0.834868 0.836512 0.835961
1372 0.835697 0.834874 0.836519 0.835961
1375 0.835699 0.834876 0.836521 0.835961
1377 0.835697 0.834874 0.83652 0.835962
1379 0.835698 0.834875 0.83652 0.835962
1381 0.835701 0.834878 0.836524 0.835962
1383 0.835697 0.834874 0.83652 0.835963
1386 0.835693 0.83487 0.836516 0.835963
1388 0.835695 0.834872 0.836518 0.835964
1390 0.835692 0.834869 0.836516 0.835964
1392 0.835693 0.83487 0.836517 0.835964
1394 0.835699 0.834876 0.836522 0.835965
1397 0.835694 0.834871 0.836518 0.835965
1399 0.835688 0.834865 0.836512 0.835966
1401 0.835692 0.834868 0.836515 0.835966
1403 0.835696 0.834872 0.836519 0.835966
1405 0.835693 0.834869 0.836517 0.835967
1408 0.835685 0.834862 0.836509 0.835967
1410 0.835676 0.834853 0.8365 0.835967
1412 0.835676 0.834852 0.8365 0.835968
1414 0.835671 0.834847 0.836495 0.835968
1416 0.835666 0.834842 0.83649 0.835968
1419 0.835672 0.834848 0.836497 0.835969
1421 0.835677 0.834852 0.836501 0.835969
1423 0.835681 0.834856 0.836505 0.835969
1425 0.835678 0.834854 0.836502 0.83597
1427 0.835677 0.834852 0.836501 0.83597
1430 0.835675 0.83485 0.836499 0.835971
1432 0.835673 0.834848 0.836498 0.835971
1434 0.835675 0.83485 0.8365 0.835971
1436 0.835678 0.834853 0.836503 0.835972
1438 0.835675 0.83485 0.8365 0.835972
1441 0.835687 0.834862 0.836512 0.835972
1443 0.835691 0.834866 0.836516 0.835973
1445 0.835686 0.834861 0.836512 0.835973
1447 0.835687 0.834862 0.836513 0.835973
1449 0.835681 0.834856 0.836507 0.835974
1452 0.835679 0.834854 0.836505 0.835974
1454 0.835677 0.834852 0.836503 0.835974
1456 0.835679 0.834853 0.836504 0.835975
1458 0.83568 0.834854 0.836505 0.835975
1460 0.835685 0.834859 0.836511 0.835975
1463 0.835688 0.834863 0.836514 0.835976
1465 0.835686 0.83486 0.836512 0.835976
1467 0.835689 0.834863 0.836515 0.835976
1469 0.835703 0.834876 0.836529 0.835977
1471 0.8357 0.834873 0.836526 0.835977
1474 0.835698 0.834872 0.836525 0.835977
1476 0.835701 0.834875 0.836528 0.835978
1478 0.835707 0.834881 0.836534 0.835978
1480 0.835706 0.834879 0.836532 0.835978
1482 0.835703 0.834877 0.83653 0.835979
1485 0.835708 0.834882 0.836535 0.835979
1487 0.835719 0.834893 0.836546 0.835979
1489 0.835713 0.834887 0.83654 0.83598
1491 0.835712 0.834885 0.836538 0.83598
1493 0.835702 0.834875 0.836528 0.83598
1496 0.835704 0.834877 0.83653 0.835981
1498 0.835708 0.834881 0.836535 0.835981
1500 0.835709 0.834882 0.836536 0.835981
1502 0.835713 0.834886 0.83654 0.835982
1504 0.835715 0.834888 0.836542 0.835982
1507 0.835708 0.834881 0.836536 0.835982
1509 0.835717 0.834889 0.836544 0.835983
1511 0.835716 0.834889 0.836543 0.835983
1513 0.835719 0.834892 0.836546 0.835983
1515 0.835724 0.834897 0.836551 0.835983
1518 0.835731 0.834904 0.836559 0.835984
1520 0.835723 0.834896 0.836551 0.835984
1522 0.835725 0.834898 0.836553 0.835984
1524 0.835724 0.834897 0.836551 0.835985
1526 0.835729 0.834902 0.836556 0.835985
1529 0.83573 0.834902 0.836557 0.835985
1531 0.835726 0.834898 0.836554 0.835986
1533 0.835736 0.834908 0.836563 0.835986
1535 0.835737 0.834909 0.836565 0.835986
1537 0.835735 0.834908 0.836563 0.835987
1540 0.835736 0.834908 0.836564 0.835987
1542 0.835744 0.834916 0.836572 0.835987
1544 0.835741 0.834913 0.836568 0.835988
1546 0.835731 0.834903 0.836558 0.835988
1548 0.835725 0.834897 0.836553 0.835988
1551 0.835739 0.834911 0.836567 0.835988
1553 0.835736 0.834908 0.836563 0.835989
1555 0.835735 0.834907 0.836563 0.835989
1557 0.835739 0.834911 0.836567 0.835989
1559 0.835728 0.8349 0.836557 0.83599
1562 0.835726 0.834898 0.836554 0.83599
1564 0.835728 0.8349 0.836556 0.83599
1566 0.835731 0.834903 0.836559 0.835991
1568 0.835741 0.834912 0.836569 0.835991
1570 0.835745 0.834916 0.836573 0.835991
1573 0.83574 0.834911 0.836568 0.835991
1575 0.835734 0.834905 0.836563 0.835992
1577 0.835726 0.834897 0.836555 0.835992
1579 0.835727 0.834898 0.836555 0.835992
1581 0.835727 0.834898 0.836556 0.835992
1584 0.835735 0.834906 0.836564 0.835993
1586 0.835744 0.834915 0.836573 0.835993
1588 0.835755 0.834926 0.836584 0.835993
1590 0.835747 0.834918 0.836576 0.835994
1592 0.835761 0.834932 0.836591 0.835994
1595 0.835757 0.834928 0.836585 0.835994
1597 0.83576 0.834931 0.836589 0.835995
1599 0.835758 0.834929 0.836587 0.835995
1601 0.835762 0.834933 0.836591 0.835995
1603 0.835764 0.834935 0.836593 0.835995
1606 0.835765 0.834936 0.836594 0.835996
1608 0.835762 0.834933 0.836591 0.835996
1610 0.835763 0.834934 0.836592 0.835996
1612 0.835767 0.834938 0.836596 0.835996
1614 0.835772 0.834943 0.836601 0.835997
1617 0.835777 0.834948 0.836606 0.835997
1619 0.835786 0.834957 0.836615 0.835997
1621 0.835784 0.834955 0.836613 0.835998
1623 0.835789 0.834959 0.836618 0.835998
1625 0.835782 0.834953 0.836611 0.835998
1628 0.835781 0.834952 0.83661 0.835998
1630 0.83578 0.834951 0.83661 0.835999
1632 0.835781 0.834951 0.83661 0.835999
1634 0.835779 0.834949 0.836609 0.835999
1636 0.835778 0.834949 0.836608 0.835999
1639 0.835778 0.834949 0.836608 0.836
1641 0.835784 0.834954 0.836614 0.836
1643 0.835783 0.834954 0.836613 0.836
1645 0.835786 0.834956 0.836616 0.836001
1647 0.835781 0.834951 0.836611 0.836001
1650 0.835768 0.834938 0.836598 0.836001
1652 0.835771 0.834941 0.836601 0.836001
1654 0.835768 0.834938 0.836598 0.836002
1656 0.835775 0.834945 0.836605 0.836002
1658 0.835771 0.834941 0.836601 0.836002
1661 0.835765 0.834935 0.836595 0.836002
1663 0.835756 0.834925 0.836586 0.836003
1665 0.83576 0.83493 0.83659 0.836003
1667 0.835759 0.834929 0.836589 0.836003
1669 0.83576 0.83493 0.83659 0.836003
1672 0.835756 0.834925 0.836586 0.836004
1674 0.835753 0.834922 0.836584 0.836004
1676 0.835758 0.834927 0.836589 0.836004
1678 0.835757 0.834926 0.836588 0.836004
1680 0.835757 0.834927 0.836588 0.836005
1683 0.835764 0.834934 0.836595 0.836005
1685 0.835767 0.834936 0.836597 0.836005
1687 0.83577 0.834939 0.8366 0.836006
1689 0.83577 0.834939 0.836601 0.836006
1691 0.835777 0.834947 0.836608 0.836006
1694 0.835786 0.834956 0.836617 0.836006
1696 0.835786 0.834955 0.836617 0.836007
1698 0.83579 0.834959 0.836621 0.836007
1700 0.835789 0.834958 0.83662 0.836007
1702 0.835789 0.834958 0.83662 0.836007
1705 0.835789 0.834958 0.83662 0.836008
1707 0.835784 0.834953 0.836615 0.836008
1709 0.835785 0.834953 0.836616 0.836008
1711 0.835786 0.834955 0.836617 0.836008
1713 0.835785 0.834954 0.836617 0.836008
1716 0.835784 0.834953 0.836615 0.836009
1718 0.835782 0.834951 0.836613 0.836009
1720 0.835781 0.834949 0.836612 0.836009
1722 0.835773 0.834942 0.836605 0.836009
1724 0.835772 0.834941 0.836604 0.83601
1727 0.835758 0.834926 0.836589 0.83601
1729 0.83576 0.834928 0.836591 0.83601
1731 0.835758 0.834926 0.836589 0.83601
1733 0.835767 0.834935 0.836598 0.836011
1735 0.835765 0.834934 0.836597 0.836011
1738 0.835766 0.834934 0.836597 0.836011
1740 0.835766 0.834934 0.836597 0.836011
1742 0.835766 0.834934 0.836597 0.836012
1744 0.835766 0.834935 0.836598 0.836012
1746 0.835764 0.834932 0.836596 0.836012
1749 0.835761 0.834929 0.836593 0.836012
1751 0.835767 0.834935 0.836598 0.836013
1753 0.835762 0.83493 0.836593 0.836013
1755 0.835761 0.834929 0.836592 0.836013
1757 0.835761 0.834929 0.836593 0.836013
1760 0.835766 0.834934 0.836598 0.836014
1762 0.83576 0.834928 0.836592 0.836014
1764 0.835758 0.834926 0.83659 0.836014
1766 0.835756 0.834925 0.836588 0.836014
1768 0.835761 0.834929 0.836593 0.836014
1771 0.835766 0.834934 0.836598 0.836015
1773 0.835763 0.834931 0.836595 0.836015
1775 0.835764 0.834931 0.836596 0.836015
1777 0.83576 0.834928 0.836592 0.836015
1779 0.835754 0.834922 0.836586 0.836016
1782 0.83576 0.834927 0.836592 0.836016
1784 0.835765 0.834933 0.836598 0.836016
1786 0.835769 0.834937 0.836601 0.836016
1788 0.835767 0.834934 0.836599 0.836017
1790 0.835772 0.83494 0.836604 0.836017
1793 0.835774 0.834941 0.836606 0.836017
1795 0.835776 0.834944 0.836609 0.836017
1797 0.835777 0.834945 0.83661 0.836017
1799 0.83578 0.834948 0.836612 0.836018
1801 0.835775 0.834943 0.836607 0.836018
1804 0.835768 0.834936 0.836601 0.836018
1806 0.835774 0.834942 0.836607 0.836018
1808 0.835771 0.834938 0.836604 0.836019
1810 0.835766 0.834933 0.836599 0.836019
1812 0.835766 0.834933 0.836599 0.836019
1815 0.835771 0.834938 0.836605 0.836019
1817 0.835768 0.834935 0.836602 0.836019
1819 0.835764 0.834931 0.836597 0.83602
1821 0.835763 0.83493 0.836597 0.83602
1823 0.835767 0.834934 0.8366 0.83602
1826 0.835777 0.834943 0.83661 0.83602
1828 0.83578 0.834947 0.836613 0.836021
1830 0.835776 0.834943 0.83661 0.836021
1832 0.835778 0.834944 0.836611 0.836021
1834 0.835779 0.834946 0.836613 0.836021
1837 0.835776 0.834942 0.836609 0.836021
1839 0.835788 0.834955 0.836622 0.836022
1841 0.835781 0.834948 0.836614 0.836022
1843 0.835784 0.834951 0.836618 0.836022
1845 0.835783 0.834949 0.836616 0.836022
1848 0.835791 0.834958 0.836625 0.836022
1850 0.835793 0.83496 0.836627 0.836023
1852 0.835791 0.834958 0.836625 0.836023
1854 0.835793 0.83496 0.836627 0.836023
1856 0.835796 0.834963 0.836629 0.836023
1859 0.835796 0.834963 0.83663 0.836024
1861 0.835789 0.834956 0.836623 0.836024
1863 0.835784 0.83495 0.836617 0.836024
1865 0.835784 0.83495 0.836617 0.836024
1867 0.835786 0.834952 0.836619 0.836024
1870 0.835793 0.834959 0.836627 0.836025
1872 0.835791 0.834957 0.836624 0.836025
1874 0.835786 0.834953 0.83662 0.836025
1876 0.835791 0.834957 0.836625 0.836025
1878 0.835785 0.834952 0.836619 0.836025
1881 0.835788 0.834954 0.836622 0.836026
1883 0.835785 0.834952 0.836619 0.836026
1885 0.83579 0.834956 0.836624 0.836026
1887 0.835795 0.834962 0.836629 0.836026
1889 0.835799 0.834965 0.836633 0.836026
1892 0.835799 0.834965 0.836633 0.836027
1894 0.8358 0.834966 0.836634 0.836027
1896 0.835801 0.834967 0.836635 0.836027
1898 0.835802 0.834969 0.836636 0.836027
1900 0.835803 0.83497 0.836637 0.836027
1903 0.835805 0.834972 0.836639 0.836028
1905 0.835808 0.834975 0.836641 0.836028
1907 0.835809 0.834975 0.836643 0.836028
1909 0.835804 0.83497 0.836638 0.836028
1911 0.835808 0.834974 0.836642 0.836028
1914 0.835807 0.834973 0.836641 0.836029
1916 0.835805 0.834971 0.836638 0.836029
1918 0.835801 0.834967 0.836635 0.836029
1920 0.835805 0.834971 0.836639 0.836029
1922 0.835804 0.83497 0.836638 0.836029
1925 0.83581 0.834976 0.836644 0.83603
1927 0.835809 0.834975 0.836643 0.83603
1929 0.835808 0.834974 0.836642 0.83603
1931 0.835807 0.834973 0.836641 0.83603
1933 0.835804 0.83497 0.836638 0.83603
1936 0.835799 0.834965 0.836633 0.836031
1938 0.835795 0.834961 0.836629 0.836031
1940 0.835793 0.834959 0.836627 0.836031
1942 0.835793 0.834959 0.836627 0.836031
1944 0.835796 0.834962 0.83663 0.836031
1947 0.835803 0.834968 0.836637 0.836031
1949 0.835795 0.834961 0.836629 0.836032
1951 0.835798 0.834964 0.836632 0.836032
1953 0.835794 0.83496 0.836628 0.836032
1955 0.835798 0.834964 0.836632 0.836032
1958 0.835793 0.834959 0.836628 0.836032
1960 0.83579 0.834955 0.836624 0.836033
1962 0.835791 0.834957 0.836625 0.836033
1964 0.835793 0.834959 0.836627 0.836033
1966 0.835793 0.834959 0.836627 0.836033
1969 0.835798 0.834964 0.836633 0.836033
1971 0.835801 0.834967 0.836636 0.836034
1973 0.835804 0.83497 0.836639 0.836034
1975 0.835805 0.834971 0.836639 0.836034
1977 0.835805 0.83497 0.836639 0.836034
1980 0.835803 0.834969 0.836638 0.836034
1982 0.835811 0.834976 0.836645 0.836034
1984 0.835812 0.834977 0.836647 0.836035
1986 0.835809 0.834974 0.836643 0.836035
1988 0.835809 0.834974 0.836643 0.836035
1991 0.83581 0.834975 0.836644 0.836035
1993 0.835812 0.834977 0.836647 0.836035
1995 0.835815 0.83498 0.83665 0.836036
1997 0.835822 0.834988 0.836657 0.836036
1999 0.835824 0.834989 0.836659 0.836036
2002 0.835822 0.834987 0.836657 0.836036
2004 0.835825 0.83499 0.83666 0.836036
2006 0.835831 0.834996 0.836665 0.836036
2008 0.835829 0.834994 0.836664 0.836037
2010 0.835821 0.834986 0.836656 0.836037
2013 0.835815 0.83498 0.83665 0.836037
2015 0.835822 0.834987 0.836657 0.836037
2017 0.83582 0.834985 0.836655 0.836037
2019 0.835819 0.834984 0.836654 0.836037
2021 0.835821 0.834986 0.836656 0.836038
2024 0.835825 0.834991 0.83666 0.836038
2026 0.835835 0.835 0.836669 0.836038
2028 0.835837 0.835002 0.836672 0.836038
2030 0.835838 0.835003 0.836673 0.836038
2032 0.835837 0.835002 0.836672 0.836039
2035 0.835836 0.835001 0.83667 0.836039
2037 0.835836 0.835001 0.836671 0.836039
2039 0.835835 0.835 0.83667 0.836039
2041 0.835829 0.834993 0.836664 0.836039
2043 0.835831 0.834996 0.836666 0.836039
2046 0.835826 0.834991 0.836661 0.83604
2048 0.835829 0.834993 0.836664 0.83604
2050 0.835829 0.834993 0.836664 0.83604
2052 0.835829 0.834994 0.836665 0.83604
2054 0.835825 0.834989 0.83666 0.83604
2057 0.835825 0.834989 0.83666 0.83604
2059 0.835827 0.834992 0.836663 0.836041
2061 0.835833 0.834997 0.836668 0.836041
2063 0.83583 0.834995 0.836666 0.836041
2065 0.835831 0.834996 0.836667 0.836041
2068 0.835835 0.834999 0.83667 0.836041
2070 0.835829 0.834993 0.836665 0.836041
2072 0.835835 0.834999 0.836671 0.836042
2074 0.835837 0.835001 0.836673 0.836042
2076 0.835833 0.834997 0.836669 0.836042
2079 0.835836 0.835 0.836672 0.836042
2081 0.835833 0.834997 0.836669 0.836042
2083 0.83583 0.834994 0.836666 0.836042
2085 0.835827 0.834991 0.836663 0.836043
2087 0.835824 0.834988 0.83666 0.836043
2090 0.835816 0.83498 0.836652 0.836043
2092 0.835817 0.834981 0.836653 0.836043
2094 0.835819 0.834983 0.836656 0.836043
2096 0.835818 0.834981 0.836654 0.836043
2098 0.83582 0.834983 0.836656 0.836044
2101 0.83582 0.834983 0.836657 0.836044
2103 0.835821 0.834984 0.836657 0.836044
2105 0.83582 0.834983 0.836656 0.836044
2107 0.835822 0.834985 0.836659 0.836044
2109 0.835825 0.834988 0.836662 0.836044
2112 0.835826 0.83499 0.836663 0.836045
2114 0.835828 0.834992 0.836665 0.836045
2116 0.835827 0.83499 0.836664 0.836045
2118 0.83583 0.834994 0.836667 0.836045
2120 0.835829 0.834993 0.836666 0.836045
2123 0.835824 0.834987 0.836661 0.836045
2125 0.835819 0.834982 0.836656 0.836046
2127 0.835817 0.83498 0.836653 0.836046
2129 0.835823 0.834986 0.83666 0.836046
2131 0.835826 0.834989 0.836662 0.836046
2134 0.835828 0.834991 0.836665 0.836046
2136 0.835833 0.834997 0.83667 0.836046
2138 0.835836 0.835 0.836673 0.836047
2140 0.835839 0.835002 0.836676 0.836047
2142 0.835837 0.835 0.836674 0.836047
2145 0.835835 0.834998 0.836671 0.836047
2147 0.835833 0.834996 0.83667 0.836047
2149 0.83583 0.834993 0.836667 0.836047
2151 0.835831 0.834994 0.836668 0.836047
2153 0.835831 0.834994 0.836668 0.836048
2156 0.835835 0.834998 0.836672 0.836048
2158 0.835836 0.834999 0.836673 0.836048
2160 0.835834 0.834997 0.836671 0.836048
2162 0.835839 0.835002 0.836676 0.836048
2164 0.835846 0.835009 0.836684 0.836048
2167 0.835842 0.835005 0.83668 0.836049
2169 0.835847 0.83501 0.836684 0.836049
2171 0.835851 0.835013 0.836688 0.836049
2173 0.835851 0.835014 0.836688 0.836049
2175 0.835857 0.83502 0.836694 0.836049
2178 0.83586 0.835023 0.836698 0.836049
2180 0.835863 0.835025 0.8367 0.836049
2182 0.835865 0.835028 0.836703 0.83605
2184 0.83586 0.835023 0.836698 0.83605
2186 0.835861 0.835023 0.836698 0.83605
2189 0.835863 0.835026 0.8367 0.83605
2191 0.835866 0.835029 0.836704 0.83605
2193 0.835866 0.835029 0.836704 0.83605
2195 0.835862 0.835024 0.836699 0.836051
2197 0.835858 0.83502 0.836696 0.836051
2200 0.835852 0.835014 0.836689 0.836051
2202 0.835853 0.835016 0.836691 0.836051
2204 0.835851 0.835013 0.836688 0.836051
2206 0.835856 0.835018 0.836694 0.836051
2208 0.835857 0.835019 0.836694 0.836051
2211 0.835854 0.835016 0.836691 0.836052
2213 0.835857 0.83502 0.836695 0.836052
2215 0.835861 0.835024 0.836699 0.836052
2217 0.835863 0.835026 0.836701 0.836052
2219 0.835865 0.835027 0.836702 0.836052
2222 0.835859 0.835021 0.836696 0.836052
2224 0.835862 0.835025 0.8367 0.836052
2226 0.835863 0.835025 0.8367 0.836053
2228 0.835857 0.83502 0.836695 0.836053
2230 0.835855 0.835018 0.836693 0.836053
2233 0.835851 0.835013 0.836688 0.836053
2235 0.835854 0.835016 0.836691 0.836053
2237 0.835851 0.835013 0.836688 0.836053
2239 0.835849 0.835012 0.836687 0.836053
2241 0.835855 0.835017 0.836692 0.836054
2244 0.83586 0.835023 0.836698 0.836054
2246 0.83586 0.835023 0.836698 0.836054
2248 0.835859 0.835022 0.836697 0.836054
2250 0.835858 0.83502 0.836695 0.836054
2252 0.835859 0.835022 0.836697 0.836054
2255 0.835865 0.835027 0.836703 0.836054
2257 0.835868 0.83503 0.836706 0.836055
2259 0.835865 0.835027 0.836703 0.836055
2261 0.835869 0.835031 0.836707 0.836055
2263 0.835865 0.835028 0.836703 0.836055
2266 0.835861 0.835024 0.836699 0.836055
2268 0.835865 0.835028 0.836703 0.836055
2270 0.835869 0.835031 0.836706 0.836055
2272 0.835868 0.83503 0.836705 0.836056
2274 0.835862 0.835024 0.836699 0.836056
2277 0.835865 0.835027 0.836702 0.836056
2279 0.835862 0.835024 0.836699 0.836056
2281 0.835859 0.835022 0.836697 0.836056
2283 0.835858 0.83502 0.836695 0.836056
2285 0.835859 0.835022 0.836697 0.836056
2288 0.83586 0.835023 0.836698 0.836057
2290 0.835859 0.835021 0.836696 0.836057
2292 0.835861 0.835023 0.836698 0.836057
2294 0.835855 0.835018 0.836693 0.836057
2296 0.835855 0.835018 0.836693 0.836057
2299 0.835853 0.835015 0.836691 0.836057
2301 0.835854 0.835016 0.836691 0.836057
2303 0.835852 0.835015 0.83669 0.836058
2305 0.835849 0.835012 0.836687 0.836058
2307 0.835846 0.835008 0.836683 0.836058
