//total_population estimated_relatedness lower_bound upper_bound relatedness
60 0.717514 nan nan 0.717514
61 0.717607 0.717446 0.717767 0.717668
62 0.717868 0.717645 0.718091 0.717818
63 0.718157 0.717884 0.718429 0.717962
64 0.718166 0.717852 0.71848 0.718102
66 0.718539 0.718164 0.718913 0.718369
67 0.718752 0.718351 0.719153 0.718496
68 0.718822 0.718395 0.719249 0.71862
69 0.719013 0.718566 0.71946 0.71874
70 0.719202 0.718733 0.719671 0.718856
72 0.719362 0.718854 0.71987 0.71908
73 0.719449 0.718926 0.719972 0.719186
74 0.719463 0.718924 0.720003 0.71929
75 0.719502 0.718948 0.720055 0.719392
76 0.719573 0.719005 0.720142 0.71949
78 0.719793 0.719196 0.720389 0.719679
79 0.719912 0.719304 0.72052 0.71977
80 0.719973 0.719355 0.720592 0.719859
81 0.720007 0.719377 0.720637 0.719945
82 0.720226 0.719584 0.720867 0.72003
84 0.720534 0.719873 0.721196 0.720192
85 0.720588 0.719917 0.721259 0.720271
86 0.720731 0.720052 0.72141 0.720347
87 0.720736 0.720048 0.721424 0.720422
88 0.72086 0.720165 0.721554 0.720495
90 0.721025 0.720313 0.721737 0.720636
91 0.721149 0.720427 0.721872 0.720704
92 0.721136 0.720406 0.721865 0.720771
93 0.721148 0.720412 0.721885 0.720836
94 0.721327 0.720583 0.72207 0.7209
96 0.721332 0.720573 0.722091 0.721024
97 0.721382 0.720617 0.722147 0.721084
98 0.721468 0.720695 0.72224 0.721142
99 0.721574 0.720795 0.722353 0.7212
100 0.721604 0.720819 0.72239 0.721256
102 0.721679 0.720884 0.722474 0.721366
103 0.721696 0.720895 0.722496 0.721419
104 0.721696 0.720891 0.7225 0.721471
105 0.721723 0.720912 0.722534 0.721522
106 0.721814 0.720997 0.722631 0.721572
108 0.721921 0.721094 0.722748 0.721669
109 0.721925 0.721095 0.722756 0.721716
110 0.721976 0.721141 0.722811 0.721763
111 0.721972 0.721133 0.722811 0.721808
112 0.722002 0.721158 0.722846 0.721853
114 0.722075 0.721223 0.722926 0.72194
115 0.722122 0.721267 0.722977 0.721983
116 0.722244 0.721386 0.723102 0.722024
117 0.72232 0.721457 0.723183 0.722065
118 0.722433 0.721566 0.723301 0.722105
120 0.72263 0.721755 0.723504 0.722184
121 0.722721 0.721843 0.7236 0.722222
122 0.722747 0.721864 0.723629 0.72226
123 0.722791 0.721906 0.723676 0.722297
124 0.722783 0.721895 0.723671 0.722333
126 0.72293 0.722037 0.723824 0.722404
127 0.722997 0.7221 0.723893 0.722439
128 0.722972 0.722073 0.723871 0.722473
129 0.723043 0.722142 0.723945 0.722507
130 0.723124 0.722219 0.724028 0.72254
132 0.723234 0.722323 0.724145 0.722605
133 0.723305 0.722391 0.724218 0.722636
134 0.723297 0.722381 0.724212 0.722667
135 0.723394 0.722476 0.724311 0.722698
136 0.723397 0.722477 0.724317 0.722728
138 0.723485 0.72256 0.72441 0.722787
139 0.723506 0.722578 0.724434 0.722816
140 0.723581 0.722649 0.724513 0.722845
141 0.723628 0.722694 0.724562 0.722873
142 0.723702 0.722765 0.724638 0.7229
144 0.723752 0.722811 0.724693 0.722955
145 0.723797 0.722853 0.724741 0.722981
146 0.723861 0.722916 0.724806 0.723007
147 0.723833 0.722886 0.724779 0.723033
148 0.723922 0.722973 0.724872 0.723059
150 0.723982 0.723028 0.724935 0.723109
151 0.724003 0.723048 0.724958 0.723133
152 0.724031 0.723075 0.724988 0.723157
153 0.724094 0.723135 0.725053 0.723181
154 0.724109 0.723148 0.725071 0.723204
156 0.724204 0.723238 0.725169 0.72325
157 0.724249 0.723282 0.725217 0.723273
158 0.724318 0.723349 0.725287 0.723295
159 0.724394 0.723424 0.725364 0.723317
160 0.724409 0.723437 0.725382 0.723339
162 0.724463 0.723487 0.725439 0.723382
163 0.724523 0.723545 0.725501 0.723403
164 0.724529 0.723549 0.725509 0.723424
165 0.724561 0.723581 0.725542 0.723444
166 0.724589 0.723606 0.725571 0.723464
168 0.724621 0.723635 0.725607 0.723504
169 0.724655 0.723668 0.725641 0.723523
170 0.724712 0.723724 0.7257 0.723543
171 0.72471 0.723721 0.725699 0.723562
172 0.724691 0.7237 0.725682 0.72358
174 0.724762 0.723768 0.725755 0.723617
175 0.724793 0.723798 0.725787 0.723635
176 0.724788 0.723792 0.725784 0.723653
177 0.724794 0.723796 0.725792 0.723671
178 0.724816 0.723817 0.725815 0.723689
180 0.724849 0.723847 0.725851 0.723723
181 0.724844 0.723842 0.725846 0.72374
182 0.724856 0.723854 0.725859 0.723757
183 0.724862 0.723858 0.725866 0.723773
184 0.724835 0.723829 0.725841 0.72379
186 0.724901 0.723893 0.72591 0.723822
187 0.724913 0.723904 0.725922 0.723838
188 0.724931 0.72392 0.725942 0.723854
189 0.724986 0.723974 0.725998 0.723869
190 0.725036 0.724023 0.72605 0.723885
192 0.72504 0.724025 0.726055 0.723915
193 0.725091 0.724076 0.726107 0.72393
194 0.725084 0.724067 0.726101 0.723945
195 0.725083 0.724065 0.726102 0.723959
196 0.72513 0.72411 0.72615 0.723974
198 0.725154 0.724132 0.726176 0.724002
199 0.725204 0.724181 0.726228 0.724016
200 0.725182 0.724158 0.726206 0.72403
201 0.72519 0.724164 0.726216 0.724044
202 0.725227 0.724199 0.726254 0.724057
204 0.725288 0.724258 0.726318 0.724084
205 0.725311 0.724281 0.726342 0.724097
206 0.72535 0.724319 0.726381 0.72411
207 0.725373 0.724342 0.726405 0.724123
208 0.725347 0.724314 0.72638 0.724136
210 0.725368 0.724334 0.726402 0.724161
211 0.725378 0.724343 0.726412 0.724174
212 0.725393 0.724358 0.726428 0.724186
213 0.725403 0.724368 0.726439 0.724198
214 0.725417 0.724381 0.726454 0.72421
216 0.725452 0.724414 0.726491 0.724234
217 0.725439 0.724399 0.726479 0.724246
218 0.725474 0.724433 0.726515 0.724258
219 0.725499 0.724457 0.726541 0.724269
220 0.725549 0.724506 0.726592 0.724281
222 0.72558 0.724535 0.726625 0.724303
223 0.725596 0.72455 0.726642 0.724314
224 0.725594 0.724547 0.72664 0.724326
225 0.725606 0.724558 0.726653 0.724336
226 0.725611 0.724562 0.726659 0.724347
228 0.725637 0.724588 0.726687 0.724369
229 0.725639 0.724589 0.72669 0.724379
230 0.725695 0.724643 0.726746 0.72439
231 0.725728 0.724675 0.72678 0.7244
232 0.725768 0.724715 0.726821 0.72441
234 0.725793 0.724738 0.726847 0.724431
235 0.725758 0.724703 0.726812 0.724441
236 0.725766 0.72471 0.726822 0.724451
237 0.725782 0.724726 0.726838 0.72446
238 0.725779 0.724722 0.726837 0.72447
240 0.725736 0.724677 0.726794 0.72449
241 0.725749 0.724691 0.726808 0.724499
242 0.725805 0.724746 0.726865 0.724509
243 0.725797 0.724737 0.726856 0.724518
244 0.725799 0.724739 0.726859 0.724527
246 0.725802 0.72474 0.726864 0.724546
247 0.725808 0.724746 0.726871 0.724555
248 0.725814 0.72475 0.726877 0.724564
249 0.725848 0.724783 0.726912 0.724573
250 0.725841 0.724776 0.726906 0.724581
252 0.725859 0.724793 0.726925 0.724599
253 0.725879 0.724813 0.726945 0.724608
254 0.725903 0.724837 0.72697 0.724616
255 0.725922 0.724855 0.72699 0.724625
256 0.72592 0.724851 0.726988 0.724633
258 0.725935 0.724866 0.727004 0.72465
259 0.725935 0.724865 0.727006 0.724658
260 0.725946 0.724875 0.727017 0.724666
261 0.725954 0.724883 0.727025 0.724674
262 0.725969 0.724897 0.72704 0.724682
264 0.726001 0.724929 0.727074 0.724698
265 0.726018 0.724944 0.727092 0.724706
266 0.726012 0.724938 0.727086 0.724714
267 0.72603 0.724954 0.727105 0.724722
268 0.726028 0.724952 0.727104 0.724729
270 0.726063 0.724986 0.72714 0.724745
271 0.726071 0.724994 0.727148 0.724752
272 0.72609 0.725013 0.727166 0.72476
273 0.72607 0.724993 0.727148 0.724767
274 0.726074 0.724997 0.727152 0.724774
276 0.726089 0.72501 0.727168 0.724789
277 0.726111 0.725032 0.72719 0.724796
278 0.726116 0.725037 0.727196 0.724803
279 0.726121 0.725042 0.727201 0.72481
280 0.72614 0.72506 0.727219 0.724817
282 0.726138 0.725057 0.727219 0.724831
283 0.726151 0.725069 0.727233 0.724838
284 0.726155 0.725072 0.727237 0.724845
285 0.726162 0.72508 0.727245 0.724852
286 0.726175 0.725092 0.727257 0.724859
288 0.726208 0.725125 0.727291 0.724872
289 0.7262 0.725116 0.727284 0.724879
290 0.726217 0.725133 0.727302 0.724885
291 0.726209 0.725124 0.727294 0.724892
292 0.726214 0.725129 0.727299 0.724898
294 0.726224 0.725138 0.72731 0.724911
295 0.726228 0.725142 0.727314 0.724917
296 0.726233 0.725147 0.72732 0.724924
297 0.726229 0.725142 0.727316 0.72493
298 0.726206 0.725119 0.727294 0.724936
300 0.726244 0.725156 0.727332 0.724948
301 0.726232 0.725143 0.727321 0.724954
302 0.726252 0.725163 0.727341 0.724961
303 0.726224 0.725134 0.727313 0.724967
304 0.726268 0.725178 0.727359 0.724972
306 0.726295 0.725204 0.727386 0.724984
307 0.726296 0.725204 0.727387 0.72499
308 0.726325 0.725233 0.727417 0.724996
309 0.726335 0.725242 0.727427 0.725002
310 0.72635 0.725258 0.727442 0.725008
312 0.72639 0.725298 0.727483 0.725019
313 0.726393 0.7253 0.727486 0.725025
314 0.726376 0.725283 0.727469 0.72503
315 0.726378 0.725285 0.727472 0.725036
316 0.726393 0.7253 0.727486 0.725041
318 0.726408 0.725314 0.727503 0.725052
319 0.726411 0.725315 0.727506 0.725058
320 0.726373 0.725277 0.727469 0.725063
321 0.726369 0.725272 0.727466 0.725068
322 0.726381 0.725283 0.727478 0.725074
324 0.726363 0.725265 0.727461 0.725084
325 0.726382 0.725284 0.727481 0.725089
326 0.726399 0.7253 0.727497 0.725095
327 0.726384 0.725285 0.727483 0.7251
328 0.726406 0.725307 0.727505 0.725105
330 0.726404 0.725304 0.727504 0.725115
331 0.726419 0.725318 0.72752 0.72512
332 0.726461 0.72536 0.727563 0.725125
333 0.726472 0.72537 0.727573 0.72513
334 0.726472 0.72537 0.727575 0.725135
336 0.726483 0.72538 0.727585 0.725145
337 0.726478 0.725375 0.727581 0.72515
338 0.726494 0.725391 0.727597 0.725154
339 0.726496 0.725393 0.727599 0.725159
340 0.726497 0.725392 0.727601 0.725164
342 0.726529 0.725424 0.727634 0.725173
343 0.726561 0.725455 0.727666 0.725178
344 0.726562 0.725456 0.727668 0.725183
345 0.726554 0.725447 0.72766 0.725187
346 0.726564 0.725457 0.727672 0.725192
348 0.726599 0.725492 0.727707 0.725201
349 0.72659 0.725482 0.727698 0.725206
350 0.726597 0.725489 0.727705 0.72521
351 0.726594 0.725485 0.727702 0.725215
352 0.726602 0.725493 0.727711 0.725219
354 0.726597 0.725487 0.727707 0.725228
355 0.726606 0.725495 0.727717 0.725232
356 0.72662 0.725509 0.727731 0.725237
357 0.726635 0.725524 0.727747 0.725241
358 0.726626 0.725515 0.727738 0.725245
360 0.726614 0.725501 0.727727 0.725254
361 0.726608 0.725495 0.727721 0.725258
362 0.726597 0.725484 0.727711 0.725262
363 0.726614 0.7255 0.727728 0.725266
364 0.72661 0.725496 0.727724 0.725271
366 0.726643 0.725528 0.727758 0.725279
367 0.726623 0.725508 0.727739 0.725283
368 0.726619 0.725504 0.727734 0.725287
369 0.726609 0.725494 0.727725 0.725291
370 0.726603 0.725487 0.727719 0.725295
372 0.726616 0.725499 0.727733 0.725303
373 0.726597 0.72548 0.727715 0.725307
374 0.7266 0.725482 0.727718 0.725311
375 0.726596 0.725479 0.727714 0.725315
376 0.726616 0.725498 0.727733 0.725319
378 0.726625 0.725507 0.727743 0.725326
379 0.726606 0.725487 0.727725 0.72533
380 0.726614 0.725495 0.727733 0.725334
381 0.726617 0.725497 0.727736 0.725338
382 0.72662 0.7255 0.72774 0.725342
384 0.726596 0.725475 0.727716 0.725349
385 0.7266 0.72548 0.727721 0.725353
386 0.726616 0.725495 0.727737 0.725357
387 0.726606 0.725484 0.727727 0.72536
388 0.72663 0.725508 0.727752 0.725364
390 0.72663 0.725508 0.727752 0.725371
391 0.726635 0.725513 0.727758 0.725375
392 0.726632 0.725509 0.727754 0.725378
393 0.726641 0.725518 0.727764 0.725382
394 0.726638 0.725514 0.727762 0.725386
396 0.726641 0.725516 0.727766 0.725393
397 0.726657 0.725532 0.727783 0.725396
398 0.726647 0.725522 0.727773 0.7254
399 0.726633 0.725508 0.727759 0.725403
400 0.726634 0.725508 0.72776 0.725406
402 0.726633 0.725506 0.72776 0.725413
403 0.726642 0.725515 0.727769 0.725417
404 0.72662 0.725493 0.727748 0.72542
405 0.726636 0.725508 0.727763 0.725423
406 0.726653 0.725526 0.727781 0.725427
408 0.726661 0.725533 0.727789 0.725433
409 0.726674 0.725546 0.727802 0.725437
410 0.726686 0.725558 0.727814 0.72544
411 0.726709 0.725581 0.727838 0.725443
412 0.726706 0.725578 0.727835 0.725446
414 0.726723 0.725594 0.727852 0.725453
415 0.726713 0.725585 0.727842 0.725456
416 0.726708 0.725579 0.727837 0.725459
417 0.726705 0.725576 0.727835 0.725462
418 0.726727 0.725597 0.727856 0.725466
420 0.726752 0.725622 0.727881 0.725472
421 0.726755 0.725625 0.727885 0.725475
422 0.726757 0.725627 0.727887 0.725478
423 0.726766 0.725636 0.727896 0.725481
424 0.72679 0.72566 0.727921 0.725484
426 0.726776 0.725645 0.727907 0.72549
427 0.726758 0.725627 0.727889 0.725493
428 0.726765 0.725634 0.727896 0.725496
429 0.726776 0.725645 0.727907 0.725499
430 0.726793 0.725662 0.727923 0.725502
432 0.726792 0.725661 0.727924 0.725508
433 0.726801 0.725669 0.727933 0.725511
434 0.726793 0.725661 0.727925 0.725514
435 0.726794 0.725662 0.727927 0.725517
436 0.726802 0.72567 0.727934 0.72552
438 0.726816 0.725684 0.727948 0.725526
439 0.726818 0.725686 0.727951 0.725528
440 0.7268 0.725667 0.727933 0.725531
441 0.726797 0.725663 0.72793 0.725534
442 0.726802 0.725669 0.727935 0.725537
444 0.726784 0.725651 0.727918 0.725542
445 0.726785 0.725652 0.727919 0.725545
446 0.726796 0.725663 0.72793 0.725548
447 0.726797 0.725663 0.727931 0.725551
448 0.726813 0.725678 0.727947 0.725553
450 0.726809 0.725675 0.727944 0.725559
451 0.726806 0.725671 0.727941 0.725562
452 0.726809 0.725673 0.727944 0.725564
453 0.726817 0.725681 0.727952 0.725567
454 0.726829 0.725694 0.727965 0.72557
456 0.726855 0.72572 0.727991 0.725575
457 0.726854 0.725718 0.72799 0.725578
458 0.726831 0.725695 0.727967 0.72558
459 0.72683 0.725693 0.727966 0.725583
460 0.726834 0.725698 0.727971 0.725585
462 0.726824 0.725687 0.727961 0.725591
463 0.726813 0.725676 0.72795 0.725593
464 0.726811 0.725674 0.727949 0.725596
465 0.726811 0.725673 0.727949 0.725598
466 0.72682 0.725682 0.727958 0.725601
468 0.726828 0.72569 0.727966 0.725606
469 0.726851 0.725713 0.72799 0.725608
470 0.726835 0.725696 0.727974 0.725611
471 0.72682 0.725681 0.727959 0.725613
472 0.726819 0.72568 0.727958 0.725616
474 0.72683 0.725691 0.727969 0.725621
475 0.726823 0.725684 0.727963 0.725623
476 0.726806 0.725665 0.727946 0.725626
477 0.726802 0.725661 0.727942 0.725628
478 0.726805 0.725664 0.727945 0.72563
480 0.726834 0.725693 0.727975 0.725635
481 0.726839 0.725698 0.727981 0.725638
482 0.726854 0.725713 0.727995 0.72564
483 0.726849 0.725708 0.727991 0.725642
484 0.726861 0.725719 0.728002 0.725645
486 0.726864 0.725721 0.728006 0.725649
487 0.72686 0.725718 0.728003 0.725652
488 0.726848 0.725705 0.72799 0.725654
489 0.726826 0.725683 0.727969 0.725656
490 0.726834 0.725691 0.727977 0.725658
492 0.726832 0.725688 0.727975 0.725663
493 0.726832 0.725688 0.727977 0.725665
494 0.726813 0.725669 0.727957 0.725668
495 0.726815 0.72567 0.727959 0.72567
496 0.726824 0.725679 0.727968 0.725672
498 0.726867 0.725722 0.728012 0.725676
499 0.72687 0.725725 0.728015 0.725679
500 0.726878 0.725733 0.728023 0.725681
501 0.726881 0.725736 0.728026 0.725683
502 0.726878 0.725733 0.728024 0.725685
504 0.726873 0.725728 0.728019 0.72569
505 0.726859 0.725713 0.728005 0.725692
506 0.72685 0.725704 0.727996 0.725694
507 0.726856 0.72571 0.728002 0.725696
508 0.726864 0.725717 0.72801 0.725698
510 0.726892 0.725744 0.728039 0.725702
511 0.726892 0.725744 0.72804 0.725704
512 0.726899 0.725752 0.728047 0.725707
513 0.726909 0.72576 0.728057 0.725709
514 0.726918 0.725769 0.728066 0.725711
516 0.726932 0.725783 0.728081 0.725715
517 0.726937 0.725788 0.728086 0.725717
518 0.726923 0.725773 0.728073 0.725719
519 0.726921 0.725771 0.728071 0.725721
520 0.726919 0.725769 0.728069 0.725723
522 0.726907 0.725756 0.728057 0.725727
523 0.726898 0.725747 0.728048 0.725729
524 0.726903 0.725752 0.728054 0.725731
525 0.726909 0.725758 0.72806 0.725733
526 0.726919 0.725767 0.72807 0.725735
528 0.726906 0.725755 0.728058 0.725739
529 0.726915 0.725764 0.728067 0.725741
530 0.72691 0.725759 0.728061 0.725743
531 0.726905 0.725754 0.728056 0.725745
532 0.726905 0.725754 0.728056 0.725747
534 0.726924 0.725773 0.728075 0.725751
535 0.726936 0.725785 0.728088 0.725753
536 0.726936 0.725784 0.728087 0.725755
537 0.726947 0.725795 0.728099 0.725756
538 0.726951 0.725798 0.728103 0.725758
540 0.726952 0.725799 0.728104 0.725762
541 0.726952 0.725799 0.728104 0.725764
542 0.726954 0.725801 0.728107 0.725766
543 0.726957 0.725805 0.72811 0.725768
544 0.72696 0.725807 0.728113 0.72577
546 0.726948 0.725795 0.728102 0.725773
547 0.72694 0.725786 0.728093 0.725775
548 0.726944 0.72579 0.728097 0.725777
549 0.726932 0.725778 0.728085 0.725779
550 0.726931 0.725777 0.728085 0.725781
552 0.726938 0.725783 0.728092 0.725784
553 0.726943 0.725789 0.728098 0.725786
554 0.726942 0.725787 0.728097 0.725788
555 0.726937 0.725782 0.728092 0.72579
556 0.726943 0.725788 0.728098 0.725791
558 0.726934 0.72578 0.728089 0.725795
559 0.726925 0.725771 0.72808 0.725797
560 0.726925 0.72577 0.728079 0.725798
561 0.726931 0.725776 0.728086 0.7258
562 0.726919 0.725764 0.728074 0.725802
564 0.72692 0.725764 0.728075 0.725805
565 0.726905 0.72575 0.728061 0.725807
566 0.726894 0.725738 0.72805 0.725809
567 0.726897 0.725741 0.728053 0.725811
568 0.726891 0.725735 0.728047 0.725812
570 0.726887 0.725731 0.728044 0.725816
571 0.726883 0.725726 0.728039 0.725817
572 0.726901 0.725744 0.728058 0.725819
573 0.726904 0.725747 0.728061 0.725821
574 0.726919 0.725762 0.728076 0.725822
576 0.726908 0.72575 0.728065 0.725826
577 0.726906 0.725748 0.728063 0.725827
578 0.726895 0.725737 0.728053 0.725829
579 0.726891 0.725733 0.728049 0.725831
580 0.726901 0.725742 0.728059 0.725832
582 0.726888 0.725729 0.728046 0.725835
583 0.726896 0.725738 0.728055 0.725837
584 0.726892 0.725734 0.728051 0.725839
585 0.726893 0.725734 0.728051 0.72584
586 0.726896 0.725737 0.728055 0.725842
588 0.726929 0.72577 0.728088 0.725845
589 0.726934 0.725775 0.728093 0.725847
590 0.726932 0.725773 0.728091 0.725848
591 0.726941 0.725781 0.7281 0.72585
592 0.726948 0.725789 0.728108 0.725851
594 0.726954 0.725794 0.728114 0.725854
595 0.726951 0.725791 0.728111 0.725856
596 0.726951 0.72579 0.728111 0.725858
597 0.72695 0.725789 0.72811 0.725859
598 0.726954 0.725794 0.728114 0.725861
600 0.726947 0.725786 0.728107 0.725864
601 0.726959 0.725799 0.72812 0.725865
602 0.726969 0.725808 0.72813 0.725867
603 0.726977 0.725816 0.728138 0.725868
604 0.726973 0.725812 0.728133 0.72587
606 0.726952 0.725791 0.728114 0.725873
607 0.726969 0.725808 0.728131 0.725874
608 0.726963 0.725802 0.728125 0.725876
609 0.726962 0.7258 0.728123 0.725877
610 0.726967 0.725805 0.728128 0.725879
612 0.72697 0.725808 0.728132 0.725882
613 0.726981 0.725819 0.728143 0.725883
614 0.726983 0.725821 0.728145 0.725885
615 0.726983 0.725821 0.728145 0.725886
616 0.726983 0.72582 0.728145 0.725887
618 0.726996 0.725833 0.728159 0.72589
619 0.727002 0.725839 0.728164 0.725892
620 0.727001 0.725838 0.728165 0.725893
621 0.726995 0.725832 0.728159 0.725895
622 0.727001 0.725837 0.728164 0.725896
624 0.72698 0.725817 0.728143 0.725899
625 0.72698 0.725816 0.728143 0.7259
626 0.726974 0.72581 0.728137 0.725902
627 0.726978 0.725814 0.728142 0.725903
628 0.726977 0.725813 0.728141 0.725904
630 0.726991 0.725826 0.728155 0.725907
631 0.726995 0.725831 0.728159 0.725909
632 0.726997 0.725832 0.728162 0.72591
633 0.727005 0.72584 0.728169 0.725911
634 0.727003 0.725838 0.728168 0.725913
636 0.72701 0.725845 0.728176 0.725915
637 0.727021 0.725856 0.728186 0.725917
638 0.727015 0.72585 0.72818 0.725918
639 0.727029 0.725863 0.728194 0.725919
640 0.727036 0.72587 0.728201 0.725921
642 0.727029 0.725864 0.728195 0.725923
643 0.72703 0.725865 0.728196 0.725925
644 0.727035 0.72587 0.728201 0.725926
645 0.727043 0.725877 0.728209 0.725927
646 0.727038 0.725872 0.728204 0.725929
648 0.727045 0.725879 0.728212 0.725931
649 0.727044 0.725878 0.728211 0.725933
650 0.727049 0.725883 0.728216 0.725934
651 0.727044 0.725877 0.72821 0.725935
652 0.727057 0.725891 0.728224 0.725937
654 0.727074 0.725907 0.728241 0.725939
655 0.727077 0.72591 0.728244 0.72594
656 0.727092 0.725925 0.728259 0.725942
657 0.727092 0.725925 0.728259 0.725943
658 0.727085 0.725918 0.728253 0.725944
660 0.727072 0.725904 0.72824 0.725947
661 0.727066 0.725898 0.728234 0.725948
662 0.727072 0.725904 0.72824 0.725949
663 0.727059 0.725891 0.728227 0.725951
664 0.727047 0.725879 0.728215 0.725952
666 0.727041 0.725873 0.728209 0.725954
667 0.727045 0.725877 0.728213 0.725955
668 0.727053 0.725885 0.728222 0.725957
669 0.727059 0.725891 0.728227 0.725958
670 0.727068 0.7259 0.728236 0.725959
672 0.727069 0.725901 0.728238 0.725962
673 0.727073 0.725905 0.728242 0.725963
674 0.72707 0.725901 0.728238 0.725964
675 0.727059 0.72589 0.728227 0.725965
676 0.727063 0.725894 0.728231 0.725966
678 0.727042 0.725873 0.728211 0.725969
679 0.727041 0.725873 0.72821 0.72597
680 0.72705 0.725881 0.728218 0.725971
681 0.72704 0.725871 0.728208 0.725972
682 0.727035 0.725866 0.728204 0.725974
684 0.727038 0.725868 0.728207 0.725976
685 0.727055 0.725886 0.728224 0.725977
686 0.727064 0.725894 0.728233 0.725978
687 0.727065 0.725896 0.728235 0.725979
688 0.727068 0.725898 0.728237 0.725981
690 0.727066 0.725896 0.728235 0.725983
691 0.727065 0.725895 0.728234 0.725984
692 0.727075 0.725905 0.728245 0.725985
693 0.727068 0.725898 0.728237 0.725986
694 0.727079 0.72591 0.728249 0.725987
696 0.727086 0.725916 0.728256 0.72599
697 0.727081 0.725911 0.728251 0.725991
698 0.727072 0.725902 0.728242 0.725992
699 0.727065 0.725895 0.728234 0.725993
700 0.72707 0.7259 0.72824 0.725994
702 0.727052 0.725882 0.728222 0.725996
703 0.727036 0.725866 0.728206 0.725998
704 0.727032 0.725862 0.728202 0.725999
705 0.727032 0.725862 0.728202 0.726
706 0.727026 0.725856 0.728196 0.726001
708 0.727023 0.725852 0.728193 0.726003
709 0.72702 0.72585 0.72819 0.726004
710 0.727017 0.725846 0.728187 0.726005
711 0.727019 0.725848 0.72819 0.726006
712 0.727026 0.725855 0.728196 0.726007
714 0.727041 0.72587 0.728212 0.72601
715 0.727051 0.72588 0.728223 0.726011
716 0.727054 0.725883 0.728225 0.726012
717 0.727056 0.725885 0.728228 0.726013
718 0.727059 0.725888 0.728231 0.726014
720 0.727067 0.725896 0.728239 0.726016
721 0.727063 0.725891 0.728235 0.726017
722 0.727069 0.725897 0.728241 0.726018
723 0.727067 0.725895 0.728239 0.726019
724 0.727077 0.725905 0.728249 0.72602
726 0.727066 0.725894 0.728238 0.726022
727 0.727053 0.725881 0.728226 0.726023
728 0.727048 0.725876 0.728221 0.726024
729 0.727047 0.725874 0.72822 0.726025
730 0.727047 0.725874 0.72822 0.726026
732 0.72705 0.725877 0.728223 0.726028
733 0.727058 0.725885 0.728231 0.726029
734 0.727057 0.725884 0.72823 0.72603
735 0.72706 0.725887 0.728233 0.726031
736 0.727058 0.725885 0.728231 0.726032
738 0.727065 0.725891 0.728238 0.726035
739 0.727074 0.725901 0.728248 0.726036
740 0.727074 0.7259 0.728247 0.726037
741 0.727076 0.725902 0.728249 0.726038
742 0.727083 0.725909 0.728257 0.726039
744 0.727098 0.725924 0.728272 0.72604
745 0.727086 0.725912 0.72826 0.726041
746 0.727089 0.725915 0.728263 0.726042
747 0.727092 0.725918 0.728266 0.726043
748 0.7271 0.725926 0.728274 0.726044
750 0.727098 0.725924 0.728272 0.726046
751 0.727116 0.725942 0.72829 0.726047
752 0.727124 0.725949 0.728298 0.726048
753 0.727122 0.725948 0.728296 0.726049
754 0.727118 0.725944 0.728292 0.72605
756 0.727109 0.725935 0.728282 0.726052
757 0.727117 0.725943 0.728291 0.726053
758 0.727116 0.725942 0.72829 0.726054
759 0.727103 0.725929 0.728277 0.726055
760 0.727113 0.725939 0.728287 0.726056
762 0.727112 0.725938 0.728286 0.726058
763 0.727106 0.725932 0.72828 0.726059
764 0.727108 0.725934 0.728282 0.72606
765 0.727111 0.725937 0.728286 0.726061
766 0.727122 0.725948 0.728297 0.726062
768 0.727117 0.725942 0.728292 0.726064
769 0.727121 0.725947 0.728296 0.726064
770 0.727126 0.725951 0.7283 0.726065
771 0.727134 0.725959 0.728308 0.726066
772 0.727139 0.725964 0.728313 0.726067
774 0.727129 0.725954 0.728304 0.726069
775 0.727118 0.725943 0.728293 0.72607
776 0.727104 0.725929 0.72828 0.726071
777 0.727102 0.725926 0.728277 0.726072
778 0.727104 0.725928 0.728279 0.726073
780 0.7271 0.725924 0.728275 0.726074
781 0.727096 0.72592 0.728271 0.726075
782 0.727088 0.725912 0.728264 0.726076
783 0.727103 0.725927 0.728278 0.726077
784 0.727105 0.725929 0.728281 0.726078
786 0.727099 0.725924 0.728275 0.72608
787 0.727103 0.725928 0.728279 0.726081
788 0.727112 0.725936 0.728287 0.726082
789 0.727114 0.725938 0.72829 0.726082
790 0.727107 0.725931 0.728282 0.726083
792 0.727111 0.725935 0.728287 0.726085
793 0.727109 0.725933 0.728285 0.726086
794 0.727109 0.725933 0.728285 0.726087
795 0.727117 0.725941 0.728294 0.726088
796 0.727119 0.725943 0.728295 0.726089
798 0.727118 0.725942 0.728295 0.72609
799 0.727123 0.725946 0.728299 0.726091
800 0.727118 0.725941 0.728295 0.726092
801 0.727124 0.725947 0.7283 0.726093
802 0.727127 0.72595 0.728303 0.726094
804 0.72713 0.725953 0.728306 0.726095
805 0.727127 0.725951 0.728304 0.726096
806 0.727123 0.725946 0.728299 0.726097
807 0.727115 0.725938 0.728292 0.726098
808 0.727103 0.725927 0.72828 0.726099
810 0.72709 0.725913 0.728267 0.7261
811 0.727091 0.725914 0.728268 0.726101
812 0.727093 0.725916 0.72827 0.726102
813 0.727084 0.725906 0.728261 0.726103
814 0.72709 0.725913 0.728268 0.726104
816 0.727085 0.725907 0.728262 0.726105
817 0.727089 0.725912 0.728267 0.726106
818 0.727087 0.72591 0.728264 0.726107
819 0.727083 0.725905 0.728261 0.726108
820 0.727097 0.725919 0.728275 0.726109
822 0.727098 0.72592 0.728276 0.72611
823 0.727096 0.725918 0.728274 0.726111
824 0.727091 0.725913 0.728269 0.726112
825 0.727083 0.725904 0.728262 0.726113
826 0.727072 0.725893 0.72825 0.726114
828 0.727078 0.725899 0.728256 0.726115
829 0.727091 0.725913 0.72827 0.726116
830 0.727095 0.725917 0.728274 0.726117
831 0.727106 0.725928 0.728285 0.726118
832 0.727105 0.725927 0.728284 0.726118
834 0.727111 0.725933 0.72829 0.72612
835 0.727115 0.725936 0.728294 0.726121
836 0.727123 0.725944 0.728302 0.726122
837 0.727128 0.725949 0.728307 0.726122
838 0.727123 0.725944 0.728302 0.726123
840 0.727118 0.725939 0.728297 0.726125
841 0.727115 0.725936 0.728294 0.726125
842 0.72711 0.725932 0.728289 0.726126
843 0.727114 0.725935 0.728293 0.726127
844 0.727112 0.725933 0.728291 0.726128
846 0.72712 0.72594 0.728299 0.726129
847 0.727124 0.725945 0.728303 0.72613
848 0.727121 0.725942 0.728301 0.726131
849 0.727117 0.725938 0.728297 0.726132
850 0.727119 0.72594 0.728299 0.726132
852 0.727121 0.725941 0.7283 0.726134
853 0.727118 0.725939 0.728297 0.726135
854 0.727116 0.725936 0.728295 0.726135
855 0.727111 0.725931 0.728291 0.726136
856 0.727117 0.725937 0.728297 0.726137
858 0.727108 0.725928 0.728288 0.726138
859 0.727112 0.725933 0.728292 0.726139
860 0.727113 0.725933 0.728293 0.72614
861 0.727114 0.725934 0.728293 0.726141
862 0.727111 0.725931 0.728291 0.726141
864 0.727116 0.725937 0.728296 0.726143
865 0.727114 0.725934 0.728293 0.726143
866 0.7271 0.72592 0.72828 0.726144
867 0.727098 0.725918 0.728277 0.726145
868 0.727093 0.725913 0.728273 0.726146
870 0.727098 0.725918 0.728278 0.726147
871 0.727093 0.725913 0.728273 0.726148
872 0.727095 0.725915 0.728276 0.726149
873 0.727094 0.725913 0.728274 0.726149
874 0.727097 0.725916 0.728277 0.72615
876 0.727081 0.725901 0.728261 0.726151
877 0.727089 0.725909 0.72827 0.726152
878 0.727094 0.725914 0.728274 0.726153
879 0.727102 0.725922 0.728282 0.726154
880 0.727096 0.725916 0.728276 0.726154
882 0.727088 0.725907 0.728268 0.726156
883 0.727084 0.725904 0.728264 0.726156
884 0.727092 0.725912 0.728272 0.726157
885 0.727097 0.725916 0.728277 0.726158
886 0.727097 0.725917 0.728277 0.726159
888 0.727098 0.725917 0.728279 0.72616
889 0.727105 0.725925 0.728286 0.726161
890 0.727105 0.725924 0.728286 0.726161
891 0.727115 0.725934 0.728296 0.726162
892 0.727121 0.72594 0.728302 0.726163
894 0.72712 0.725939 0.728301 0.726164
895 0.727108 0.725927 0.728289 0.726165
896 0.727108 0.725927 0.72829 0.726165
897 0.727104 0.725923 0.728286 0.726166
898 0.727113 0.725931 0.728294 0.726167
900 0.727117 0.725936 0.728298 0.726168
901 0.727118 0.725936 0.728299 0.726169
902 0.727118 0.725936 0.728299 0.726169
903 0.727114 0.725933 0.728296 0.72617
904 0.72711 0.725928 0.728292 0.726171
906 0.727113 0.725931 0.728296 0.726172
907 0.727102 0.72592 0.728284 0.726173
908 0.727103 0.72592 0.728285 0.726173
909 0.727111 0.725928 0.728293 0.726174
910 0.727102 0.72592 0.728284 0.726175
912 0.727109 0.725927 0.728291 0.726176
913 0.727116 0.725933 0.728298 0.726177
914 0.727119 0.725936 0.728301 0.726177
915 0.727121 0.725939 0.728304 0.726178
916 0.727122 0.72594 0.728305 0.726179
918 0.727131 0.725949 0.728314 0.72618
919 0.727126 0.725943 0.728308 0.726181
920 0.727123 0.725941 0.728306 0.726181
921 0.727122 0.725939 0.728304 0.726182
922 0.727129 0.725946 0.728312 0.726183
924 0.727138 0.725955 0.728321 0.726184
925 0.727134 0.725951 0.728317 0.726185
926 0.727127 0.725944 0.728311 0.726185
927 0.727127 0.725944 0.72831 0.726186
928 0.72713 0.725946 0.728313 0.726186
930 0.727128 0.725944 0.728311 0.726188
931 0.727124 0.72594 0.728307 0.726188
932 0.727118 0.725934 0.728301 0.726189
933 0.727114 0.725931 0.728298 0.72619
934 0.727118 0.725934 0.728301 0.72619
936 0.727129 0.725945 0.728312 0.726192
937 0.727122 0.725938 0.728306 0.726192
938 0.727122 0.725938 0.728306 0.726193
939 0.727122 0.725938 0.728306 0.726193
940 0.727117 0.725933 0.728301 0.726194
942 0.727124 0.72594 0.728309 0.726195
943 0.727128 0.725944 0.728313 0.726196
944 0.727126 0.725941 0.72831 0.726196
945 0.727122 0.725937 0.728306 0.726197
946 0.727113 0.725929 0.728298 0.726198
948 0.727111 0.725926 0.728296 0.726199
949 0.727112 0.725927 0.728297 0.7262
950 0.727117 0.725933 0.728302 0.7262
951 0.727118 0.725933 0.728303 0.726201
952 0.727117 0.725932 0.728302 0.726201
954 0.727128 0.725943 0.728313 0.726203
955 0.727129 0.725944 0.728314 0.726203
956 0.727123 0.725938 0.728308 0.726204
957 0.727118 0.725933 0.728303 0.726204
958 0.727121 0.725936 0.728306 0.726205
960 0.727121 0.725936 0.728306 0.726206
961 0.727124 0.725939 0.728309 0.726207
962 0.727128 0.725943 0.728312 0.726207
963 0.727127 0.725943 0.728312 0.726208
964 0.727129 0.725944 0.728314 0.726209
966 0.727126 0.725941 0.728311 0.72621
967 0.727128 0.725943 0.728313 0.72621
968 0.727123 0.725938 0.728308 0.726211
969 0.727125 0.725941 0.72831 0.726211
970 0.727123 0.725939 0.728308 0.726212
972 0.727109 0.725924 0.728294 0.726213
973 0.727115 0.72593 0.7283 0.726214
974 0.727109 0.725924 0.728293 0.726214
975 0.727106 0.725921 0.728291 0.726215
976 0.727104 0.725919 0.728289 0.726215
978 0.727104 0.725919 0.728289 0.726217
979 0.727103 0.725918 0.728288 0.726217
980 0.727108 0.725923 0.728293 0.726218
981 0.727108 0.725923 0.728293 0.726218
982 0.727109 0.725923 0.728294 0.726219
984 0.727114 0.725929 0.728299 0.72622
985 0.727111 0.725926 0.728297 0.726221
986 0.727116 0.72593 0.728301 0.726221
987 0.727118 0.725932 0.728303 0.726222
988 0.727118 0.725932 0.728303 0.726222
990 0.727117 0.725931 0.728302 0.726223
991 0.727113 0.725928 0.728299 0.726224
992 0.727116 0.72593 0.728301 0.726225
993 0.727118 0.725933 0.728304 0.726225
994 0.727122 0.725937 0.728308 0.726226
996 0.727118 0.725932 0.728304 0.726227
997 0.727124 0.725938 0.72831 0.726227
998 0.727131 0.725945 0.728317 0.726228
999 0.727133 0.725947 0.728319 0.726228
1000 0.727135 0.725949 0.728321 0.726229
1002 0.72714 0.725954 0.728326 0.72623
1003 0.727132 0.725946 0.728318 0.726231
1004 0.72713 0.725944 0.728316 0.726231
1005 0.72713 0.725944 0.728316 0.726232
1006 0.727135 0.725949 0.728321 0.726232
1008 0.727147 0.72596 0.728333 0.726233
1009 0.727139 0.725953 0.728325 0.726234
1010 0.727138 0.725952 0.728324 0.726234
1011 0.727136 0.72595 0.728322 0.726235
1012 0.727142 0.725956 0.728329 0.726235
1014 0.727149 0.725962 0.728335 0.726237
1015 0.727143 0.725957 0.728329 0.726237
1016 0.727138 0.725952 0.728325 0.726238
1017 0.727136 0.72595 0.728322 0.726238
1018 0.72714 0.725954 0.728326 0.726239
1020 0.727135 0.725949 0.728321 0.72624
1021 0.727141 0.725955 0.728327 0.72624
1022 0.727143 0.725957 0.72833 0.726241
1023 0.727141 0.725955 0.728328 0.726241
1024 0.727142 0.725956 0.728329 0.726242
1026 0.72713 0.725943 0.728317 0.726243
1027 0.727131 0.725944 0.728318 0.726243
1028 0.727131 0.725944 0.728317 0.726244
1029 0.727125 0.725939 0.728312 0.726244
1030 0.72713 0.725943 0.728317 0.726245
1032 0.727129 0.725942 0.728316 0.726246
1033 0.727137 0.72595 0.728324 0.726246
1034 0.727132 0.725945 0.728319 0.726247
1035 0.727137 0.72595 0.728324 0.726247
1036 0.727143 0.725955 0.72833 0.726248
1038 0.727135 0.725948 0.728323 0.726249
1039 0.727135 0.725947 0.728322 0.72625
1040 0.727126 0.725938 0.728313 0.72625
1041 0.727127 0.725939 0.728314 0.726251
1042 0.72713 0.725943 0.728318 0.726251
1044 0.727139 0.725951 0.728326 0.726252
1045 0.727139 0.725951 0.728326 0.726253
1046 0.727136 0.725948 0.728323 0.726253
1047 0.727141 0.725953 0.728328 0.726254
1048 0.727141 0.725953 0.728328 0.726254
1050 0.727144 0.725956 0.728332 0.726255
1051 0.727151 0.725963 0.728339 0.726256
1052 0.727151 0.725963 0.728338 0.726256
1053 0.727153 0.725966 0.728341 0.726257
1054 0.727156 0.725968 0.728344 0.726257
1056 0.727164 0.725977 0.728352 0.726258
1057 0.727166 0.725978 0.728354 0.726258
1058 0.727164 0.725976 0.728352 0.726259
1059 0.727169 0.725981 0.728357 0.726259
1060 0.727173 0.725985 0.728361 0.72626
1062 0.727178 0.72599 0.728366 0.726261
1063 0.72718 0.725992 0.728368 0.726261
1064 0.727181 0.725993 0.72837 0.726262
1065 0.727191 0.726002 0.728379 0.726262
1066 0.727188 0.725999 0.728376 0.726263
1068 0.72719 0.726002 0.728378 0.726264
1069 0.727191 0.726003 0.72838 0.726264
1070 0.727186 0.725998 0.728375 0.726265
1071 0.727175 0.725986 0.728363 0.726265
1072 0.72718 0.725992 0.728369 0.726266
1074 0.727173 0.725985 0.728362 0.726267
1075 0.727178 0.725989 0.728367 0.726267
1076 0.727177 0.725989 0.728366 0.726268
1077 0.727183 0.725994 0.728371 0.726268
1078 0.727185 0.725996 0.728374 0.726269
1080 0.727184 0.725996 0.728373 0.72627
1081 0.727186 0.725997 0.728375 0.72627
1082 0.727198 0.726009 0.728387 0.72627
1083 0.7272 0.726011 0.728389 0.726271
1084 0.727206 0.726017 0.728396 0.726271
1086 0.727211 0.726022 0.728401 0.726272
1087 0.727212 0.726023 0.728402 0.726273
1088 0.727209 0.72602 0.728399 0.726273
1089 0.727206 0.726017 0.728395 0.726274
1090 0.727212 0.726023 0.728401 0.726274
1092 0.727214 0.726025 0.728403 0.726275
1093 0.727209 0.72602 0.728398 0.726276
1094 0.727212 0.726023 0.728401 0.726276
1095 0.727211 0.726022 0.728399 0.726276
1096 0.727214 0.726025 0.728403 0.726277
1098 0.727216 0.726027 0.728405 0.726278
1099 0.727217 0.726028 0.728406 0.726278
1100 0.727218 0.726029 0.728407 0.726279
1101 0.727218 0.726029 0.728407 0.726279
1102 0.727223 0.726034 0.728413 0.72628
1104 0.727219 0.72603 0.728409 0.726281
1105 0.727222 0.726033 0.728411 0.726281
1106 0.727222 0.726033 0.728411 0.726281
1107 0.727221 0.726031 0.72841 0.726282
1108 0.727215 0.726025 0.728404 0.726282
1110 0.727219 0.726029 0.728408 0.726283
1111 0.727215 0.726025 0.728404 0.726284
1112 0.72722 0.72603 0.728409 0.726284
1113 0.727212 0.726022 0.728401 0.726285
1114 0.727214 0.726024 0.728403 0.726285
1116 0.72721 0.72602 0.728399 0.726286
1117 0.727214 0.726024 0.728403 0.726286
1118 0.727213 0.726023 0.728402 0.726287
1119 0.727218 0.726028 0.728407 0.726287
1120 0.727219 0.72603 0.728409 0.726288
1122 0.727216 0.726026 0.728406 0.726288
1123 0.727215 0.726025 0.728405 0.726289
1124 0.727214 0.726024 0.728403 0.726289
1125 0.727217 0.726027 0.728407 0.72629
1126 0.727217 0.726027 0.728407 0.72629
1128 0.727214 0.726024 0.728404 0.726291
1129 0.727217 0.726027 0.728407 0.726292
1130 0.727226 0.726035 0.728416 0.726292
1131 0.727225 0.726035 0.728415 0.726292
1132 0.727216 0.726026 0.728407 0.726293
1134 0.727208 0.726017 0.728398 0.726294
1135 0.727206 0.726016 0.728397 0.726294
1136 0.727203 0.726013 0.728393 0.726295
1137 0.727203 0.726013 0.728394 0.726295
1138 0.727207 0.726016 0.728397 0.726295
1140 0.727199 0.726008 0.72839 0.726296
1141 0.727195 0.726005 0.728386 0.726297
1142 0.727199 0.726009 0.72839 0.726297
1143 0.727196 0.726006 0.728387 0.726297
1144 0.7272 0.72601 0.728391 0.726298
1146 0.727202 0.726011 0.728393 0.726299
1147 0.727199 0.726008 0.72839 0.726299
1148 0.727199 0.726008 0.72839 0.7263
1149 0.727198 0.726007 0.728389 0.7263
1150 0.727202 0.726011 0.728393 0.7263
1152 0.72721 0.726019 0.728401 0.726301
1153 0.727207 0.726016 0.728398 0.726302
1154 0.727205 0.726014 0.728396 0.726302
1155 0.727198 0.726007 0.728389 0.726302
1156 0.727197 0.726006 0.728388 0.726303
1158 0.727205 0.726014 0.728396 0.726304
1159 0.727204 0.726013 0.728395 0.726304
1160 0.727202 0.726011 0.728393 0.726304
1161 0.727206 0.726014 0.728397 0.726305
1162 0.727204 0.726012 0.728395 0.726305
1164 0.727186 0.725995 0.728378 0.726306
1165 0.727183 0.725992 0.728374 0.726306
1166 0.727182 0.72599 0.728373 0.726307
1167 0.727186 0.725995 0.728378 0.726307
1168 0.727184 0.725992 0.728375 0.726308
1170 0.727176 0.725984 0.728367 0.726309
1171 0.72718 0.725989 0.728372 0.726309
1172 0.727178 0.725987 0.72837 0.726309
1173 0.727188 0.725996 0.728379 0.72631
1174 0.727185 0.725994 0.728377 0.72631
1176 0.72718 0.725988 0.728371 0.726311
1177 0.727175 0.725984 0.728367 0.726311
1178 0.727179 0.725987 0.728371 0.726312
1179 0.72718 0.725989 0.728372 0.726312
1180 0.72718 0.725988 0.728371 0.726312
1182 0.72718 0.725988 0.728372 0.726313
1183 0.727189 0.725998 0.728381 0.726314
1184 0.72719 0.725998 0.728381 0.726314
1185 0.727195 0.726003 0.728387 0.726314
1186 0.727192 0.726 0.728384 0.726315
1188 0.727194 0.726002 0.728387 0.726316
1189 0.727193 0.726001 0.728385 0.726316
1190 0.727198 0.726006 0.72839 0.726316
1191 0.727197 0.726004 0.728389 0.726317
1192 0.727197 0.726005 0.728389 0.726317
1194 0.727199 0.726007 0.728392 0.726318
1195 0.727204 0.726012 0.728396 0.726318
1196 0.727198 0.726006 0.728391 0.726319
1197 0.727192 0.726 0.728385 0.726319
1198 0.727191 0.725998 0.728383 0.726319
1200 0.727199 0.726007 0.728392 0.72632
1201 0.727202 0.72601 0.728395 0.726321
1202 0.727209 0.726017 0.728402 0.726321
1203 0.727212 0.72602 0.728405 0.726321
1204 0.727205 0.726012 0.728397 0.726322
1206 0.72721 0.726017 0.728402 0.726322
1207 0.727206 0.726013 0.728398 0.726323
1208 0.727213 0.726021 0.728406 0.726323
1209 0.727214 0.726021 0.728406 0.726324
1210 0.72721 0.726018 0.728403 0.726324
1212 0.72722 0.726027 0.728412 0.726325
1213 0.72722 0.726027 0.728412 0.726325
1214 0.727224 0.726031 0.728416 0.726325
1215 0.727213 0.726021 0.728406 0.726326
1216 0.727212 0.72602 0.728405 0.726326
1218 0.727205 0.726013 0.728398 0.726327
1219 0.727206 0.726013 0.728398 0.726327
1220 0.7272 0.726007 0.728393 0.726328
1221 0.727199 0.726006 0.728392 0.726328
1222 0.727193 0.726001 0.728386 0.726328
1224 0.727191 0.725999 0.728384 0.726329
1225 0.727199 0.726006 0.728391 0.72633
1226 0.7272 0.726007 0.728392 0.72633
1227 0.727196 0.726004 0.728389 0.72633
1228 0.727197 0.726005 0.72839 0.726331
1230 0.727201 0.726009 0.728394 0.726331
1231 0.727199 0.726006 0.728391 0.726332
1232 0.727199 0.726006 0.728391 0.726332
1233 0.727201 0.726009 0.728394 0.726332
1234 0.727206 0.726014 0.728399 0.726333
1236 0.727206 0.726013 0.728398 0.726333
1237 0.727205 0.726012 0.728397 0.726334
1238 0.727204 0.726012 0.728397 0.726334
1239 0.727205 0.726013 0.728398 0.726335
1240 0.727208 0.726016 0.728401 0.726335
1242 0.727201 0.726008 0.728393 0.726336
1243 0.727192 0.725999 0.728384 0.726336
1244 0.727194 0.726001 0.728386 0.726336
1245 0.727195 0.726002 0.728387 0.726337
1246 0.727196 0.726003 0.728388 0.726337
1248 0.727206 0.726013 0.728398 0.726338
1249 0.727211 0.726018 0.728403 0.726338
1250 0.727215 0.726022 0.728407 0.726338
1251 0.727217 0.726024 0.72841 0.726339
1252 0.727218 0.726025 0.728411 0.726339
1254 0.727216 0.726023 0.728409 0.72634
1255 0.727211 0.726017 0.728404 0.72634
1256 0.727217 0.726024 0.72841 0.726341
1257 0.727216 0.726023 0.728409 0.726341
1258 0.727219 0.726026 0.728412 0.726341
