//total_population estimated_relatedness lower_bound upper_bound relatedness
600 0.721758 nan nan 0.721758
612 0.721737 0.721681 0.721793 0.721777
624 0.721693 0.721615 0.721771 0.721794
636 0.721769 0.721676 0.721863 0.721811
648 0.721804 0.721697 0.72191 0.721827
660 0.721842 0.721724 0.72196 0.721843
672 0.721865 0.721736 0.721993 0.721858
684 0.721867 0.721728 0.722005 0.721872
696 0.721846 0.721699 0.721993 0.721886
708 0.721892 0.721738 0.722046 0.7219
720 0.721921 0.721759 0.722082 0.721913
732 0.72191 0.721742 0.722079 0.721926
744 0.721927 0.721753 0.722101 0.721938
756 0.721947 0.721766 0.722128 0.72195
768 0.721982 0.721796 0.722168 0.721961
780 0.721978 0.721787 0.72217 0.721972
792 0.722015 0.721819 0.72221 0.721983
804 0.722056 0.721856 0.722256 0.721994
816 0.722042 0.721838 0.722246 0.722004
828 0.722055 0.721848 0.722263 0.722014
840 0.722093 0.721882 0.722304 0.722023
852 0.722069 0.721854 0.722284 0.722033
864 0.722063 0.721843 0.722282 0.722042
876 0.72208 0.721857 0.722302 0.722051
888 0.722125 0.721899 0.72235 0.722059
900 0.722097 0.721868 0.722326 0.722067
912 0.722082 0.72185 0.722315 0.722076
924 0.722095 0.721859 0.722331 0.722084
936 0.722106 0.721867 0.722345 0.722091
948 0.722128 0.721887 0.722369 0.722099
960 0.722148 0.721904 0.722391 0.722106
972 0.72214 0.721893 0.722386 0.722113
984 0.722133 0.721885 0.722382 0.72212
996 0.722106 0.721855 0.722357 0.722127
1008 0.722113 0.72186 0.722366 0.722134
1020 0.722151 0.721896 0.722406 0.72214
1032 0.722165 0.721908 0.722423 0.722146
1044 0.72216 0.7219 0.72242 0.722153
1056 0.722158 0.721896 0.72242 0.722159
1068 0.722137 0.721874 0.7224 0.722165
1080 0.722138 0.721873 0.722403 0.72217
1092 0.722136 0.721869 0.722403 0.722176
1104 0.722155 0.721886 0.722424 0.722182
1116 0.722179 0.721908 0.722449 0.722187
1128 0.722172 0.721899 0.722444 0.722192
1140 0.722166 0.721892 0.72244 0.722197
1152 0.722161 0.721886 0.722437 0.722203
1164 0.722188 0.721911 0.722465 0.722208
1176 0.722207 0.721928 0.722486 0.722212
1188 0.722181 0.721901 0.722462 0.722217
1200 0.722196 0.721914 0.722478 0.722222
1212 0.722178 0.721895 0.722461 0.722226
1224 0.72219 0.721905 0.722474 0.722231
1236 0.722187 0.721901 0.722473 0.722235
1248 0.722184 0.721897 0.72247 0.72224
1260 0.72219 0.721902 0.722478 0.722244
1272 0.722206 0.721917 0.722496 0.722248
1284 0.722203 0.721912 0.722494 0.722252
1296 0.722211 0.721919 0.722503 0.722256
1308 0.722191 0.721898 0.722484 0.72226
1320 0.722206 0.721912 0.722501 0.722264
1332 0.722193 0.721898 0.722489 0.722268
1344 0.722204 0.721907 0.722501 0.722271
1356 0.722206 0.721908 0.722504 0.722275
1368 0.722203 0.721904 0.722502 0.722279
1380 0.722177 0.721877 0.722478 0.722282
1392 0.722158 0.721856 0.722459 0.722286
1404 0.722154 0.721851 0.722457 0.722289
1416 0.722159 0.721855 0.722462 0.722292
1428 0.722147 0.721842 0.722451 0.722296
1440 0.722157 0.721851 0.722463 0.722299
1452 0.722176 0.721869 0.722482 0.722302
1464 0.722173 0.721865 0.722481 0.722305
1476 0.722176 0.721867 0.722484 0.722308
1488 0.722183 0.721874 0.722492 0.722311
1500 0.72218 0.72187 0.72249 0.722314
1512 0.722172 0.721861 0.722482 0.722317
1524 0.722167 0.721855 0.722479 0.72232
1536 0.722173 0.72186 0.722486 0.722323
1548 0.722168 0.721855 0.722482 0.722326
1560 0.722183 0.721868 0.722498 0.722329
1572 0.722185 0.721869 0.7225 0.722331
1584 0.722194 0.721878 0.72251 0.722334
1596 0.722208 0.721892 0.722525 0.722337
1608 0.722217 0.7219 0.722534 0.722339
1620 0.722222 0.721905 0.722539 0.722342
1632 0.722219 0.721901 0.722536 0.722344
1644 0.722237 0.721919 0.722555 0.722347
1656 0.722211 0.721893 0.72253 0.722349
1668 0.722208 0.721889 0.722527 0.722352
1680 0.722226 0.721905 0.722546 0.722354
1692 0.722247 0.721926 0.722568 0.722356
1704 0.72224 0.721919 0.722562 0.722359
1716 0.722236 0.721913 0.722558 0.722361
1728 0.722249 0.721925 0.722572 0.722363
1740 0.722245 0.721921 0.722569 0.722365
1752 0.722258 0.721933 0.722582 0.722368
1764 0.722264 0.721938 0.722589 0.72237
1776 0.722272 0.721947 0.722598 0.722372
1788 0.722269 0.721943 0.722595 0.722374
1800 0.72228 0.721953 0.722606 0.722376
1812 0.722291 0.721963 0.722618 0.722378
1824 0.722292 0.721964 0.72262 0.72238
1836 0.722295 0.721966 0.722623 0.722382
1848 0.722314 0.721985 0.722643 0.722384
1860 0.722304 0.721974 0.722633 0.722386
1872 0.722307 0.721977 0.722637 0.722388
1884 0.722296 0.721965 0.722626 0.72239
1896 0.722294 0.721963 0.722626 0.722392
1908 0.722292 0.721961 0.722624 0.722394
1920 0.722287 0.721956 0.722619 0.722395
1932 0.722283 0.721951 0.722615 0.722397
1944 0.722278 0.721946 0.72261 0.722399
1956 0.722277 0.721944 0.722609 0.722401
1968 0.722272 0.721938 0.722605 0.722402
1980 0.722278 0.721945 0.722612 0.722404
1992 0.722266 0.721931 0.7226 0.722406
2004 0.722272 0.721938 0.722607 0.722408
2016 0.722264 0.721929 0.722599 0.722409
2028 0.722278 0.721943 0.722613 0.722411
2040 0.722287 0.721951 0.722622 0.722412
2052 0.722271 0.721935 0.722607 0.722414
2064 0.722264 0.721928 0.722599 0.722416
2076 0.72227 0.721934 0.722606 0.722417
2088 0.722275 0.721938 0.722611 0.722419
2100 0.722264 0.721927 0.722601 0.72242
2112 0.722257 0.72192 0.722594 0.722422
2124 0.722269 0.721932 0.722607 0.722423
2136 0.722276 0.721938 0.722614 0.722425
2148 0.722265 0.721927 0.722603 0.722426
2160 0.722268 0.72193 0.722607 0.722428
2172 0.722257 0.721918 0.722596 0.722429
2184 0.722262 0.721922 0.722601 0.72243
2196 0.722264 0.721924 0.722604 0.722432
2208 0.722271 0.72193 0.722611 0.722433
2220 0.722263 0.721922 0.722603 0.722434
2232 0.722263 0.721923 0.722604 0.722436
2244 0.722258 0.721917 0.7226 0.722437
2256 0.722265 0.721924 0.722607 0.722438
2268 0.722255 0.721914 0.722597 0.72244
2280 0.72226 0.721918 0.722602 0.722441
2292 0.722271 0.721928 0.722613 0.722442
2304 0.722278 0.721936 0.722621 0.722444
2316 0.722273 0.72193 0.722616 0.722445
2328 0.722274 0.721931 0.722617 0.722446
2340 0.722282 0.721938 0.722625 0.722447
2352 0.722289 0.721946 0.722633 0.722449
2364 0.722287 0.721943 0.722631 0.72245
2376 0.722307 0.721963 0.722652 0.722451
2388 0.722304 0.721959 0.722648 0.722452
2400 0.722307 0.721962 0.722652 0.722453
2412 0.722301 0.721957 0.722646 0.722454
2424 0.722315 0.721969 0.72266 0.722456
2436 0.722308 0.721963 0.722654 0.722457
2448 0.722306 0.721961 0.722652 0.722458
2460 0.72231 0.721965 0.722656 0.722459
2472 0.722299 0.721953 0.722645 0.72246
2484 0.7223 0.721955 0.722646 0.722461
2496 0.722293 0.721947 0.722639 0.722462
2508 0.722307 0.72196 0.722653 0.722463
2520 0.722321 0.721974 0.722668 0.722464
2532 0.722328 0.72198 0.722675 0.722465
2544 0.722322 0.721975 0.72267 0.722466
2556 0.722324 0.721976 0.722672 0.722467
2568 0.722327 0.721979 0.722675 0.722468
2580 0.722322 0.721973 0.72267 0.722469
2592 0.722322 0.721973 0.722671 0.72247
2604 0.722324 0.721975 0.722673 0.722471
2616 0.722323 0.721974 0.722672 0.722472
2628 0.722324 0.721975 0.722673 0.722473
2640 0.722318 0.721969 0.722668 0.722474
2652 0.72233 0.721981 0.72268 0.722475
2664 0.722329 0.721979 0.722679 0.722476
2676 0.722335 0.721985 0.722686 0.722477
2688 0.722337 0.721987 0.722688 0.722478
2700 0.722346 0.721995 0.722697 0.722479
2712 0.722352 0.722001 0.722703 0.72248
2724 0.722352 0.722001 0.722703 0.722481
2736 0.722357 0.722006 0.722709 0.722482
2748 0.72236 0.722009 0.722712 0.722483
2760 0.722356 0.722004 0.722707 0.722483
2772 0.722361 0.722009 0.722714 0.722484
2784 0.722361 0.722009 0.722713 0.722485
2796 0.722366 0.722014 0.722719 0.722486
2808 0.722365 0.722013 0.722718 0.722487
2820 0.722357 0.722004 0.722709 0.722488
2832 0.722369 0.722016 0.722722 0.722489
2844 0.72237 0.722017 0.722723 0.722489
2856 0.722364 0.722012 0.722717 0.72249
2868 0.72237 0.722017 0.722723 0.722491
2880 0.722376 0.722023 0.722729 0.722492
2892 0.72238 0.722027 0.722733 0.722493
2904 0.72237 0.722017 0.722723 0.722493
2916 0.722377 0.722024 0.72273 0.722494
2928 0.722372 0.722019 0.722726 0.722495
2940 0.722379 0.722025 0.722733 0.722496
2952 0.72238 0.722026 0.722734 0.722496
2964 0.722385 0.722031 0.722739 0.722497
2976 0.722391 0.722036 0.722745 0.722498
2988 0.722401 0.722047 0.722756 0.722499
3000 0.722402 0.722047 0.722757 0.722499
3012 0.722402 0.722047 0.722757 0.7225
3024 0.722399 0.722043 0.722754 0.722501
3036 0.722409 0.722054 0.722765 0.722502
3048 0.72241 0.722054 0.722766 0.722502
3060 0.722417 0.722061 0.722773 0.722503
3072 0.722423 0.722067 0.722779 0.722504
3084 0.722426 0.72207 0.722783 0.722505
3096 0.722426 0.72207 0.722783 0.722505
3108 0.72243 0.722074 0.722787 0.722506
3120 0.722427 0.72207 0.722784 0.722507
3132 0.722429 0.722072 0.722787 0.722507
3144 0.722429 0.722071 0.722786 0.722508
3156 0.722429 0.722072 0.722787 0.722509
3168 0.722432 0.722075 0.72279 0.722509
3180 0.722427 0.722069 0.722785 0.72251
3192 0.722417 0.722059 0.722774 0.722511
3204 0.722417 0.722059 0.722776 0.722511
3216 0.722414 0.722055 0.722772 0.722512
3228 0.722413 0.722054 0.722771 0.722513
3240 0.722411 0.722052 0.72277 0.722513
3252 0.72242 0.722061 0.722779 0.722514
3264 0.722411 0.722052 0.72277 0.722514
3276 0.722409 0.72205 0.722767 0.722515
3288 0.722406 0.722047 0.722765 0.722516
3300 0.722403 0.722044 0.722763 0.722516
3312 0.722399 0.722039 0.722758 0.722517
3324 0.722407 0.722047 0.722767 0.722518
3336 0.722416 0.722056 0.722775 0.722518
3348 0.722415 0.722055 0.722775 0.722519
3360 0.722417 0.722057 0.722776 0.722519
3372 0.722417 0.722057 0.722777 0.72252
3384 0.722422 0.722062 0.722782 0.72252
3396 0.722423 0.722062 0.722783 0.722521
3408 0.722423 0.722062 0.722783 0.722522
3420 0.72242 0.72206 0.722781 0.722522
3432 0.722414 0.722053 0.722774 0.722523
3444 0.722413 0.722052 0.722774 0.722523
3456 0.722411 0.722051 0.722772 0.722524
3468 0.722409 0.722048 0.722769 0.722524
3480 0.72241 0.722049 0.722771 0.722525
3492 0.722422 0.72206 0.722783 0.722526
3504 0.722426 0.722065 0.722787 0.722526
3516 0.722427 0.722065 0.722788 0.722527
3528 0.722426 0.722065 0.722788 0.722527
3540 0.722432 0.72207 0.722794 0.722528
3552 0.722432 0.72207 0.722794 0.722528
3564 0.722439 0.722077 0.722801 0.722529
3576 0.722439 0.722076 0.722801 0.722529
3588 0.722428 0.722065 0.72279 0.72253
3600 0.72243 0.722068 0.722793 0.72253
3612 0.722429 0.722066 0.722791 0.722531
3624 0.722419 0.722057 0.722782 0.722531
3636 0.722423 0.722061 0.722786 0.722532
3648 0.722422 0.722059 0.722785 0.722532
3660 0.722424 0.722061 0.722787 0.722533
3672 0.722421 0.722058 0.722784 0.722533
3684 0.722416 0.722053 0.722779 0.722534
3696 0.722421 0.722058 0.722784 0.722534
3708 0.722416 0.722053 0.722779 0.722535
3720 0.722406 0.722042 0.722769 0.722535
3732 0.722407 0.722043 0.72277 0.722536
3744 0.722402 0.722038 0.722766 0.722536
3756 0.722409 0.722045 0.722773 0.722537
3768 0.722407 0.722044 0.722771 0.722537
3780 0.7224 0.722036 0.722764 0.722538
3792 0.722404 0.72204 0.722768 0.722538
3804 0.7224 0.722036 0.722764 0.722539
3816 0.722395 0.722031 0.722759 0.722539
3828 0.722399 0.722034 0.722763 0.722539
3840 0.722397 0.722032 0.722761 0.72254
3852 0.722392 0.722028 0.722757 0.72254
3864 0.722394 0.722029 0.722759 0.722541
3876 0.722394 0.722029 0.722759 0.722541
3888 0.722403 0.722038 0.722768 0.722542
3900 0.72241 0.722045 0.722775 0.722542
3912 0.722409 0.722044 0.722774 0.722543
3924 0.722409 0.722043 0.722774 0.722543
3936 0.722406 0.72204 0.722771 0.722543
3948 0.722406 0.72204 0.722771 0.722544
3960 0.722408 0.722042 0.722773 0.722544
3972 0.722409 0.722043 0.722774 0.722545
3984 0.722411 0.722045 0.722777 0.722545
3996 0.72241 0.722044 0.722776 0.722546
4008 0.722409 0.722043 0.722775 0.722546
4020 0.722408 0.722041 0.722774 0.722546
4032 0.722411 0.722044 0.722777 0.722547
4044 0.722415 0.722049 0.722782 0.722547
4056 0.722419 0.722052 0.722785 0.722548
4068 0.722421 0.722054 0.722787 0.722548
4080 0.722415 0.722049 0.722782 0.722548
4092 0.722417 0.72205 0.722783 0.722549
4104 0.722417 0.72205 0.722783 0.722549
4116 0.722416 0.72205 0.722783 0.72255
4128 0.722412 0.722046 0.722779 0.72255
4140 0.722412 0.722046 0.722779 0.72255
4152 0.722412 0.722045 0.722778 0.722551
4164 0.722412 0.722045 0.722779 0.722551
4176 0.722416 0.72205 0.722783 0.722552
4188 0.722414 0.722047 0.722781 0.722552
4200 0.722421 0.722054 0.722788 0.722552
4212 0.72242 0.722052 0.722787 0.722553
4224 0.722425 0.722058 0.722793 0.722553
4236 0.722421 0.722054 0.722789 0.722553
4248 0.722424 0.722057 0.722792 0.722554
4260 0.722428 0.72206 0.722795 0.722554
4272 0.722422 0.722054 0.722789 0.722555
4284 0.722428 0.72206 0.722796 0.722555
4296 0.722428 0.72206 0.722796 0.722555
4308 0.722429 0.722062 0.722797 0.722556
4320 0.722429 0.722061 0.722797 0.722556
4332 0.722429 0.722061 0.722797 0.722556
4344 0.722428 0.722061 0.722796 0.722557
4356 0.722432 0.722064 0.7228 0.722557
4368 0.722433 0.722066 0.722801 0.722557
4380 0.722427 0.722059 0.722795 0.722558
4392 0.722425 0.722057 0.722793 0.722558
4404 0.722428 0.72206 0.722796 0.722558
4416 0.722427 0.722059 0.722795 0.722559
4428 0.722425 0.722057 0.722794 0.722559
4440 0.722423 0.722055 0.722792 0.722559
4452 0.722413 0.722044 0.722781 0.72256
4464 0.722412 0.722044 0.722781 0.72256
4476 0.722416 0.722047 0.722784 0.72256
4488 0.722417 0.722048 0.722785 0.722561
4500 0.722417 0.722048 0.722785 0.722561
4512 0.72241 0.722041 0.722778 0.722561
4524 0.722413 0.722044 0.722782 0.722562
4536 0.722414 0.722046 0.722783 0.722562
4548 0.722408 0.722039 0.722777 0.722562
4560 0.722419 0.72205 0.722788 0.722563
4572 0.722426 0.722057 0.722795 0.722563
4584 0.722428 0.722059 0.722798 0.722563
4596 0.722435 0.722066 0.722804 0.722564
4608 0.722442 0.722073 0.722812 0.722564
4620 0.722441 0.722072 0.722811 0.722564
4632 0.722446 0.722076 0.722816 0.722565
4644 0.722448 0.722078 0.722817 0.722565
4656 0.722448 0.722079 0.722818 0.722565
4668 0.722445 0.722076 0.722815 0.722566
4680 0.722452 0.722082 0.722821 0.722566
4692 0.72245 0.72208 0.72282 0.722566
4704 0.722449 0.722079 0.722819 0.722566
4716 0.722451 0.722081 0.722821 0.722567
4728 0.72245 0.72208 0.72282 0.722567
4740 0.722455 0.722085 0.722825 0.722567
4752 0.722452 0.722083 0.722822 0.722568
4764 0.722454 0.722084 0.722824 0.722568
4776 0.722458 0.722088 0.722828 0.722568
4788 0.722457 0.722087 0.722827 0.722569
4800 0.722455 0.722085 0.722825 0.722569
4812 0.722458 0.722088 0.722828 0.722569
4824 0.722461 0.722091 0.722831 0.722569
4836 0.72246 0.72209 0.72283 0.72257
4848 0.722458 0.722088 0.722829 0.72257
4860 0.722455 0.722085 0.722826 0.72257
4872 0.722459 0.722088 0.72283 0.722571
4884 0.722462 0.722092 0.722833 0.722571
4896 0.722466 0.722095 0.722837 0.722571
4908 0.722466 0.722095 0.722837 0.722571
4920 0.722469 0.722098 0.72284 0.722572
4932 0.722466 0.722095 0.722837 0.722572
4944 0.722469 0.722098 0.72284 0.722572
4956 0.722466 0.722095 0.722838 0.722572
4968 0.722469 0.722097 0.72284 0.722573
4980 0.722471 0.7221 0.722843 0.722573
4992 0.722477 0.722106 0.722848 0.722573
5004 0.722478 0.722107 0.722849 0.722574
5016 0.722476 0.722105 0.722848 0.722574
5028 0.722472 0.7221 0.722843 0.722574
5040 0.722469 0.722097 0.72284 0.722574
5052 0.722467 0.722095 0.722838 0.722575
5064 0.722465 0.722093 0.722837 0.722575
5076 0.722462 0.72209 0.722834 0.722575
5088 0.722461 0.722088 0.722833 0.722575
5100 0.722466 0.722094 0.722838 0.722576
5112 0.722461 0.722089 0.722833 0.722576
5124 0.722459 0.722086 0.722831 0.722576
5136 0.72246 0.722088 0.722832 0.722576
5148 0.722462 0.72209 0.722835 0.722577
5160 0.722458 0.722085 0.72283 0.722577
5172 0.722456 0.722083 0.722828 0.722577
5184 0.722455 0.722082 0.722828 0.722577
5196 0.72245 0.722077 0.722823 0.722578
5208 0.722449 0.722076 0.722822 0.722578
5220 0.722453 0.72208 0.722826 0.722578
5232 0.722458 0.722085 0.72283 0.722578
5244 0.722454 0.722082 0.722827 0.722579
5256 0.722458 0.722085 0.722831 0.722579
5268 0.722464 0.722091 0.722837 0.722579
5280 0.722462 0.722089 0.722835 0.722579
5292 0.722464 0.722091 0.722837 0.72258
5304 0.722471 0.722098 0.722844 0.72258
5316 0.722476 0.722103 0.722849 0.72258
5328 0.722473 0.7221 0.722846 0.72258
5340 0.722472 0.722099 0.722845 0.722581
5352 0.722475 0.722102 0.722849 0.722581
5364 0.722474 0.7221 0.722847 0.722581
5376 0.722477 0.722103 0.72285 0.722581
5388 0.722474 0.7221 0.722847 0.722581
5400 0.722471 0.722098 0.722845 0.722582
5412 0.722469 0.722096 0.722843 0.722582
5424 0.722471 0.722098 0.722845 0.722582
5436 0.722474 0.722101 0.722848 0.722582
5448 0.722479 0.722105 0.722852 0.722583
5460 0.722471 0.722097 0.722845 0.722583
5472 0.722473 0.722099 0.722847 0.722583
5484 0.722475 0.722101 0.722849 0.722583
5496 0.722475 0.7221 0.722849 0.722583
5508 0.722471 0.722097 0.722846 0.722584
5520 0.722472 0.722098 0.722847 0.722584
5532 0.722475 0.722101 0.72285 0.722584
5544 0.722475 0.7221 0.72285 0.722584
5556 0.72248 0.722105 0.722854 0.722585
5568 0.72248 0.722106 0.722855 0.722585
5580 0.722478 0.722104 0.722853 0.722585
5592 0.72248 0.722105 0.722855 0.722585
5604 0.722478 0.722104 0.722853 0.722585
5616 0.72248 0.722105 0.722855 0.722586
5628 0.722481 0.722106 0.722856 0.722586
5640 0.722483 0.722108 0.722859 0.722586
5652 0.722481 0.722106 0.722856 0.722586
5664 0.722485 0.722109 0.72286 0.722586
5676 0.722484 0.722109 0.722859 0.722587
5688 0.72248 0.722105 0.722856 0.722587
5700 0.722479 0.722104 0.722855 0.722587
5712 0.722483 0.722107 0.722858 0.722587
5724 0.722477 0.722102 0.722853 0.722588
5736 0.722473 0.722097 0.722848 0.722588
5748 0.722475 0.7221 0.722851 0.722588
5760 0.722476 0.7221 0.722852 0.722588
5772 0.722477 0.722101 0.722852 0.722588
5784 0.72248 0.722104 0.722856 0.722589
5796 0.722476 0.7221 0.722852 0.722589
5808 0.72248 0.722104 0.722856 0.722589
5820 0.722479 0.722103 0.722855 0.722589
5832 0.72248 0.722104 0.722856 0.722589
5844 0.72248 0.722104 0.722856 0.722589
5856 0.722475 0.7221 0.722851 0.72259
5868 0.722475 0.722099 0.722851 0.72259
5880 0.722476 0.7221 0.722852 0.72259
5892 0.722475 0.722099 0.722851 0.72259
5904 0.722473 0.722097 0.722849 0.72259
5916 0.722471 0.722095 0.722847 0.722591
5928 0.72247 0.722094 0.722846 0.722591
5940 0.72247 0.722094 0.722846 0.722591
5952 0.72247 0.722094 0.722846 0.722591
5964 0.722471 0.722095 0.722848 0.722591
5976 0.722478 0.722101 0.722854 0.722592
5988 0.722477 0.722101 0.722853 0.722592
6000 0.722476 0.722099 0.722852 0.722592
6012 0.722473 0.722096 0.722849 0.722592
6024 0.722473 0.722096 0.722849 0.722592
6036 0.722471 0.722095 0.722848 0.722593
6048 0.722471 0.722094 0.722848 0.722593
6060 0.722478 0.722101 0.722855 0.722593
6072 0.722476 0.722099 0.722853 0.722593
6084 0.722481 0.722104 0.722857 0.722593
6096 0.722487 0.72211 0.722864 0.722593
6108 0.722483 0.722106 0.722859 0.722594
6120 0.722479 0.722102 0.722856 0.722594
6132 0.722478 0.722101 0.722855 0.722594
6144 0.722482 0.722106 0.722859 0.722594
6156 0.72248 0.722103 0.722857 0.722594
6168 0.722479 0.722102 0.722856 0.722594
6180 0.722482 0.722105 0.722859 0.722595
6192 0.722482 0.722105 0.722859 0.722595
6204 0.722482 0.722105 0.722859 0.722595
6216 0.722479 0.722102 0.722856 0.722595
6228 0.722479 0.722102 0.722857 0.722595
6240 0.722479 0.722102 0.722856 0.722596
6252 0.72248 0.722102 0.722857 0.722596
6264 0.722481 0.722103 0.722858 0.722596
6276 0.722483 0.722106 0.722861 0.722596
6288 0.722487 0.72211 0.722865 0.722596
6300 0.722491 0.722113 0.722868 0.722596
6312 0.722487 0.722109 0.722864 0.722597
6324 0.722483 0.722106 0.72286 0.722597
6336 0.722483 0.722105 0.72286 0.722597
6348 0.72248 0.722102 0.722857 0.722597
6360 0.722482 0.722104 0.722859 0.722597
6372 0.722481 0.722104 0.722859 0.722597
6384 0.722482 0.722105 0.72286 0.722598
6396 0.722481 0.722104 0.722859 0.722598
6408 0.722483 0.722106 0.722861 0.722598
6420 0.722484 0.722107 0.722862 0.722598
6432 0.722482 0.722105 0.72286 0.722598
6444 0.722484 0.722107 0.722862 0.722598
6456 0.722485 0.722107 0.722863 0.722598
6468 0.722486 0.722108 0.722863 0.722599
6480 0.722486 0.722108 0.722864 0.722599
6492 0.722483 0.722106 0.722861 0.722599
6504 0.722485 0.722107 0.722863 0.722599
6516 0.722484 0.722106 0.722862 0.722599
6528 0.722483 0.722105 0.722861 0.722599
6540 0.722482 0.722104 0.72286 0.7226
6552 0.722483 0.722105 0.722861 0.7226
6564 0.72248 0.722102 0.722858 0.7226
6576 0.72248 0.722102 0.722859 0.7226
6588 0.722484 0.722106 0.722862 0.7226
6600 0.722485 0.722107 0.722863 0.7226
6612 0.722489 0.72211 0.722867 0.722601
6624 0.72249 0.722112 0.722868 0.722601
6636 0.722488 0.72211 0.722866 0.722601
6648 0.722483 0.722105 0.722861 0.722601
6660 0.72248 0.722102 0.722859 0.722601
6672 0.722479 0.722101 0.722858 0.722601
6684 0.722479 0.7221 0.722858 0.722601
6696 0.722483 0.722104 0.722861 0.722602
6708 0.722484 0.722106 0.722863 0.722602
6720 0.72248 0.722101 0.722859 0.722602
6732 0.722478 0.722099 0.722857 0.722602
6744 0.722478 0.722099 0.722857 0.722602
6756 0.722478 0.722099 0.722857 0.722602
6768 0.722483 0.722104 0.722861 0.722602
6780 0.722477 0.722097 0.722856 0.722603
6792 0.722477 0.722098 0.722856 0.722603
6804 0.722478 0.722099 0.722857 0.722603
6816 0.722477 0.722098 0.722856 0.722603
6828 0.72248 0.722101 0.722859 0.722603
6840 0.722478 0.722099 0.722857 0.722603
6852 0.722481 0.722102 0.72286 0.722603
6864 0.722483 0.722104 0.722863 0.722604
6876 0.722481 0.722102 0.722861 0.722604
6888 0.722481 0.722101 0.72286 0.722604
6900 0.722481 0.722102 0.72286 0.722604
6912 0.722484 0.722105 0.722864 0.722604
6924 0.72248 0.722101 0.72286 0.722604
6936 0.722482 0.722103 0.722862 0.722604
6948 0.722483 0.722104 0.722863 0.722605
6960 0.722482 0.722102 0.722861 0.722605
6972 0.722485 0.722106 0.722865 0.722605
6984 0.722491 0.722111 0.72287 0.722605
6996 0.722492 0.722113 0.722872 0.722605
7008 0.722489 0.722109 0.722868 0.722605
7020 0.722489 0.722109 0.722868 0.722605
7032 0.722487 0.722108 0.722867 0.722606
7044 0.722488 0.722108 0.722867 0.722606
7056 0.72249 0.722111 0.72287 0.722606
7068 0.722492 0.722112 0.722871 0.722606
7080 0.722493 0.722113 0.722872 0.722606
7092 0.722494 0.722115 0.722874 0.722606
7104 0.722499 0.722119 0.722878 0.722606
7116 0.722495 0.722115 0.722875 0.722606
7128 0.722496 0.722117 0.722876 0.722607
7140 0.722497 0.722117 0.722877 0.722607
7152 0.722491 0.722111 0.722871 0.722607
7164 0.72249 0.72211 0.72287 0.722607
7176 0.722493 0.722113 0.722873 0.722607
7188 0.722494 0.722114 0.722873 0.722607
7200 0.722491 0.722111 0.722871 0.722607
7212 0.722496 0.722116 0.722875 0.722608
7224 0.722495 0.722115 0.722875 0.722608
7236 0.722495 0.722116 0.722875 0.722608
7248 0.722494 0.722114 0.722874 0.722608
7260 0.722493 0.722113 0.722873 0.722608
7272 0.722496 0.722116 0.722876 0.722608
7284 0.722499 0.722119 0.722878 0.722608
7296 0.722499 0.722119 0.722879 0.722608
7308 0.722504 0.722125 0.722884 0.722609
7320 0.722506 0.722126 0.722885 0.722609
7332 0.722505 0.722125 0.722885 0.722609
7344 0.722503 0.722123 0.722882 0.722609
7356 0.722502 0.722122 0.722882 0.722609
7368 0.722504 0.722124 0.722884 0.722609
7380 0.722501 0.722121 0.72288 0.722609
7392 0.722502 0.722122 0.722882 0.722609
7404 0.722502 0.722122 0.722882 0.722609
7416 0.722503 0.722123 0.722883 0.72261
7428 0.722501 0.722121 0.722881 0.72261
7440 0.7225 0.72212 0.722881 0.72261
7452 0.722502 0.722121 0.722882 0.72261
7464 0.7225 0.722119 0.72288 0.72261
7476 0.722499 0.722118 0.722879 0.72261
7488 0.722501 0.722121 0.722882 0.72261
7500 0.7225 0.722119 0.72288 0.72261
7512 0.722495 0.722115 0.722876 0.722611
7524 0.722493 0.722113 0.722874 0.722611
7536 0.722496 0.722115 0.722876 0.722611
7548 0.722499 0.722118 0.722879 0.722611
7560 0.722495 0.722115 0.722876 0.722611
7572 0.722497 0.722116 0.722878 0.722611
7584 0.722494 0.722113 0.722875 0.722611
7596 0.722493 0.722112 0.722874 0.722611
7608 0.722497 0.722116 0.722877 0.722612
7620 0.722493 0.722112 0.722874 0.722612
7632 0.722492 0.722112 0.722873 0.722612
7644 0.722495 0.722114 0.722876 0.722612
7656 0.722496 0.722115 0.722877 0.722612
7668 0.722496 0.722115 0.722877 0.722612
7680 0.722496 0.722115 0.722876 0.722612
7692 0.722494 0.722114 0.722875 0.722612
7704 0.722497 0.722116 0.722878 0.722612
7716 0.722497 0.722116 0.722878 0.722613
7728 0.722499 0.722117 0.72288 0.722613
7740 0.722497 0.722116 0.722878 0.722613
7752 0.722499 0.722118 0.72288 0.722613
7764 0.722502 0.722121 0.722883 0.722613
7776 0.7225 0.722119 0.722882 0.722613
7788 0.722502 0.72212 0.722883 0.722613
7800 0.722507 0.722126 0.722888 0.722613
7812 0.722506 0.722125 0.722888 0.722613
7824 0.722502 0.722121 0.722884 0.722614
7836 0.722505 0.722124 0.722886 0.722614
7848 0.722508 0.722126 0.722889 0.722614
7860 0.722509 0.722128 0.722891 0.722614
7872 0.722507 0.722126 0.722889 0.722614
7884 0.722507 0.722125 0.722888 0.722614
7896 0.722506 0.722124 0.722887 0.722614
7908 0.722506 0.722125 0.722888 0.722614
7920 0.722507 0.722126 0.722889 0.722614
7932 0.722506 0.722124 0.722887 0.722614
7944 0.722509 0.722127 0.72289 0.722615
7956 0.72251 0.722129 0.722892 0.722615
7968 0.722509 0.722128 0.72289 0.722615
7980 0.722511 0.722129 0.722892 0.722615
7992 0.722511 0.722129 0.722892 0.722615
8004 0.722515 0.722133 0.722896 0.722615
8016 0.722515 0.722133 0.722896 0.722615
8028 0.722517 0.722136 0.722898 0.722615
8040 0.722518 0.722137 0.7229 0.722615
8052 0.722517 0.722135 0.722898 0.722616
8064 0.722516 0.722135 0.722898 0.722616
8076 0.722514 0.722132 0.722895 0.722616
8088 0.72251 0.722129 0.722892 0.722616
8100 0.722511 0.722129 0.722892 0.722616
8112 0.722514 0.722133 0.722896 0.722616
8124 0.722517 0.722136 0.722899 0.722616
8136 0.722517 0.722136 0.722899 0.722616
8148 0.72252 0.722139 0.722902 0.722616
8160 0.722519 0.722137 0.7229 0.722616
8172 0.722519 0.722137 0.722901 0.722617
8184 0.722518 0.722136 0.7229 0.722617
8196 0.722521 0.72214 0.722903 0.722617
8208 0.72252 0.722138 0.722902 0.722617
8220 0.722523 0.722141 0.722904 0.722617
8232 0.722521 0.722139 0.722902 0.722617
8244 0.722522 0.72214 0.722904 0.722617
8256 0.722527 0.722145 0.722909 0.722617
8268 0.72253 0.722148 0.722912 0.722617
8280 0.72253 0.722148 0.722912 0.722617
8292 0.72253 0.722148 0.722912 0.722618
8304 0.722529 0.722147 0.722911 0.722618
8316 0.722526 0.722144 0.722908 0.722618
8328 0.722528 0.722146 0.722911 0.722618
8340 0.722529 0.722147 0.722911 0.722618
8352 0.722524 0.722142 0.722907 0.722618
8364 0.722523 0.722141 0.722906 0.722618
8376 0.722524 0.722142 0.722906 0.722618
8388 0.722526 0.722143 0.722908 0.722618
8400 0.722528 0.722145 0.72291 0.722618
8412 0.722528 0.722145 0.72291 0.722618
8424 0.722527 0.722145 0.72291 0.722619
8436 0.722529 0.722146 0.722911 0.722619
8448 0.722527 0.722145 0.72291 0.722619
8460 0.722524 0.722142 0.722907 0.722619
8472 0.722526 0.722144 0.722908 0.722619
8484 0.722528 0.722145 0.72291 0.722619
8496 0.722526 0.722143 0.722908 0.722619
8508 0.722527 0.722145 0.72291 0.722619
8520 0.72253 0.722147 0.722913 0.722619
8532 0.722529 0.722146 0.722911 0.722619
8544 0.722525 0.722142 0.722907 0.722619
8556 0.722525 0.722142 0.722908 0.72262
8568 0.722526 0.722144 0.722909 0.72262
8580 0.722527 0.722145 0.72291 0.72262
8592 0.722526 0.722143 0.722909 0.72262
8604 0.722526 0.722143 0.722909 0.72262
8616 0.722528 0.722145 0.722911 0.72262
8628 0.722529 0.722146 0.722912 0.72262
8640 0.722528 0.722145 0.722911 0.72262
8652 0.722529 0.722146 0.722912 0.72262
8664 0.722528 0.722145 0.722911 0.72262
8676 0.722525 0.722142 0.722908 0.72262
8688 0.722525 0.722142 0.722908 0.722621
8700 0.722521 0.722138 0.722904 0.722621
8712 0.722518 0.722135 0.722901 0.722621
8724 0.722518 0.722135 0.722901 0.722621
8736 0.722521 0.722138 0.722904 0.722621
8748 0.722517 0.722134 0.7229 0.722621
8760 0.722519 0.722136 0.722902 0.722621
8772 0.722519 0.722136 0.722902 0.722621
8784 0.722519 0.722136 0.722902 0.722621
8796 0.722516 0.722133 0.722899 0.722621
8808 0.722517 0.722134 0.7229 0.722621
8820 0.722518 0.722135 0.722901 0.722622
8832 0.722519 0.722136 0.722902 0.722622
8844 0.722521 0.722138 0.722904 0.722622
8856 0.722522 0.722139 0.722905 0.722622
8868 0.722522 0.722139 0.722905 0.722622
8880 0.722524 0.722141 0.722907 0.722622
8892 0.722525 0.722142 0.722908 0.722622
8904 0.722523 0.72214 0.722907 0.722622
8916 0.722528 0.722145 0.722911 0.722622
8928 0.722528 0.722145 0.722911 0.722622
8940 0.722526 0.722143 0.722909 0.722622
8952 0.722525 0.722142 0.722909 0.722622
8964 0.722524 0.722141 0.722907 0.722623
8976 0.722523 0.72214 0.722906 0.722623
8988 0.722523 0.72214 0.722906 0.722623
9000 0.722524 0.722141 0.722908 0.722623
9012 0.722525 0.722142 0.722909 0.722623
9024 0.722522 0.722138 0.722905 0.722623
9036 0.722518 0.722135 0.722902 0.722623
9048 0.722514 0.722131 0.722898 0.722623
9060 0.722516 0.722132 0.7229 0.722623
9072 0.722517 0.722133 0.722901 0.722623
9084 0.722517 0.722133 0.722901 0.722623
9096 0.722517 0.722133 0.7229 0.722623
9108 0.722516 0.722133 0.7229 0.722624
9120 0.722514 0.722131 0.722898 0.722624
9132 0.722514 0.72213 0.722898 0.722624
9144 0.722516 0.722132 0.722899 0.722624
9156 0.722516 0.722132 0.722899 0.722624
9168 0.722516 0.722132 0.7229 0.722624
9180 0.722517 0.722133 0.7229 0.722624
9192 0.722517 0.722133 0.722901 0.722624
9204 0.722517 0.722133 0.722901 0.722624
9216 0.722519 0.722135 0.722903 0.722624
9228 0.72252 0.722136 0.722904 0.722624
9240 0.72252 0.722136 0.722904 0.722624
9252 0.722522 0.722138 0.722906 0.722624
9264 0.722523 0.722139 0.722907 0.722625
9276 0.722524 0.72214 0.722908 0.722625
9288 0.722522 0.722138 0.722906 0.722625
9300 0.722525 0.722141 0.722909 0.722625
9312 0.722523 0.722139 0.722907 0.722625
9324 0.72252 0.722136 0.722905 0.722625
9336 0.722518 0.722134 0.722902 0.722625
9348 0.722523 0.722138 0.722907 0.722625
9360 0.722525 0.722141 0.72291 0.722625
9372 0.722529 0.722145 0.722913 0.722625
9384 0.722529 0.722145 0.722914 0.722625
9396 0.722529 0.722145 0.722913 0.722625
9408 0.72253 0.722145 0.722914 0.722625
9420 0.722528 0.722144 0.722912 0.722626
9432 0.722526 0.722142 0.722911 0.722626
9444 0.722527 0.722143 0.722912 0.722626
9456 0.722529 0.722145 0.722913 0.722626
9468 0.722527 0.722142 0.722911 0.722626
9480 0.722524 0.72214 0.722908 0.722626
9492 0.722525 0.722141 0.72291 0.722626
9504 0.722525 0.722141 0.722909 0.722626
9516 0.722522 0.722138 0.722907 0.722626
9528 0.722522 0.722138 0.722907 0.722626
9540 0.722522 0.722138 0.722907 0.722626
9552 0.722525 0.72214 0.722909 0.722626
9564 0.722525 0.722141 0.72291 0.722626
9576 0.722524 0.72214 0.722909 0.722626
9588 0.722524 0.72214 0.722909 0.722627
9600 0.722523 0.722138 0.722907 0.722627
9612 0.722523 0.722139 0.722907 0.722627
9624 0.722526 0.722141 0.72291 0.722627
9636 0.722526 0.722141 0.72291 0.722627
9648 0.722526 0.722141 0.72291 0.722627
9660 0.722525 0.722141 0.72291 0.722627
9672 0.722526 0.722141 0.722911 0.722627
9684 0.722524 0.722139 0.722909 0.722627
9696 0.722524 0.722139 0.722908 0.722627
9708 0.722522 0.722138 0.722907 0.722627
9720 0.722521 0.722137 0.722906 0.722627
9732 0.722525 0.72214 0.72291 0.722627
9744 0.722523 0.722138 0.722908 0.722627
9756 0.722523 0.722138 0.722908 0.722628
9768 0.72252 0.722135 0.722905 0.722628
9780 0.722521 0.722136 0.722906 0.722628
9792 0.722521 0.722137 0.722906 0.722628
9804 0.722524 0.722139 0.722909 0.722628
9816 0.722522 0.722137 0.722907 0.722628
9828 0.722524 0.722139 0.722909 0.722628
9840 0.722524 0.722139 0.722909 0.722628
9852 0.722522 0.722137 0.722907 0.722628
9864 0.722524 0.722139 0.722909 0.722628
9876 0.722523 0.722138 0.722908 0.722628
9888 0.722523 0.722138 0.722908 0.722628
9900 0.722524 0.722139 0.722909 0.722628
9912 0.722525 0.72214 0.72291 0.722628
9924 0.722527 0.722142 0.722912 0.722629
9936 0.722526 0.722141 0.722911 0.722629
9948 0.722526 0.722141 0.722911 0.722629
9960 0.722526 0.722141 0.722911 0.722629
9972 0.722525 0.72214 0.72291 0.722629
9984 0.722524 0.722139 0.722909 0.722629
9996 0.722524 0.722139 0.722909 0.722629
10008 0.722523 0.722138 0.722908 0.722629
10020 0.722523 0.722137 0.722908 0.722629
10032 0.722523 0.722138 0.722908 0.722629
10044 0.722524 0.722139 0.72291 0.722629
10056 0.722527 0.722141 0.722912 0.722629
10068 0.722525 0.722139 0.72291 0.722629
10080 0.722524 0.722139 0.72291 0.722629
10092 0.722524 0.722139 0.72291 0.722629
10104 0.722529 0.722144 0.722914 0.72263
10116 0.722536 0.72215 0.722921 0.72263
10128 0.722536 0.722151 0.722922 0.72263
10140 0.722536 0.722151 0.722921 0.72263
10152 0.722537 0.722151 0.722922 0.72263
10164 0.722537 0.722152 0.722923 0.72263
10176 0.722541 0.722156 0.722927 0.72263
10188 0.722543 0.722157 0.722928 0.72263
10200 0.722542 0.722157 0.722928 0.72263
10212 0.722542 0.722156 0.722927 0.72263
10224 0.722541 0.722156 0.722927 0.72263
10236 0.722538 0.722153 0.722923 0.72263
10248 0.722539 0.722153 0.722924 0.72263
10260 0.722539 0.722153 0.722924 0.72263
10272 0.722539 0.722153 0.722924 0.72263
10284 0.722539 0.722153 0.722924 0.72263
10296 0.722539 0.722153 0.722924 0.722631
10308 0.722538 0.722153 0.722924 0.722631
10320 0.722538 0.722152 0.722923 0.722631
10332 0.722537 0.722152 0.722923 0.722631
10344 0.722537 0.722151 0.722922 0.722631
10356 0.722535 0.72215 0.722921 0.722631
10368 0.722534 0.722149 0.72292 0.722631
10380 0.722533 0.722147 0.722918 0.722631
10392 0.722532 0.722146 0.722917 0.722631
10404 0.722532 0.722146 0.722918 0.722631
10416 0.722531 0.722145 0.722916 0.722631
10428 0.722531 0.722145 0.722917 0.722631
10440 0.722531 0.722146 0.722917 0.722631
10452 0.722532 0.722146 0.722917 0.722631
10464 0.722533 0.722147 0.722919 0.722631
10476 0.722532 0.722147 0.722918 0.722631
10488 0.722534 0.722148 0.72292 0.722632
10500 0.722534 0.722148 0.72292 0.722632
10512 0.722531 0.722145 0.722917 0.722632
10524 0.722529 0.722143 0.722915 0.722632
10536 0.722528 0.722142 0.722914 0.722632
10548 0.722528 0.722142 0.722914 0.722632
10560 0.72253 0.722144 0.722916 0.722632
10572 0.722529 0.722143 0.722915 0.722632
10584 0.722529 0.722143 0.722915 0.722632
10596 0.722526 0.72214 0.722912 0.722632
10608 0.722524 0.722138 0.72291 0.722632
10620 0.722523 0.722137 0.722909 0.722632
10632 0.722524 0.722138 0.72291 0.722632
10644 0.722526 0.72214 0.722913 0.722632
10656 0.722525 0.722139 0.722911 0.722632
10668 0.722527 0.722141 0.722913 0.722632
10680 0.722527 0.722141 0.722914 0.722632
10692 0.722528 0.722142 0.722915 0.722633
10704 0.722528 0.722142 0.722914 0.722633
10716 0.722532 0.722146 0.722919 0.722633
10728 0.722534 0.722148 0.72292 0.722633
10740 0.722531 0.722145 0.722918 0.722633
10752 0.722526 0.72214 0.722912 0.722633
10764 0.722523 0.722137 0.722909 0.722633
10776 0.722525 0.722139 0.722911 0.722633
10788 0.722525 0.722139 0.722911 0.722633
10800 0.722525 0.722139 0.722911 0.722633
10812 0.722523 0.722137 0.722909 0.722633
10824 0.722527 0.722141 0.722913 0.722633
10836 0.722527 0.722141 0.722913 0.722633
10848 0.722528 0.722142 0.722914 0.722633
10860 0.722527 0.722141 0.722913 0.722633
10872 0.722527 0.72214 0.722913 0.722633
10884 0.722526 0.72214 0.722912 0.722633
10896 0.722528 0.722142 0.722914 0.722634
10908 0.722529 0.722142 0.722915 0.722634
10920 0.722527 0.722141 0.722913 0.722634
10932 0.722526 0.72214 0.722912 0.722634
10944 0.722525 0.722139 0.722911 0.722634
10956 0.722524 0.722138 0.722911 0.722634
10968 0.722525 0.722138 0.722911 0.722634
10980 0.722527 0.722141 0.722913 0.722634
10992 0.722529 0.722142 0.722915 0.722634
11004 0.72253 0.722144 0.722917 0.722634
11016 0.722529 0.722143 0.722915 0.722634
11028 0.722529 0.722142 0.722915 0.722634
11040 0.722529 0.722142 0.722915 0.722634
11052 0.72253 0.722144 0.722917 0.722634
11064 0.72253 0.722144 0.722916 0.722634
11076 0.72253 0.722143 0.722916 0.722634
11088 0.72253 0.722144 0.722916 0.722634
11100 0.722528 0.722141 0.722914 0.722634
11112 0.722527 0.722141 0.722914 0.722634
11124 0.722525 0.722139 0.722911 0.722635
11136 0.722526 0.72214 0.722913 0.722635
11148 0.722527 0.72214 0.722913 0.722635
11160 0.722524 0.722137 0.72291 0.722635
11172 0.722522 0.722136 0.722909 0.722635
11184 0.722521 0.722135 0.722908 0.722635
11196 0.722521 0.722134 0.722907 0.722635
11208 0.722522 0.722135 0.722908 0.722635
11220 0.722524 0.722138 0.722911 0.722635
11232 0.722526 0.72214 0.722912 0.722635
11244 0.722525 0.722139 0.722912 0.722635
11256 0.722525 0.722139 0.722911 0.722635
11268 0.722524 0.722138 0.722911 0.722635
11280 0.722525 0.722139 0.722912 0.722635
11292 0.722524 0.722137 0.72291 0.722635
11304 0.722525 0.722139 0.722912 0.722635
11316 0.722525 0.722139 0.722912 0.722635
11328 0.722525 0.722138 0.722911 0.722635
11340 0.722525 0.722139 0.722912 0.722636
11352 0.722523 0.722136 0.722909 0.722636
11364 0.722525 0.722138 0.722911 0.722636
11376 0.722525 0.722138 0.722911 0.722636
11388 0.722523 0.722137 0.72291 0.722636
11400 0.722523 0.722136 0.722909 0.722636
11412 0.722523 0.722136 0.722909 0.722636
11424 0.722523 0.722137 0.72291 0.722636
11436 0.722523 0.722136 0.72291 0.722636
11448 0.722521 0.722134 0.722907 0.722636
11460 0.722519 0.722132 0.722905 0.722636
11472 0.722522 0.722135 0.722908 0.722636
11484 0.722521 0.722135 0.722908 0.722636
11496 0.722524 0.722137 0.722911 0.722636
11508 0.722526 0.722139 0.722912 0.722636
11520 0.722526 0.722139 0.722913 0.722636
11532 0.722525 0.722138 0.722912 0.722636
11544 0.722522 0.722135 0.722909 0.722636
11556 0.722523 0.722137 0.72291 0.722636
11568 0.722526 0.722139 0.722913 0.722636
11580 0.722524 0.722138 0.722911 0.722637
11592 0.722523 0.722136 0.72291 0.722637
11604 0.722523 0.722136 0.72291 0.722637
11616 0.722522 0.722135 0.722909 0.722637
11628 0.722525 0.722138 0.722912 0.722637
11640 0.722525 0.722138 0.722912 0.722637
11652 0.722527 0.72214 0.722914 0.722637
11664 0.722528 0.722141 0.722915 0.722637
11676 0.722526 0.722139 0.722913 0.722637
11688 0.722525 0.722138 0.722912 0.722637
11700 0.722524 0.722137 0.722911 0.722637
11712 0.722523 0.722136 0.72291 0.722637
11724 0.722522 0.722135 0.722909 0.722637
11736 0.722525 0.722138 0.722912 0.722637
11748 0.722524 0.722137 0.722911 0.722637
11760 0.722524 0.722137 0.722911 0.722637
11772 0.722525 0.722138 0.722912 0.722637
11784 0.722525 0.722138 0.722912 0.722637
11796 0.722525 0.722138 0.722912 0.722637
11808 0.722524 0.722137 0.722911 0.722637
11820 0.722524 0.722137 0.722911 0.722637
11832 0.722524 0.722137 0.722911 0.722638
11844 0.722524 0.722137 0.722911 0.722638
11856 0.722523 0.722136 0.72291 0.722638
11868 0.72252 0.722133 0.722907 0.722638
11880 0.722521 0.722134 0.722908 0.722638
11892 0.722521 0.722133 0.722908 0.722638
11904 0.722519 0.722132 0.722906 0.722638
11916 0.722518 0.722131 0.722906 0.722638
11928 0.722516 0.722129 0.722903 0.722638
11940 0.722515 0.722128 0.722902 0.722638
11952 0.722515 0.722127 0.722902 0.722638
11964 0.722516 0.722129 0.722903 0.722638
11976 0.722513 0.722125 0.7229 0.722638
11988 0.722513 0.722126 0.722901 0.722638
12000 0.722513 0.722126 0.722901 0.722638
12012 0.722511 0.722124 0.722899 0.722638
12024 0.722513 0.722126 0.722901 0.722638
12036 0.722514 0.722127 0.722902 0.722638
12048 0.722515 0.722128 0.722903 0.722638
12060 0.722515 0.722127 0.722902 0.722638
12072 0.722512 0.722125 0.7229 0.722638
12084 0.722512 0.722125 0.722899 0.722639
12096 0.722511 0.722124 0.722898 0.722639
12108 0.72251 0.722123 0.722897 0.722639
12120 0.722508 0.722121 0.722896 0.722639
12132 0.722506 0.722119 0.722894 0.722639
12144 0.722506 0.722119 0.722894 0.722639
12156 0.722506 0.722119 0.722894 0.722639
12168 0.722507 0.72212 0.722895 0.722639
12180 0.722508 0.72212 0.722895 0.722639
12192 0.722508 0.722121 0.722895 0.722639
12204 0.722511 0.722123 0.722898 0.722639
12216 0.722511 0.722124 0.722899 0.722639
12228 0.722508 0.722121 0.722896 0.722639
12240 0.722509 0.722121 0.722896 0.722639
12252 0.722508 0.72212 0.722895 0.722639
12264 0.722511 0.722124 0.722899 0.722639
12276 0.722511 0.722124 0.722899 0.722639
12288 0.722512 0.722124 0.722899 0.722639
12300 0.722513 0.722125 0.7229 0.722639
12312 0.722513 0.722125 0.7229 0.722639
12324 0.722511 0.722124 0.722899 0.722639
12336 0.722512 0.722124 0.722899 0.722639
12348 0.722513 0.722125 0.7229 0.722639
12360 0.722513 0.722126 0.722901 0.72264
12372 0.722514 0.722127 0.722902 0.72264
12384 0.722516 0.722128 0.722903 0.72264
12396 0.722517 0.72213 0.722905 0.72264
12408 0.722519 0.722132 0.722907 0.72264
12420 0.722518 0.722131 0.722906 0.72264
12432 0.722519 0.722131 0.722907 0.72264
12444 0.722517 0.72213 0.722905 0.72264
12456 0.722518 0.72213 0.722906 0.72264
12468 0.722518 0.722131 0.722906 0.72264
12480 0.722517 0.72213 0.722905 0.72264
12492 0.722518 0.722131 0.722906 0.72264
12504 0.722517 0.72213 0.722905 0.72264
12516 0.722517 0.722129 0.722905 0.72264
12528 0.722518 0.722131 0.722906 0.72264
12540 0.72252 0.722132 0.722908 0.72264
12552 0.72252 0.722132 0.722908 0.72264
12564 0.722522 0.722134 0.72291 0.72264
12576 0.722523 0.722135 0.722911 0.72264
12588 0.722523 0.722135 0.722911 0.72264
