//total_population estimated_relatedness lower_bound upper_bound relatedness
50 0.510204 nan nan 0.510204
51 0.510542 0.510466 0.510617 0.510588
52 0.510865 0.510759 0.510971 0.510957
53 0.511218 0.511089 0.511347 0.511312
54 0.51154 0.511393 0.511688 0.511654
55 0.511857 0.511693 0.512021 0.511983
56 0.512211 0.512033 0.512389 0.512299
57 0.512585 0.512395 0.512776 0.512605
58 0.512908 0.512706 0.51311 0.5129
59 0.513139 0.512926 0.513351 0.513185
60 0.513398 0.513176 0.513619 0.51346
61 0.513639 0.513408 0.51387 0.513725
62 0.513915 0.513675 0.514155 0.513983
63 0.514178 0.51393 0.514426 0.514231
64 0.514382 0.514127 0.514638 0.514472
65 0.514654 0.51439 0.514917 0.514706
66 0.51487 0.5146 0.515141 0.514932
67 0.515101 0.514823 0.515378 0.515152
68 0.515331 0.515048 0.515614 0.515364
69 0.515555 0.515266 0.515845 0.515571
70 0.515722 0.515426 0.516017 0.515772
71 0.515927 0.515625 0.516228 0.515966
72 0.516171 0.515864 0.516478 0.516156
73 0.516327 0.516015 0.516639 0.51634
74 0.516488 0.516172 0.516804 0.516519
75 0.516626 0.516306 0.516946 0.516693
76 0.516838 0.516513 0.517162 0.516863
77 0.517042 0.516713 0.517372 0.517028
78 0.517225 0.516891 0.517559 0.517189
79 0.517404 0.517065 0.517742 0.517345
80 0.517609 0.517266 0.517953 0.517498
81 0.517766 0.517419 0.518113 0.517647
82 0.517928 0.517578 0.518279 0.517792
83 0.518067 0.517713 0.518421 0.517934
84 0.518209 0.517852 0.518567 0.518072
85 0.518356 0.517995 0.518716 0.518207
86 0.518472 0.518109 0.518835 0.518339
87 0.518561 0.518195 0.518927 0.518468
88 0.518712 0.518343 0.51908 0.518594
89 0.518798 0.518427 0.519169 0.518717
90 0.51897 0.518596 0.519344 0.518837
91 0.519112 0.518735 0.51949 0.518954
92 0.519221 0.518841 0.519601 0.519069
93 0.519353 0.518971 0.519735 0.519182
94 0.519439 0.519054 0.519824 0.519292
95 0.519571 0.519183 0.519959 0.519399
96 0.519666 0.519276 0.520056 0.519505
97 0.519759 0.519368 0.52015 0.519608
98 0.519876 0.519482 0.52027 0.519709
99 0.519999 0.519603 0.520396 0.519808
100 0.520122 0.519723 0.520522 0.519905
101 0.520241 0.51984 0.520643 0.52
102 0.520335 0.519932 0.520738 0.520093
103 0.52046 0.520055 0.520865 0.520185
104 0.520566 0.520159 0.520973 0.520274
105 0.520651 0.520241 0.52106 0.520362
106 0.520721 0.52031 0.521131 0.520448
107 0.520805 0.520392 0.521217 0.520533
108 0.520915 0.520499 0.52133 0.520616
109 0.520998 0.520581 0.521415 0.520697
110 0.521068 0.520649 0.521487 0.520777
111 0.521153 0.520733 0.521574 0.520856
112 0.521244 0.520822 0.521666 0.520933
113 0.521282 0.52086 0.521704 0.521008
114 0.521335 0.520912 0.521758 0.521083
115 0.521397 0.520973 0.521822 0.521156
116 0.521434 0.521008 0.52186 0.521228
117 0.521516 0.521089 0.521944 0.521298
118 0.52161 0.521181 0.522039 0.521368
119 0.521686 0.521255 0.522117 0.521436
120 0.521751 0.521319 0.522184 0.521503
121 0.521825 0.521391 0.52226 0.521569
122 0.521858 0.521424 0.522293 0.521633
123 0.521954 0.521518 0.52239 0.521697
124 0.522 0.521563 0.522436 0.52176
125 0.522046 0.521608 0.522483 0.521822
126 0.522108 0.521669 0.522546 0.521882
127 0.522175 0.521734 0.522615 0.521942
128 0.522237 0.521796 0.522678 0.522001
129 0.522315 0.521872 0.522759 0.522059
130 0.522373 0.521929 0.522818 0.522116
131 0.522428 0.521982 0.522874 0.522172
132 0.522476 0.522029 0.522923 0.522227
133 0.522533 0.522085 0.522981 0.522282
134 0.522576 0.522126 0.523025 0.522335
135 0.522607 0.522157 0.523057 0.522388
136 0.522636 0.522185 0.523088 0.52244
137 0.522675 0.522223 0.523127 0.522491
138 0.52276 0.522307 0.523213 0.522542
139 0.522829 0.522375 0.523284 0.522592
140 0.522888 0.522432 0.523344 0.522641
141 0.522926 0.52247 0.523383 0.522689
142 0.522981 0.522523 0.523438 0.522737
143 0.523011 0.522553 0.523469 0.522784
144 0.523056 0.522597 0.523515 0.52283
145 0.523124 0.522665 0.523584 0.522876
146 0.523165 0.522704 0.523626 0.522921
147 0.523195 0.522734 0.523657 0.522965
148 0.523234 0.522772 0.523696 0.523009
149 0.523278 0.522816 0.523741 0.523052
150 0.523318 0.522855 0.523781 0.523095
151 0.523376 0.522911 0.523841 0.523137
152 0.523431 0.522965 0.523897 0.523179
153 0.523475 0.523008 0.523942 0.52322
154 0.523521 0.523053 0.523989 0.52326
155 0.523561 0.523092 0.52403 0.5233
156 0.523615 0.523145 0.524085 0.52334
157 0.52367 0.523199 0.524142 0.523379
158 0.523705 0.523234 0.524177 0.523417
159 0.523719 0.523247 0.524191 0.523455
160 0.523782 0.523309 0.524255 0.523492
161 0.523822 0.523348 0.524296 0.523529
162 0.523842 0.523368 0.524316 0.523566
163 0.523897 0.523422 0.524373 0.523602
164 0.523922 0.523446 0.524398 0.523638
165 0.523967 0.523489 0.524444 0.523673
166 0.523994 0.523516 0.524472 0.523708
167 0.52404 0.523561 0.524519 0.523742
168 0.524064 0.523585 0.524543 0.523776
169 0.524099 0.523619 0.524578 0.52381
170 0.524146 0.523665 0.524627 0.523843
171 0.524176 0.523694 0.524657 0.523875
172 0.524214 0.523732 0.524696 0.523908
173 0.524239 0.523757 0.524722 0.52394
174 0.524277 0.523794 0.52476 0.523971
175 0.524298 0.523814 0.524782 0.524003
176 0.524315 0.52383 0.524799 0.524034
177 0.52436 0.523875 0.524845 0.524064
178 0.524365 0.52388 0.524851 0.524094
179 0.524392 0.523906 0.524878 0.524124
180 0.524421 0.523934 0.524907 0.524154
181 0.524449 0.523961 0.524936 0.524183
182 0.524469 0.523981 0.524957 0.524212
183 0.524478 0.52399 0.524966 0.52424
184 0.524486 0.523998 0.524974 0.524269
185 0.524499 0.524011 0.524987 0.524297
186 0.524516 0.524028 0.525005 0.524324
187 0.524541 0.524052 0.52503 0.524352
188 0.524555 0.524065 0.525045 0.524379
189 0.524576 0.524086 0.525067 0.524406
190 0.524579 0.524089 0.52507 0.524432
191 0.524606 0.524115 0.525097 0.524458
192 0.524629 0.524137 0.525121 0.524484
193 0.524641 0.524148 0.525134 0.52451
194 0.524667 0.524173 0.52516 0.524535
195 0.524684 0.52419 0.525178 0.52456
196 0.524707 0.524213 0.525201 0.524585
197 0.524732 0.524238 0.525227 0.52461
198 0.524768 0.524273 0.525264 0.524634
199 0.524795 0.524299 0.525291 0.524658
200 0.524807 0.524311 0.525303 0.524682
201 0.524806 0.52431 0.525303 0.524706
202 0.52483 0.524333 0.525327 0.524729
203 0.524859 0.524361 0.525356 0.524752
204 0.524896 0.524398 0.525395 0.524775
205 0.524914 0.524415 0.525413 0.524798
206 0.524915 0.524417 0.525414 0.524821
207 0.524948 0.524449 0.525446 0.524843
208 0.524973 0.524474 0.525472 0.524865
209 0.52501 0.52451 0.525511 0.524887
210 0.525039 0.524538 0.525541 0.524909
211 0.525048 0.524546 0.525549 0.52493
212 0.525071 0.524569 0.525573 0.524951
213 0.525087 0.524584 0.525589 0.524972
214 0.5251 0.524598 0.525603 0.524993
215 0.525125 0.524623 0.525627 0.525014
216 0.525142 0.52464 0.525645 0.525034
217 0.525177 0.524674 0.52568 0.525054
218 0.525226 0.524722 0.52573 0.525075
219 0.525247 0.524743 0.525752 0.525094
220 0.525264 0.52476 0.525768 0.525114
221 0.525273 0.524769 0.525778 0.525134
222 0.525304 0.524799 0.525809 0.525153
223 0.525311 0.524806 0.525817 0.525172
224 0.525318 0.524812 0.525824 0.525191
225 0.525351 0.524845 0.525857 0.52521
226 0.525376 0.52487 0.525883 0.525229
227 0.525399 0.524892 0.525905 0.525247
228 0.525439 0.524932 0.525946 0.525266
229 0.525451 0.524944 0.525958 0.525284
230 0.525479 0.524971 0.525986 0.525302
231 0.525493 0.524985 0.526001 0.52532
232 0.525509 0.525 0.526017 0.525337
233 0.525531 0.525022 0.52604 0.525355
234 0.525531 0.525021 0.52604 0.525372
235 0.525551 0.525041 0.526061 0.52539
236 0.525571 0.525061 0.52608 0.525407
237 0.525603 0.525093 0.526114 0.525424
238 0.525627 0.525117 0.526138 0.525441
239 0.525654 0.525143 0.526165 0.525457
240 0.525676 0.525164 0.526187 0.525474
241 0.525687 0.525175 0.526199 0.52549
242 0.525705 0.525192 0.526217 0.525506
243 0.525724 0.525211 0.526237 0.525523
244 0.525743 0.52523 0.526256 0.525539
245 0.525766 0.525253 0.526279 0.525554
246 0.525786 0.525272 0.526299 0.52557
247 0.525814 0.5253 0.526328 0.525586
248 0.525822 0.525308 0.526336 0.525601
249 0.525831 0.525317 0.526346 0.525617
250 0.525842 0.525328 0.526356 0.525632
251 0.525846 0.525332 0.52636 0.525647
252 0.525854 0.52534 0.526367 0.525662
253 0.525873 0.525358 0.526387 0.525677
254 0.525894 0.525379 0.526408 0.525692
255 0.525896 0.525382 0.526411 0.525706
256 0.5259 0.525386 0.526415 0.525721
257 0.525917 0.525402 0.526431 0.525735
258 0.525919 0.525404 0.526433 0.52575
259 0.525936 0.525421 0.526451 0.525764
260 0.52595 0.525434 0.526465 0.525778
261 0.525978 0.525462 0.526494 0.525792
262 0.525982 0.525466 0.526498 0.525806
263 0.525997 0.525481 0.526514 0.525819
264 0.525991 0.525475 0.526506 0.525833
265 0.526016 0.5255 0.526532 0.525847
266 0.526043 0.525527 0.52656 0.52586
267 0.526053 0.525536 0.52657 0.525874
268 0.526064 0.525547 0.526581 0.525887
269 0.526073 0.525556 0.52659 0.5259
270 0.526083 0.525566 0.5266 0.525913
271 0.526087 0.52557 0.526604 0.525926
272 0.526097 0.52558 0.526615 0.525939
273 0.526089 0.525571 0.526606 0.525952
274 0.526109 0.525591 0.526627 0.525964
275 0.52612 0.525602 0.526639 0.525977
276 0.52613 0.525612 0.526649 0.525989
277 0.526131 0.525612 0.526649 0.526002
278 0.52615 0.525631 0.526669 0.526014
279 0.526154 0.525635 0.526672 0.526026
280 0.526163 0.525645 0.526682 0.526038
281 0.526171 0.525652 0.526689 0.52605
282 0.526184 0.525665 0.526703 0.526062
283 0.5262 0.525681 0.526719 0.526074
284 0.526207 0.525688 0.526726 0.526086
285 0.526227 0.525708 0.526747 0.526098
286 0.526253 0.525733 0.526773 0.526109
287 0.526259 0.525739 0.526779 0.526121
288 0.526271 0.525751 0.526791 0.526132
289 0.526274 0.525753 0.526794 0.526144
290 0.526299 0.525779 0.52682 0.526155
291 0.52632 0.525799 0.526842 0.526166
292 0.526325 0.525804 0.526847 0.526177
293 0.526346 0.525825 0.526868 0.526189
294 0.526346 0.525824 0.526868 0.5262
295 0.526329 0.525808 0.52685 0.52621
296 0.526332 0.52581 0.526853 0.526221
297 0.52635 0.525828 0.526872 0.526232
298 0.526352 0.52583 0.526875 0.526243
299 0.52635 0.525828 0.526872 0.526253
300 0.526368 0.525846 0.52689 0.526264
301 0.526381 0.525859 0.526903 0.526275
302 0.52638 0.525858 0.526902 0.526285
303 0.526403 0.52588 0.526925 0.526295
304 0.526415 0.525892 0.526938 0.526306
305 0.526431 0.525907 0.526954 0.526316
306 0.526435 0.525912 0.526959 0.526326
307 0.526446 0.525923 0.52697 0.526336
308 0.526454 0.52593 0.526978 0.526346
309 0.526467 0.525943 0.52699 0.526356
310 0.52648 0.525956 0.527005 0.526366
311 0.526491 0.525966 0.527015 0.526376
312 0.526501 0.525976 0.527025 0.526385
313 0.526516 0.525991 0.527041 0.526395
314 0.526528 0.526003 0.527053 0.526405
315 0.526543 0.526018 0.527068 0.526414
316 0.526553 0.526028 0.527078 0.526424
317 0.526568 0.526043 0.527094 0.526433
318 0.526573 0.526047 0.527099 0.526443
319 0.526572 0.526046 0.527098 0.526452
320 0.526582 0.526056 0.527109 0.526461
321 0.526601 0.526075 0.527128 0.526471
322 0.526606 0.526079 0.527132 0.52648
323 0.526593 0.526067 0.527119 0.526489
324 0.526615 0.526088 0.527141 0.526498
325 0.526624 0.526097 0.52715 0.526507
326 0.52662 0.526093 0.527147 0.526516
327 0.526626 0.526099 0.527153 0.526525
328 0.526625 0.526098 0.527151 0.526534
329 0.526617 0.52609 0.527143 0.526542
330 0.526618 0.526092 0.527145 0.526551
331 0.526623 0.526097 0.52715 0.52656
332 0.526622 0.526096 0.527148 0.526568
333 0.526628 0.526102 0.527155 0.526577
334 0.526625 0.526098 0.527152 0.526585
335 0.526634 0.526107 0.527161 0.526594
336 0.526639 0.526112 0.527166 0.526602
337 0.526656 0.526129 0.527183 0.526611
338 0.52666 0.526133 0.527187 0.526619
339 0.526658 0.526132 0.527185 0.526627
340 0.526662 0.526135 0.527189 0.526635
341 0.526664 0.526137 0.527191 0.526644
342 0.526676 0.526148 0.527203 0.526652
343 0.526674 0.526147 0.527202 0.52666
344 0.526688 0.52616 0.527216 0.526668
345 0.526687 0.526159 0.527215 0.526676
346 0.526688 0.52616 0.527216 0.526684
347 0.526695 0.526167 0.527223 0.526692
348 0.526712 0.526183 0.52724 0.526699
349 0.526728 0.526199 0.527256 0.526707
350 0.526744 0.526215 0.527273 0.526715
351 0.526749 0.52622 0.527279 0.526723
352 0.526753 0.526224 0.527282 0.52673
353 0.52676 0.526231 0.527289 0.526738
354 0.526757 0.526228 0.527286 0.526746
355 0.526761 0.526232 0.52729 0.526753
356 0.526757 0.526228 0.527286 0.526761
357 0.526762 0.526233 0.527291 0.526768
358 0.526773 0.526244 0.527302 0.526775
359 0.526785 0.526256 0.527314 0.526783
360 0.526784 0.526255 0.527313 0.52679
361 0.526795 0.526265 0.527324 0.526797
362 0.526792 0.526262 0.527321 0.526805
363 0.526797 0.526268 0.527326 0.526812
364 0.526807 0.526278 0.527336 0.526819
365 0.526806 0.526277 0.527335 0.526826
366 0.526822 0.526292 0.527351 0.526833
367 0.526833 0.526303 0.527362 0.52684
368 0.526841 0.526312 0.52737 0.526847
369 0.526843 0.526313 0.527373 0.526854
370 0.526847 0.526317 0.527377 0.526861
371 0.526864 0.526334 0.527394 0.526868
372 0.52686 0.52633 0.52739 0.526875
373 0.526864 0.526334 0.527394 0.526882
374 0.526871 0.526341 0.527401 0.526889
375 0.526882 0.526352 0.527412 0.526895
376 0.526888 0.526358 0.527419 0.526902
377 0.526899 0.526369 0.52743 0.526909
378 0.526912 0.526381 0.527443 0.526915
379 0.526916 0.526385 0.527447 0.526922
380 0.52693 0.526399 0.527461 0.526928
381 0.526928 0.526396 0.527459 0.526935
382 0.526931 0.5264 0.527463 0.526941
383 0.526933 0.526402 0.527465 0.526948
384 0.526935 0.526404 0.527467 0.526954
385 0.526942 0.52641 0.527474 0.526961
386 0.526944 0.526412 0.527476 0.526967
387 0.526942 0.52641 0.527474 0.526973
388 0.526955 0.526423 0.527488 0.52698
389 0.526965 0.526432 0.527498 0.526986
390 0.526977 0.526444 0.52751 0.526992
391 0.526985 0.526452 0.527518 0.526998
392 0.526989 0.526456 0.527522 0.527005
393 0.527001 0.526468 0.527534 0.527011
394 0.527007 0.526474 0.52754 0.527017
395 0.527008 0.526475 0.527541 0.527023
396 0.52702 0.526486 0.527553 0.527029
397 0.527017 0.526484 0.52755 0.527035
398 0.527021 0.526488 0.527554 0.527041
399 0.527026 0.526493 0.52756 0.527047
400 0.527032 0.526498 0.527565 0.527053
401 0.52704 0.526506 0.527574 0.527059
402 0.527046 0.526512 0.52758 0.527065
403 0.527045 0.526512 0.527579 0.527071
404 0.527043 0.526509 0.527577 0.527076
405 0.527056 0.526522 0.52759 0.527082
406 0.52706 0.526526 0.527595 0.527088
407 0.527067 0.526532 0.527601 0.527094
408 0.527073 0.526538 0.527607 0.527099
409 0.527081 0.526546 0.527616 0.527105
410 0.527088 0.526553 0.527623 0.527111
411 0.527096 0.52656 0.527631 0.527116
412 0.527108 0.526572 0.527643 0.527122
413 0.527115 0.526579 0.52765 0.527127
414 0.527134 0.526598 0.52767 0.527133
415 0.527143 0.526606 0.527679 0.527138
416 0.527153 0.526616 0.527689 0.527144
417 0.527156 0.52662 0.527693 0.527149
418 0.527157 0.526621 0.527693 0.527155
419 0.527156 0.52662 0.527692 0.52716
420 0.527156 0.52662 0.527693 0.527166
421 0.527163 0.526627 0.5277 0.527171
422 0.527164 0.526628 0.5277 0.527176
423 0.527176 0.52664 0.527713 0.527181
424 0.527176 0.52664 0.527713 0.527187
425 0.527185 0.526648 0.527722 0.527192
426 0.52719 0.526653 0.527727 0.527197
427 0.527184 0.526647 0.527721 0.527202
428 0.527192 0.526655 0.527728 0.527208
429 0.527207 0.52667 0.527743 0.527213
430 0.527214 0.526677 0.52775 0.527218
431 0.527224 0.526687 0.527761 0.527223
432 0.527234 0.526696 0.527771 0.527228
433 0.527245 0.526707 0.527783 0.527233
434 0.527253 0.526715 0.527791 0.527238
435 0.527254 0.526716 0.527792 0.527243
436 0.527262 0.526724 0.5278 0.527248
437 0.527268 0.526729 0.527806 0.527253
438 0.527274 0.526735 0.527812 0.527258
439 0.527287 0.526749 0.527826 0.527263
440 0.5273 0.526761 0.527839 0.527268
441 0.527311 0.526772 0.52785 0.527273
442 0.527317 0.526777 0.527856 0.527278
443 0.527312 0.526772 0.527851 0.527282
444 0.527323 0.526784 0.527863 0.527287
445 0.527334 0.526794 0.527874 0.527292
446 0.527338 0.526798 0.527877 0.527297
447 0.527345 0.526805 0.527884 0.527302
448 0.527354 0.526814 0.527893 0.527306
449 0.527354 0.526814 0.527894 0.527311
450 0.52735 0.526811 0.52789 0.527316
451 0.527345 0.526806 0.527885 0.52732
452 0.52736 0.52682 0.527899 0.527325
453 0.52737 0.526829 0.52791 0.52733
454 0.527371 0.526831 0.527912 0.527334
455 0.527376 0.526835 0.527916 0.527339
456 0.527383 0.526842 0.527923 0.527343
457 0.527389 0.526849 0.52793 0.527348
458 0.527389 0.526848 0.52793 0.527352
459 0.527395 0.526855 0.527936 0.527357
460 0.527405 0.526864 0.527946 0.527361
461 0.527405 0.526864 0.527946 0.527366
462 0.527417 0.526876 0.527959 0.52737
463 0.52743 0.526888 0.527972 0.527375
464 0.527434 0.526892 0.527975 0.527379
465 0.527436 0.526894 0.527978 0.527383
466 0.527441 0.526898 0.527983 0.527388
467 0.527442 0.5269 0.527984 0.527392
468 0.527449 0.526907 0.527992 0.527396
469 0.527455 0.526912 0.527997 0.527401
470 0.52746 0.526918 0.528003 0.527405
471 0.527471 0.526928 0.528014 0.527409
472 0.527474 0.526932 0.528017 0.527414
473 0.527482 0.526939 0.528024 0.527418
474 0.52749 0.526947 0.528033 0.527422
475 0.527497 0.526954 0.528041 0.527426
476 0.527504 0.526961 0.528047 0.52743
477 0.527513 0.52697 0.528056 0.527435
478 0.527512 0.526969 0.528055 0.527439
479 0.52752 0.526977 0.528064 0.527443
480 0.527525 0.526982 0.528068 0.527447
481 0.527533 0.52699 0.528077 0.527451
482 0.527534 0.526991 0.528078 0.527455
483 0.527533 0.526989 0.528076 0.527459
484 0.527547 0.527004 0.528091 0.527463
485 0.527548 0.527005 0.528092 0.527467
486 0.527544 0.527 0.528087 0.527471
487 0.527546 0.527003 0.52809 0.527475
488 0.527547 0.527003 0.528091 0.527479
489 0.527553 0.527009 0.528097 0.527483
490 0.527561 0.527017 0.528105 0.527487
491 0.527566 0.527022 0.52811 0.527491
492 0.527568 0.527023 0.528112 0.527495
493 0.527577 0.527033 0.528122 0.527499
494 0.527578 0.527034 0.528123 0.527503
495 0.527586 0.527041 0.528131 0.527507
496 0.527582 0.527037 0.528126 0.52751
497 0.527586 0.527041 0.52813 0.527514
498 0.527584 0.52704 0.528129 0.527518
499 0.527594 0.52705 0.528139 0.527522
500 0.527597 0.527052 0.528141 0.527526
501 0.527609 0.527064 0.528154 0.527529
502 0.527614 0.527069 0.528159 0.527533
503 0.527619 0.527074 0.528164 0.527537
504 0.527627 0.527082 0.528172 0.527541
505 0.527634 0.527088 0.528179 0.527544
506 0.527638 0.527092 0.528183 0.527548
507 0.527644 0.527098 0.528189 0.527552
508 0.527648 0.527103 0.528194 0.527555
509 0.527659 0.527113 0.528204 0.527559
510 0.527668 0.527122 0.528213 0.527563
511 0.527676 0.52713 0.528221 0.527566
512 0.527681 0.527135 0.528227 0.52757
513 0.527687 0.527141 0.528233 0.527574
514 0.527677 0.527131 0.528222 0.527577
515 0.527682 0.527137 0.528228 0.527581
516 0.527689 0.527144 0.528235 0.527584
517 0.527691 0.527145 0.528237 0.527588
518 0.527694 0.527148 0.52824 0.527591
519 0.527695 0.527149 0.528241 0.527595
520 0.527698 0.527152 0.528244 0.527598
521 0.527707 0.527161 0.528253 0.527602
522 0.527711 0.527165 0.528257 0.527605
523 0.527718 0.527172 0.528264 0.527609
524 0.527722 0.527176 0.528268 0.527612
525 0.527728 0.527182 0.528275 0.527616
526 0.527733 0.527187 0.52828 0.527619
527 0.527739 0.527193 0.528286 0.527622
528 0.527749 0.527202 0.528296 0.527626
529 0.527749 0.527202 0.528296 0.527629
530 0.527759 0.527212 0.528306 0.527633
531 0.527762 0.527215 0.528309 0.527636
532 0.527761 0.527214 0.528308 0.527639
533 0.527761 0.527214 0.528309 0.527643
534 0.527769 0.527221 0.528316 0.527646
535 0.527771 0.527223 0.528318 0.527649
536 0.527773 0.527225 0.52832 0.527653
537 0.527765 0.527218 0.528312 0.527656
538 0.52777 0.527223 0.528318 0.527659
539 0.527769 0.527222 0.528316 0.527662
540 0.527769 0.527222 0.528316 0.527666
541 0.527769 0.527222 0.528317 0.527669
542 0.527771 0.527223 0.528318 0.527672
543 0.527777 0.52723 0.528325 0.527675
544 0.527775 0.527227 0.528322 0.527678
545 0.527777 0.52723 0.528324 0.527682
546 0.527786 0.527239 0.528334 0.527685
547 0.527777 0.52723 0.528324 0.527688
548 0.527782 0.527234 0.528329 0.527691
549 0.527787 0.52724 0.528335 0.527694
550 0.527794 0.527246 0.528341 0.527697
551 0.527797 0.527249 0.528345 0.527701
552 0.527803 0.527255 0.52835 0.527704
553 0.527807 0.52726 0.528355 0.527707
554 0.527812 0.527264 0.52836 0.52771
555 0.527818 0.52727 0.528366 0.527713
556 0.527821 0.527273 0.528369 0.527716
557 0.527828 0.527279 0.528376 0.527719
558 0.52784 0.527292 0.528389 0.527722
559 0.527847 0.527299 0.528396 0.527725
560 0.52785 0.527302 0.528399 0.527728
561 0.527861 0.527312 0.52841 0.527731
562 0.527869 0.52732 0.528418 0.527734
563 0.527872 0.527323 0.528421 0.527737
564 0.527881 0.527332 0.52843 0.52774
565 0.52788 0.52733 0.528429 0.527743
566 0.527882 0.527333 0.528432 0.527746
567 0.527891 0.527342 0.528441 0.527749
568 0.527894 0.527344 0.528444 0.527752
569 0.527898 0.527348 0.528448 0.527755
570 0.527903 0.527353 0.528452 0.527758
571 0.527908 0.527358 0.528458 0.527761
572 0.52791 0.52736 0.528459 0.527763
573 0.527906 0.527357 0.528456 0.527766
574 0.527904 0.527354 0.528453 0.527769
575 0.527903 0.527353 0.528452 0.527772
576 0.527905 0.527355 0.528455 0.527775
577 0.527908 0.527358 0.528457 0.527778
578 0.527912 0.527362 0.528462 0.527781
579 0.527919 0.527369 0.528469 0.527783
580 0.527919 0.527369 0.528468 0.527786
581 0.52792 0.52737 0.528469 0.527789
582 0.52792 0.52737 0.52847 0.527792
583 0.527921 0.527371 0.528471 0.527795
584 0.527929 0.527379 0.52848 0.527797
585 0.527931 0.527381 0.528481 0.5278
586 0.527929 0.527379 0.528479 0.527803
587 0.527936 0.527386 0.528486 0.527806
588 0.527939 0.527389 0.528489 0.527808
589 0.527941 0.527391 0.528491 0.527811
590 0.527943 0.527393 0.528493 0.527814
591 0.527944 0.527394 0.528494 0.527817
592 0.527947 0.527398 0.528497 0.527819
593 0.527945 0.527395 0.528495 0.527822
594 0.527947 0.527398 0.528497 0.527825
595 0.527947 0.527397 0.528496 0.527827
596 0.527945 0.527395 0.528494 0.52783
597 0.527957 0.527407 0.528507 0.527833
598 0.527961 0.527411 0.528511 0.527835
599 0.527963 0.527413 0.528513 0.527838
600 0.527971 0.527421 0.528521 0.527841
601 0.527968 0.527418 0.528518 0.527843
602 0.527973 0.527422 0.528523 0.527846
603 0.527973 0.527423 0.528523 0.527848
604 0.527981 0.52743 0.528531 0.527851
605 0.527985 0.527434 0.528535 0.527854
606 0.527987 0.527436 0.528538 0.527856
607 0.527992 0.527441 0.528543 0.527859
608 0.527997 0.527446 0.528547 0.527861
609 0.528 0.527449 0.528551 0.527864
610 0.528007 0.527456 0.528558 0.527866
611 0.528013 0.527462 0.528564 0.527869
612 0.528016 0.527465 0.528567 0.527871
613 0.528018 0.527467 0.528569 0.527874
614 0.528022 0.527471 0.528574 0.527876
615 0.528029 0.527478 0.528581 0.527879
616 0.528029 0.527477 0.52858 0.527881
617 0.528029 0.527478 0.52858 0.527884
618 0.528028 0.527476 0.528579 0.527886
619 0.528032 0.527481 0.528583 0.527889
620 0.528026 0.527475 0.528577 0.527891
621 0.528028 0.527477 0.52858 0.527894
622 0.528035 0.527484 0.528587 0.527896
623 0.528043 0.527491 0.528594 0.527899
624 0.528044 0.527492 0.528595 0.527901
625 0.528052 0.5275 0.528604 0.527903
626 0.528053 0.527501 0.528604 0.527906
627 0.528052 0.5275 0.528604 0.527908
628 0.528057 0.527505 0.528608 0.527911
629 0.52806 0.527508 0.528611 0.527913
630 0.528063 0.527511 0.528614 0.527915
631 0.528064 0.527512 0.528616 0.527918
632 0.528069 0.527517 0.528621 0.52792
633 0.528072 0.52752 0.528624 0.527923
634 0.528071 0.527519 0.528623 0.527925
635 0.528073 0.527521 0.528625 0.527927
636 0.52807 0.527518 0.528621 0.52793
637 0.52807 0.527518 0.528622 0.527932
638 0.528074 0.527522 0.528627 0.527934
639 0.528077 0.527525 0.528629 0.527937
640 0.52808 0.527528 0.528632 0.527939
641 0.528084 0.527531 0.528636 0.527941
642 0.528092 0.52754 0.528645 0.527943
643 0.528088 0.527536 0.528641 0.527946
644 0.528093 0.527541 0.528646 0.527948
645 0.5281 0.527547 0.528653 0.52795
646 0.528108 0.527556 0.528661 0.527953
647 0.528108 0.527556 0.528661 0.527955
648 0.528101 0.527548 0.528654 0.527957
649 0.528101 0.527548 0.528654 0.527959
650 0.528108 0.527555 0.528661 0.527962
651 0.528107 0.527555 0.52866 0.527964
652 0.528109 0.527556 0.528662 0.527966
653 0.528108 0.527555 0.52866 0.527968
654 0.528103 0.527551 0.528656 0.52797
655 0.528101 0.527549 0.528654 0.527973
656 0.528106 0.527554 0.528659 0.527975
657 0.528108 0.527555 0.52866 0.527977
658 0.528112 0.52756 0.528665 0.527979
659 0.528117 0.527564 0.528669 0.527981
660 0.528117 0.527565 0.52867 0.527984
661 0.52812 0.527567 0.528673 0.527986
662 0.528116 0.527564 0.528669 0.527988
663 0.528121 0.527569 0.528674 0.52799
664 0.528121 0.527568 0.528674 0.527992
665 0.528124 0.527571 0.528676 0.527994
666 0.528126 0.527573 0.528679 0.527996
667 0.52813 0.527577 0.528683 0.527999
668 0.528137 0.527584 0.52869 0.528001
669 0.528135 0.527582 0.528688 0.528003
670 0.528138 0.527585 0.528691 0.528005
671 0.528138 0.527585 0.528691 0.528007
672 0.528141 0.527588 0.528694 0.528009
673 0.528149 0.527596 0.528703 0.528011
674 0.528148 0.527595 0.528702 0.528013
675 0.528155 0.527601 0.528708 0.528015
676 0.528148 0.527595 0.528702 0.528017
677 0.528158 0.527605 0.528712 0.528019
678 0.528161 0.527608 0.528715 0.528022
679 0.528162 0.527609 0.528716 0.528024
680 0.528167 0.527613 0.528721 0.528026
681 0.528169 0.527615 0.528723 0.528028
682 0.528171 0.527617 0.528725 0.52803
683 0.528172 0.527618 0.528726 0.528032
684 0.52818 0.527626 0.528734 0.528034
685 0.528182 0.527628 0.528736 0.528036
686 0.528181 0.527627 0.528735 0.528038
687 0.528186 0.527631 0.52874 0.52804
688 0.528191 0.527636 0.528745 0.528042
689 0.528201 0.527646 0.528755 0.528044
690 0.528206 0.527651 0.52876 0.528046
691 0.528206 0.527651 0.52876 0.528048
692 0.528208 0.527654 0.528763 0.52805
693 0.528219 0.527664 0.528773 0.528052
694 0.52822 0.527665 0.528774 0.528054
695 0.528221 0.527666 0.528775 0.528056
696 0.52822 0.527665 0.528774 0.528058
697 0.528223 0.527669 0.528778 0.528059
698 0.528225 0.52767 0.528779 0.528061
699 0.528222 0.527668 0.528777 0.528063
700 0.528227 0.527673 0.528782 0.528065
701 0.528228 0.527674 0.528783 0.528067
702 0.528233 0.527679 0.528788 0.528069
703 0.528233 0.527679 0.528788 0.528071
704 0.528239 0.527684 0.528794 0.528073
705 0.528235 0.52768 0.528789 0.528075
706 0.528237 0.527683 0.528791 0.528077
707 0.528239 0.527684 0.528793 0.528079
708 0.528241 0.527687 0.528795 0.528081
709 0.52824 0.527685 0.528794 0.528082
710 0.528242 0.527688 0.528796 0.528084
711 0.528239 0.527685 0.528793 0.528086
712 0.52824 0.527686 0.528795 0.528088
713 0.528242 0.527687 0.528796 0.52809
714 0.528244 0.527689 0.528798 0.528092
715 0.528245 0.52769 0.528799 0.528094
716 0.528242 0.527688 0.528796 0.528095
717 0.528248 0.527693 0.528802 0.528097
718 0.528249 0.527695 0.528803 0.528099
719 0.528252 0.527698 0.528806 0.528101
720 0.528253 0.527699 0.528807 0.528103
721 0.528258 0.527704 0.528812 0.528105
722 0.528261 0.527707 0.528816 0.528106
723 0.528262 0.527708 0.528817 0.528108
724 0.528263 0.527708 0.528817 0.52811
725 0.528265 0.52771 0.528819 0.528112
726 0.52827 0.527716 0.528825 0.528114
727 0.528273 0.527719 0.528828 0.528115
728 0.528275 0.52772 0.528829 0.528117
729 0.528278 0.527724 0.528833 0.528119
730 0.528284 0.52773 0.528839 0.528121
731 0.528288 0.527734 0.528843 0.528122
732 0.528292 0.527737 0.528847 0.528124
733 0.52829 0.527735 0.528845 0.528126
734 0.528291 0.527736 0.528845 0.528128
735 0.528291 0.527736 0.528846 0.52813
736 0.528296 0.527741 0.528851 0.528131
737 0.528295 0.527741 0.52885 0.528133
738 0.528296 0.527741 0.52885 0.528135
739 0.528297 0.527743 0.528852 0.528136
740 0.528299 0.527745 0.528854 0.528138
741 0.528298 0.527743 0.528852 0.52814
742 0.528301 0.527747 0.528856 0.528142
743 0.528307 0.527752 0.528861 0.528143
744 0.528307 0.527752 0.528861 0.528145
745 0.528311 0.527756 0.528866 0.528147
746 0.528314 0.52776 0.528869 0.528148
747 0.528318 0.527764 0.528873 0.52815
748 0.528323 0.527768 0.528878 0.528152
749 0.528321 0.527766 0.528876 0.528154
750 0.528326 0.527771 0.528881 0.528155
751 0.528321 0.527766 0.528875 0.528157
752 0.528321 0.527766 0.528876 0.528159
753 0.528323 0.527768 0.528878 0.52816
754 0.528327 0.527771 0.528882 0.528162
755 0.528329 0.527773 0.528884 0.528164
756 0.528328 0.527772 0.528883 0.528165
757 0.528331 0.527776 0.528887 0.528167
758 0.528336 0.52778 0.528891 0.528168
759 0.528329 0.527773 0.528884 0.52817
760 0.528331 0.527776 0.528887 0.528172
761 0.528332 0.527777 0.528888 0.528173
762 0.528335 0.527779 0.52889 0.528175
763 0.528337 0.527781 0.528892 0.528177
764 0.528338 0.527782 0.528893 0.528178
765 0.528343 0.527787 0.528898 0.52818
766 0.528347 0.527791 0.528903 0.528181
767 0.528344 0.527788 0.5289 0.528183
768 0.528345 0.527789 0.5289 0.528185
769 0.528348 0.527791 0.528904 0.528186
770 0.528356 0.527799 0.528912 0.528188
771 0.528358 0.527802 0.528914 0.528189
772 0.52836 0.527804 0.528917 0.528191
773 0.528361 0.527804 0.528917 0.528193
774 0.528363 0.527806 0.528919 0.528194
775 0.528368 0.527811 0.528924 0.528196
776 0.528365 0.527809 0.528922 0.528197
777 0.52837 0.527813 0.528926 0.528199
778 0.528369 0.527812 0.528925 0.5282
779 0.52837 0.527813 0.528926 0.528202
780 0.528374 0.527818 0.528931 0.528204
781 0.528372 0.527815 0.528928 0.528205
782 0.528369 0.527813 0.528926 0.528207
783 0.528368 0.527811 0.528924 0.528208
784 0.528368 0.527812 0.528925 0.52821
785 0.528365 0.527808 0.528922 0.528211
786 0.528368 0.527812 0.528925 0.528213
787 0.528371 0.527814 0.528927 0.528214
788 0.52837 0.527813 0.528927 0.528216
789 0.528369 0.527812 0.528926 0.528217
790 0.528369 0.527812 0.528926 0.528219
791 0.528367 0.527811 0.528924 0.52822
792 0.528372 0.527815 0.528929 0.528222
793 0.528374 0.527817 0.52893 0.528223
794 0.528373 0.527816 0.52893 0.528225
795 0.528372 0.527816 0.528929 0.528226
796 0.528371 0.527814 0.528927 0.528228
797 0.528373 0.527817 0.52893 0.528229
798 0.528377 0.527821 0.528934 0.528231
799 0.528385 0.527829 0.528942 0.528232
800 0.528386 0.527829 0.528943 0.528234
801 0.528385 0.527828 0.528941 0.528235
802 0.528388 0.527831 0.528944 0.528237
803 0.528388 0.527831 0.528944 0.528238
804 0.52839 0.527834 0.528947 0.52824
805 0.528395 0.527838 0.528952 0.528241
806 0.528398 0.527841 0.528955 0.528243
807 0.5284 0.527843 0.528957 0.528244
808 0.528398 0.527841 0.528955 0.528245
809 0.528397 0.52784 0.528954 0.528247
810 0.528394 0.527837 0.528951 0.528248
811 0.528394 0.527837 0.52895 0.52825
812 0.528395 0.527838 0.528951 0.528251
813 0.528398 0.527841 0.528955 0.528253
814 0.528399 0.527842 0.528956 0.528254
815 0.528404 0.527847 0.528961 0.528256
816 0.528407 0.52785 0.528964 0.528257
817 0.528406 0.527849 0.528964 0.528258
818 0.528405 0.527848 0.528962 0.52826
819 0.528406 0.527849 0.528963 0.528261
820 0.528409 0.527852 0.528966 0.528263
821 0.528413 0.527856 0.52897 0.528264
822 0.528417 0.527859 0.528974 0.528265
823 0.528416 0.527859 0.528973 0.528267
824 0.528414 0.527856 0.528971 0.528268
825 0.528411 0.527854 0.528968 0.52827
826 0.528414 0.527857 0.528971 0.528271
827 0.528416 0.527859 0.528973 0.528272
828 0.528417 0.52786 0.528974 0.528274
829 0.528418 0.527861 0.528976 0.528275
830 0.52842 0.527863 0.528978 0.528276
831 0.528419 0.527861 0.528976 0.528278
832 0.528421 0.527864 0.528978 0.528279
833 0.528422 0.527865 0.528979 0.528281
834 0.528422 0.527865 0.52898 0.528282
835 0.528423 0.527866 0.52898 0.528283
836 0.52842 0.527862 0.528977 0.528285
837 0.528422 0.527865 0.528979 0.528286
838 0.528424 0.527867 0.528981 0.528287
839 0.528427 0.52787 0.528984 0.528289
840 0.528426 0.527869 0.528983 0.52829
841 0.528433 0.527876 0.52899 0.528291
842 0.528435 0.527878 0.528992 0.528293
843 0.528437 0.527879 0.528994 0.528294
844 0.528436 0.527878 0.528993 0.528295
845 0.52844 0.527883 0.528997 0.528297
846 0.528442 0.527885 0.529 0.528298
847 0.528445 0.527887 0.529002 0.528299
848 0.528447 0.52789 0.529005 0.528301
849 0.528446 0.527889 0.529004 0.528302
850 0.528452 0.527895 0.52901 0.528303
851 0.528455 0.527897 0.529012 0.528304
852 0.528462 0.527905 0.52902 0.528306
853 0.528461 0.527903 0.529018 0.528307
854 0.528459 0.527901 0.529016 0.528308
855 0.52846 0.527902 0.529017 0.52831
856 0.528462 0.527904 0.529019 0.528311
857 0.528462 0.527904 0.529019 0.528312
858 0.528458 0.527901 0.529016 0.528314
859 0.528457 0.527899 0.529014 0.528315
860 0.528458 0.527901 0.529016 0.528316
861 0.52846 0.527903 0.529018 0.528317
862 0.528464 0.527907 0.529022 0.528319
863 0.528465 0.527908 0.529023 0.52832
864 0.528467 0.527909 0.529024 0.528321
865 0.528464 0.527907 0.529021 0.528322
866 0.528468 0.52791 0.529025 0.528324
867 0.528468 0.527911 0.529026 0.528325
868 0.528471 0.527914 0.529029 0.528326
869 0.528473 0.527915 0.52903 0.528327
870 0.528471 0.527913 0.529028 0.528329
871 0.528475 0.527917 0.529033 0.52833
872 0.528479 0.527921 0.529037 0.528331
873 0.528485 0.527927 0.529043 0.528332
874 0.528482 0.527924 0.52904 0.528334
875 0.528483 0.527925 0.529041 0.528335
876 0.528484 0.527926 0.529042 0.528336
877 0.528484 0.527926 0.529042 0.528337
878 0.528485 0.527926 0.529043 0.528339
879 0.528485 0.527927 0.529043 0.52834
880 0.528484 0.527925 0.529042 0.528341
881 0.528489 0.527931 0.529047 0.528342
882 0.528491 0.527933 0.529049 0.528343
883 0.528489 0.527931 0.529048 0.528345
884 0.52849 0.527932 0.529048 0.528346
885 0.52849 0.527932 0.529048 0.528347
886 0.52849 0.527932 0.529048 0.528348
887 0.528492 0.527933 0.52905 0.528349
888 0.528494 0.527935 0.529052 0.528351
889 0.528499 0.52794 0.529057 0.528352
890 0.528501 0.527943 0.52906 0.528353
891 0.528501 0.527942 0.52906 0.528354
892 0.528506 0.527947 0.529065 0.528355
893 0.528507 0.527948 0.529066 0.528357
894 0.528509 0.52795 0.529067 0.528358
895 0.52851 0.527951 0.529068 0.528359
896 0.528509 0.52795 0.529068 0.52836
897 0.528509 0.52795 0.529067 0.528361
898 0.528507 0.527948 0.529065 0.528363
899 0.528509 0.52795 0.529068 0.528364
900 0.528507 0.527948 0.529065 0.528365
901 0.528504 0.527945 0.529062 0.528366
902 0.528512 0.527953 0.52907 0.528367
903 0.528513 0.527954 0.529072 0.528368
904 0.528516 0.527957 0.529075 0.528369
905 0.528516 0.527957 0.529075 0.528371
906 0.528514 0.527955 0.529073 0.528372
907 0.528516 0.527957 0.529075 0.528373
908 0.528516 0.527957 0.529075 0.528374
909 0.528517 0.527958 0.529076 0.528375
910 0.52852 0.52796 0.529079 0.528376
911 0.528518 0.527959 0.529077 0.528378
912 0.528519 0.527959 0.529078 0.528379
913 0.52852 0.527961 0.529079 0.52838
914 0.528521 0.527962 0.52908 0.528381
915 0.528523 0.527964 0.529082 0.528382
916 0.528527 0.527968 0.529086 0.528383
917 0.528528 0.527969 0.529087 0.528384
918 0.528527 0.527968 0.529086 0.528385
919 0.52853 0.527971 0.529089 0.528387
920 0.528529 0.52797 0.529088 0.528388
921 0.528535 0.527976 0.529094 0.528389
922 0.528533 0.527974 0.529092 0.52839
923 0.528534 0.527975 0.529093 0.528391
924 0.528536 0.527977 0.529095 0.528392
925 0.528535 0.527975 0.529094 0.528393
926 0.528535 0.527975 0.529094 0.528394
927 0.528536 0.527977 0.529095 0.528395
928 0.528539 0.527979 0.529098 0.528396
929 0.52854 0.52798 0.529099 0.528398
930 0.528538 0.527978 0.529097 0.528399
931 0.528535 0.527976 0.529094 0.5284
932 0.528537 0.527977 0.529096 0.528401
933 0.528534 0.527975 0.529094 0.528402
934 0.528538 0.527979 0.529097 0.528403
935 0.528533 0.527974 0.529093 0.528404
936 0.528535 0.527976 0.529094 0.528405
937 0.528537 0.527977 0.529096 0.528406
938 0.528533 0.527974 0.529093 0.528407
939 0.528537 0.527978 0.529097 0.528408
940 0.528536 0.527977 0.529096 0.528409
941 0.528538 0.527979 0.529098 0.528411
942 0.528537 0.527978 0.529097 0.528412
943 0.528535 0.527975 0.529094 0.528413
944 0.528537 0.527977 0.529096 0.528414
945 0.528534 0.527974 0.529094 0.528415
946 0.528536 0.527976 0.529096 0.528416
947 0.528534 0.527975 0.529094 0.528417
948 0.528534 0.527975 0.529094 0.528418
949 0.528536 0.527977 0.529096 0.528419
950 0.528539 0.527979 0.529099 0.52842
951 0.528539 0.527979 0.529098 0.528421
952 0.528535 0.527976 0.529095 0.528422
953 0.528537 0.527977 0.529096 0.528423
954 0.52854 0.52798 0.5291 0.528424
955 0.528538 0.527979 0.529098 0.528425
956 0.528537 0.527978 0.529097 0.528426
957 0.528533 0.527973 0.529092 0.528427
958 0.528536 0.527977 0.529096 0.528428
959 0.528539 0.52798 0.529099 0.528429
960 0.528541 0.527982 0.529101 0.52843
961 0.528543 0.527984 0.529103 0.528431
962 0.528541 0.527982 0.529101 0.528432
963 0.528542 0.527982 0.529101 0.528433
964 0.528544 0.527984 0.529103 0.528434
965 0.528548 0.527988 0.529108 0.528435
966 0.528546 0.527987 0.529106 0.528436
967 0.52855 0.527991 0.52911 0.528437
968 0.528549 0.527989 0.529109 0.528438
969 0.52855 0.527991 0.52911 0.528439
970 0.52855 0.52799 0.529109 0.52844
971 0.528549 0.52799 0.529109 0.528441
972 0.52855 0.52799 0.529109 0.528442
973 0.528555 0.527995 0.529114 0.528443
974 0.528555 0.527996 0.529115 0.528444
975 0.528559 0.528 0.529119 0.528445
976 0.528557 0.527997 0.529116 0.528446
977 0.528556 0.527996 0.529115 0.528447
978 0.528557 0.527998 0.529117 0.528448
979 0.528558 0.527999 0.529117 0.528449
980 0.528558 0.527998 0.529117 0.52845
981 0.528558 0.527998 0.529117 0.528451
982 0.528556 0.527996 0.529115 0.528452
983 0.528556 0.527997 0.529116 0.528453
984 0.528559 0.528 0.529118 0.528454
985 0.528559 0.528 0.529118 0.528455
986 0.528561 0.528002 0.529121 0.528456
987 0.528559 0.527999 0.529118 0.528457
988 0.528558 0.527999 0.529118 0.528458
989 0.528558 0.527998 0.529117 0.528459
990 0.528561 0.528002 0.52912 0.52846
991 0.528563 0.528003 0.529122 0.528461
992 0.52856 0.528 0.529119 0.528462
993 0.528561 0.528001 0.52912 0.528463
994 0.528563 0.528004 0.529122 0.528464
995 0.528564 0.528004 0.529123 0.528465
996 0.528567 0.528008 0.529126 0.528466
997 0.528574 0.528014 0.529133 0.528467
998 0.528574 0.528014 0.529133 0.528468
999 0.528575 0.528015 0.529134 0.528469
1000 0.528578 0.528019 0.529138 0.52847
1001 0.528579 0.52802 0.529139 0.528471
1002 0.528579 0.528019 0.529138 0.528472
1003 0.528577 0.528018 0.529137 0.528472
1004 0.528581 0.528021 0.529141 0.528473
1005 0.528581 0.528022 0.529141 0.528474
1006 0.528582 0.528023 0.529142 0.528475
1007 0.528584 0.528024 0.529144 0.528476
1008 0.528585 0.528026 0.529145 0.528477
1009 0.528587 0.528027 0.529146 0.528478
1010 0.528586 0.528027 0.529146 0.528479
1011 0.52859 0.52803 0.52915 0.52848
1012 0.52859 0.52803 0.52915 0.528481
1013 0.528588 0.528028 0.529148 0.528482
1014 0.528587 0.528027 0.529146 0.528483
1015 0.528586 0.528027 0.529146 0.528484
1016 0.528587 0.528027 0.529146 0.528484
1017 0.528587 0.528028 0.529147 0.528485
1018 0.528587 0.528027 0.529146 0.528486
1019 0.528586 0.528027 0.529146 0.528487
1020 0.528588 0.528029 0.529148 0.528488
1021 0.528589 0.52803 0.529149 0.528489
1022 0.528589 0.52803 0.529149 0.52849
1023 0.528593 0.528033 0.529153 0.528491
1024 0.528596 0.528036 0.529156 0.528492
1025 0.5286 0.52804 0.52916 0.528493
1026 0.528599 0.528039 0.529159 0.528494
1027 0.528602 0.528041 0.529162 0.528494
1028 0.528601 0.528041 0.529161 0.528495
1029 0.528601 0.528041 0.529162 0.528496
1030 0.528605 0.528045 0.529166 0.528497
1031 0.52861 0.52805 0.529171 0.528498
1032 0.528611 0.52805 0.529171 0.528499
1033 0.528614 0.528054 0.529175 0.5285
1034 0.528615 0.528054 0.529175 0.528501
1035 0.528618 0.528057 0.529178 0.528502
1036 0.528621 0.528061 0.529182 0.528502
1037 0.52862 0.52806 0.52918 0.528503
1038 0.52862 0.52806 0.52918 0.528504
1039 0.52862 0.52806 0.529181 0.528505
1040 0.528624 0.528063 0.529184 0.528506
1041 0.528627 0.528066 0.529187 0.528507
1042 0.528624 0.528064 0.529185 0.528508
1043 0.528622 0.528062 0.529182 0.528509
1044 0.528619 0.528059 0.529179 0.528509
1045 0.528619 0.528059 0.52918 0.52851
1046 0.528617 0.528056 0.529177 0.528511
1047 0.528619 0.528058 0.529179 0.528512
1048 0.528618 0.528057 0.529178 0.528513
1049 0.528621 0.52806 0.529181 0.528514
