//total_population estimated_relatedness lower_bound upper_bound relatedness
60 0.548023 nan nan 0.548023
61 0.548296 0.548195 0.548397 0.54827
62 0.548477 0.548336 0.548617 0.548508
63 0.548672 0.5485 0.548844 0.54874
64 0.548859 0.548662 0.549055 0.548963
66 0.549317 0.54908 0.549554 0.549391
67 0.549487 0.549234 0.54974 0.549594
68 0.549641 0.549373 0.54991 0.549792
69 0.54982 0.549537 0.550104 0.549984
70 0.549944 0.549645 0.550243 0.55017
72 0.550329 0.550006 0.550652 0.550527
73 0.550445 0.550111 0.55078 0.550698
74 0.550583 0.550237 0.550929 0.550865
75 0.550822 0.550466 0.551178 0.551026
76 0.550959 0.550593 0.551325 0.551184
78 0.551235 0.550852 0.551617 0.551487
79 0.551357 0.550966 0.551747 0.551632
80 0.551624 0.551225 0.552023 0.551774
81 0.551725 0.551319 0.55213 0.551913
82 0.551881 0.551468 0.552293 0.552047
84 0.552068 0.551644 0.552492 0.552308
85 0.552203 0.551773 0.552634 0.552433
86 0.552293 0.551856 0.552729 0.552555
87 0.552422 0.551979 0.552865 0.552675
88 0.552558 0.55211 0.553005 0.552792
90 0.552829 0.552371 0.553288 0.553018
91 0.552916 0.552453 0.553379 0.553127
92 0.553012 0.552545 0.553479 0.553234
93 0.553102 0.55263 0.553574 0.553338
94 0.553245 0.552768 0.553722 0.55344
96 0.553472 0.552985 0.553959 0.553638
97 0.553539 0.55305 0.554028 0.553734
98 0.553647 0.553153 0.55414 0.553828
99 0.553711 0.553213 0.554209 0.55392
100 0.553742 0.55324 0.554244 0.55401
102 0.553979 0.55347 0.554489 0.554185
103 0.554062 0.553549 0.554575 0.55427
104 0.554135 0.553617 0.554652 0.554353
105 0.554187 0.553666 0.554707 0.554435
106 0.554288 0.553764 0.554812 0.554515
108 0.554404 0.553873 0.554935 0.55467
109 0.554436 0.553903 0.55497 0.554746
110 0.554483 0.553947 0.555018 0.55482
111 0.554532 0.553993 0.55507 0.554893
112 0.554659 0.554118 0.555201 0.554965
114 0.554817 0.554268 0.555367 0.555104
115 0.554871 0.554317 0.555424 0.555172
116 0.554914 0.554357 0.555471 0.555239
117 0.555058 0.554499 0.555618 0.555304
118 0.55511 0.554548 0.555671 0.555369
120 0.555236 0.554671 0.555801 0.555494
121 0.555296 0.554728 0.555863 0.555556
122 0.55534 0.55477 0.55591 0.555616
123 0.55537 0.554799 0.555941 0.555675
124 0.555401 0.554828 0.555973 0.555733
126 0.555479 0.554902 0.556055 0.555847
127 0.555547 0.554967 0.556126 0.555903
128 0.555619 0.555038 0.556201 0.555957
129 0.555669 0.555086 0.556251 0.556011
130 0.555713 0.555128 0.556297 0.556064
132 0.555845 0.555256 0.556434 0.556167
133 0.555863 0.555272 0.556454 0.556218
134 0.55592 0.555327 0.556513 0.556268
135 0.555969 0.555374 0.556564 0.556317
136 0.556058 0.555462 0.556655 0.556365
138 0.556167 0.555567 0.556766 0.55646
139 0.556207 0.555605 0.556809 0.556506
140 0.556283 0.555679 0.556887 0.556551
141 0.556305 0.555699 0.556911 0.556596
142 0.556327 0.555718 0.556935 0.556641
144 0.556417 0.555806 0.557029 0.556727
145 0.556453 0.55584 0.557067 0.55677
146 0.556481 0.555867 0.557095 0.556812
147 0.55653 0.555914 0.557146 0.556853
148 0.55659 0.555972 0.557208 0.556894
150 0.556663 0.556042 0.557284 0.556974
151 0.556708 0.556086 0.55733 0.557013
152 0.55675 0.556127 0.557374 0.557051
153 0.556828 0.556203 0.557453 0.557089
154 0.556872 0.556245 0.557499 0.557127
156 0.556937 0.556308 0.557566 0.557201
157 0.556997 0.556367 0.557628 0.557237
158 0.557007 0.556375 0.557638 0.557273
159 0.557048 0.556415 0.557681 0.557308
160 0.5571 0.556466 0.557734 0.557343
162 0.557192 0.556556 0.557829 0.557411
163 0.557185 0.556548 0.557822 0.557445
164 0.55721 0.556572 0.557848 0.557478
165 0.557219 0.556581 0.557858 0.55751
166 0.557211 0.556571 0.55785 0.557543
168 0.557241 0.5566 0.557881 0.557606
169 0.557266 0.556624 0.557908 0.557637
170 0.557311 0.556667 0.557955 0.557668
171 0.557331 0.556687 0.557975 0.557698
172 0.557346 0.556702 0.557991 0.557729
174 0.557433 0.556785 0.55808 0.557788
175 0.55745 0.556802 0.558099 0.557817
176 0.557477 0.556828 0.558126 0.557845
177 0.557549 0.556899 0.558199 0.557874
178 0.557557 0.556906 0.558208 0.557902
180 0.557581 0.556929 0.558233 0.557957
181 0.557622 0.556968 0.558275 0.557984
182 0.557663 0.557009 0.558317 0.558011
183 0.557656 0.557002 0.558311 0.558038
184 0.5577 0.557045 0.558355 0.558064
186 0.557748 0.557091 0.558404 0.558115
187 0.557766 0.557109 0.558423 0.558141
188 0.557786 0.557129 0.558444 0.558166
189 0.557808 0.55715 0.558467 0.558191
190 0.557839 0.557179 0.558499 0.558216
192 0.557899 0.557238 0.558561 0.558264
193 0.557933 0.55727 0.558595 0.558288
194 0.557963 0.5573 0.558625 0.558311
195 0.557984 0.557321 0.558647 0.558335
196 0.558026 0.557362 0.558691 0.558358
198 0.558068 0.557402 0.558735 0.558403
199 0.55809 0.557423 0.558758 0.558426
200 0.55812 0.557451 0.558788 0.558448
201 0.558132 0.557462 0.558802 0.55847
202 0.558161 0.55749 0.558831 0.558492
204 0.558199 0.557527 0.558871 0.558535
205 0.558231 0.557558 0.558904 0.558556
206 0.558277 0.557602 0.558951 0.558577
207 0.558313 0.557637 0.558988 0.558597
208 0.55834 0.557665 0.559016 0.558618
210 0.558395 0.557718 0.559072 0.558658
211 0.558427 0.557749 0.559105 0.558678
212 0.55845 0.557772 0.559129 0.558698
213 0.558475 0.557796 0.559154 0.558717
214 0.5585 0.557821 0.55918 0.558737
216 0.558545 0.557865 0.559226 0.558775
217 0.558552 0.557871 0.559234 0.558794
218 0.558588 0.557906 0.559271 0.558812
219 0.558604 0.557921 0.559288 0.558831
220 0.558615 0.557931 0.559298 0.558849
222 0.558674 0.557989 0.559359 0.558885
223 0.55872 0.558034 0.559405 0.558903
224 0.558742 0.558056 0.559429 0.558921
225 0.558759 0.558073 0.559446 0.558938
226 0.558786 0.5581 0.559473 0.558956
228 0.558848 0.55816 0.559535 0.55899
229 0.558872 0.558183 0.55956 0.559007
230 0.558885 0.558196 0.559574 0.559024
231 0.558891 0.558202 0.55958 0.55904
232 0.558906 0.558216 0.559596 0.559057
234 0.558918 0.558228 0.559609 0.559089
235 0.558926 0.558236 0.559617 0.559105
236 0.558957 0.558266 0.559649 0.559121
237 0.558967 0.558275 0.559659 0.559137
238 0.55898 0.558287 0.559673 0.559152
240 0.559027 0.558332 0.559721 0.559183
241 0.559044 0.558349 0.559738 0.559199
242 0.559074 0.558379 0.55977 0.559214
243 0.559079 0.558384 0.559775 0.559229
244 0.559092 0.558396 0.559789 0.559244
246 0.559125 0.558427 0.559822 0.559273
247 0.559139 0.558441 0.559837 0.559287
248 0.559153 0.558454 0.559851 0.559302
249 0.559173 0.558474 0.559872 0.559316
250 0.559189 0.558489 0.559889 0.55933
252 0.559215 0.558514 0.559915 0.559358
253 0.559239 0.558537 0.55994 0.559372
254 0.559274 0.558572 0.559975 0.559386
255 0.55928 0.558578 0.559981 0.559399
256 0.559289 0.558587 0.55999 0.559413
258 0.559318 0.558616 0.56002 0.55944
259 0.559329 0.558627 0.560032 0.559453
260 0.559332 0.55863 0.560034 0.559466
261 0.559342 0.55864 0.560045 0.559479
262 0.559361 0.558659 0.560064 0.559492
264 0.559389 0.558686 0.560093 0.559517
265 0.559387 0.558683 0.56009 0.55953
266 0.559392 0.558687 0.560096 0.559542
267 0.559404 0.5587 0.560109 0.559555
268 0.559413 0.558708 0.560118 0.559567
270 0.559433 0.558728 0.560138 0.559591
271 0.55943 0.558725 0.560135 0.559603
272 0.559435 0.55873 0.56014 0.559615
273 0.559447 0.558742 0.560152 0.559627
274 0.559451 0.558745 0.560157 0.559639
276 0.559485 0.558779 0.560192 0.559662
277 0.559493 0.558786 0.5602 0.559674
278 0.559513 0.558806 0.56022 0.559685
279 0.559493 0.558786 0.5602 0.559697
280 0.559495 0.558788 0.560203 0.559708
282 0.559512 0.558804 0.560221 0.55973
283 0.559535 0.558827 0.560244 0.559741
284 0.559562 0.558854 0.560271 0.559752
285 0.559569 0.55886 0.560278 0.559763
286 0.559595 0.558885 0.560305 0.559774
288 0.559633 0.558923 0.560343 0.559795
289 0.559635 0.558925 0.560345 0.559806
290 0.559638 0.558927 0.560348 0.559816
291 0.559643 0.558932 0.560353 0.559827
292 0.559663 0.558952 0.560374 0.559837
294 0.559684 0.558973 0.560396 0.559858
295 0.559714 0.559002 0.560427 0.559868
296 0.559714 0.559002 0.560426 0.559878
297 0.55972 0.559007 0.560432 0.559888
298 0.559738 0.559025 0.560451 0.559898
300 0.55975 0.559036 0.560463 0.559917
301 0.559756 0.559043 0.56047 0.559927
302 0.559765 0.559051 0.560479 0.559937
303 0.559781 0.559066 0.560495 0.559946
304 0.559779 0.559065 0.560493 0.559956
306 0.559802 0.559087 0.560517 0.559975
307 0.559799 0.559083 0.560514 0.559984
308 0.559823 0.559107 0.560539 0.559994
309 0.55983 0.559113 0.560546 0.560003
310 0.559841 0.559125 0.560558 0.560012
312 0.55986 0.559143 0.560577 0.56003
313 0.559872 0.559154 0.560589 0.560039
314 0.559885 0.559167 0.560603 0.560048
315 0.559897 0.559178 0.560615 0.560057
316 0.559919 0.5592 0.560638 0.560066
318 0.559953 0.559234 0.560672 0.560083
319 0.559945 0.559226 0.560665 0.560092
320 0.55995 0.559229 0.56067 0.560101
321 0.55995 0.55923 0.56067 0.560109
322 0.55997 0.55925 0.560691 0.560118
324 0.559987 0.559266 0.560708 0.560135
325 0.560006 0.559285 0.560728 0.560143
326 0.560003 0.559281 0.560724 0.560151
327 0.560023 0.5593 0.560745 0.56016
328 0.560027 0.559304 0.560749 0.560168
330 0.560024 0.559301 0.560747 0.560184
331 0.560017 0.559295 0.56074 0.560192
332 0.560017 0.559294 0.56074 0.5602
333 0.560023 0.559301 0.560746 0.560208
334 0.560026 0.559303 0.560749 0.560216
336 0.560033 0.55931 0.560757 0.560232
337 0.560044 0.559321 0.560767 0.560239
338 0.560053 0.559329 0.560777 0.560247
339 0.56007 0.559346 0.560795 0.560255
340 0.560089 0.559364 0.560814 0.560262
342 0.560097 0.559372 0.560822 0.560278
343 0.560097 0.559372 0.560822 0.560285
344 0.560118 0.559392 0.560844 0.560293
345 0.560108 0.559382 0.560834 0.5603
346 0.560138 0.559411 0.560865 0.560307
348 0.560142 0.559415 0.560869 0.560322
349 0.560159 0.559431 0.560886 0.560329
350 0.560175 0.559448 0.560902 0.560336
351 0.560173 0.559446 0.560901 0.560343
352 0.560183 0.559455 0.560911 0.560351
354 0.560199 0.559471 0.560927 0.560365
355 0.560206 0.559478 0.560934 0.560372
356 0.560217 0.559488 0.560945 0.560379
357 0.560225 0.559497 0.560954 0.560386
358 0.560241 0.559513 0.560969 0.560392
360 0.560247 0.559518 0.560975 0.560406
361 0.560254 0.559525 0.560983 0.560413
362 0.560272 0.559543 0.561001 0.56042
363 0.560288 0.559559 0.561018 0.560426
364 0.560265 0.559535 0.560994 0.560433
366 0.560275 0.559545 0.561005 0.560446
367 0.56029 0.55956 0.561019 0.560453
368 0.560311 0.559581 0.561041 0.560459
369 0.560332 0.559601 0.561062 0.560466
370 0.560343 0.559612 0.561074 0.560472
372 0.560361 0.55963 0.561093 0.560485
373 0.560354 0.559623 0.561085 0.560491
374 0.56036 0.559628 0.561091 0.560498
375 0.560353 0.559621 0.561085 0.560504
376 0.560357 0.559625 0.561089 0.56051
378 0.560373 0.559641 0.561105 0.560522
379 0.56038 0.559647 0.561112 0.560529
380 0.560393 0.55966 0.561126 0.560535
381 0.56038 0.559647 0.561113 0.560541
382 0.560378 0.559645 0.561111 0.560547
384 0.560407 0.559674 0.561141 0.560559
385 0.560403 0.559669 0.561136 0.560565
386 0.560399 0.559666 0.561132 0.560571
387 0.560421 0.559688 0.561155 0.560576
388 0.56042 0.559686 0.561153 0.560582
390 0.560436 0.559702 0.56117 0.560594
391 0.560433 0.559699 0.561167 0.5606
392 0.560443 0.559709 0.561178 0.560605
393 0.56044 0.559705 0.561174 0.560611
394 0.560434 0.559699 0.561168 0.560617
396 0.560442 0.559707 0.561177 0.560628
397 0.560449 0.559714 0.561185 0.560634
398 0.560461 0.559726 0.561197 0.560639
399 0.560475 0.559739 0.561211 0.560645
400 0.560479 0.559743 0.561215 0.56065
402 0.560511 0.559775 0.561248 0.560661
403 0.560517 0.55978 0.561254 0.560667
404 0.560521 0.559784 0.561258 0.560672
405 0.560514 0.559777 0.561251 0.560677
406 0.560535 0.559798 0.561272 0.560683
408 0.560559 0.559821 0.561298 0.560693
409 0.56056 0.559822 0.561299 0.560699
410 0.560557 0.559819 0.561295 0.560704
411 0.560561 0.559823 0.5613 0.560709
412 0.560566 0.559827 0.561304 0.560714
414 0.560558 0.559819 0.561296 0.560725
415 0.560552 0.559814 0.56129 0.56073
416 0.560562 0.559824 0.561301 0.560735
417 0.560567 0.559829 0.561306 0.56074
418 0.56059 0.559851 0.561329 0.560745
420 0.560597 0.559858 0.561336 0.560755
421 0.560601 0.559862 0.56134 0.56076
422 0.560608 0.559869 0.561348 0.560765
423 0.560611 0.559871 0.56135 0.56077
424 0.56063 0.55989 0.56137 0.560775
426 0.560639 0.559899 0.56138 0.560784
427 0.560651 0.559911 0.561392 0.560789
428 0.560656 0.559915 0.561397 0.560794
429 0.560662 0.559921 0.561402 0.560799
430 0.560666 0.559925 0.561407 0.560803
432 0.56068 0.559939 0.561421 0.560813
433 0.560683 0.559942 0.561424 0.560818
434 0.560689 0.559948 0.561431 0.560822
435 0.560693 0.559952 0.561435 0.560827
436 0.560709 0.559968 0.561451 0.560832
438 0.56071 0.559968 0.561452 0.560841
439 0.560721 0.559978 0.561463 0.560845
440 0.56072 0.559978 0.561463 0.56085
441 0.560734 0.559991 0.561476 0.560854
442 0.56074 0.559998 0.561483 0.560859
444 0.560761 0.560018 0.561504 0.560868
445 0.560762 0.560018 0.561505 0.560872
446 0.560756 0.560013 0.5615 0.560877
447 0.560753 0.56001 0.561497 0.560881
448 0.560756 0.560013 0.5615 0.560886
450 0.560752 0.560008 0.561495 0.560894
451 0.560757 0.560014 0.561501 0.560899
452 0.560766 0.560022 0.561509 0.560903
453 0.560773 0.560029 0.561517 0.560907
454 0.560786 0.560042 0.561531 0.560911
456 0.560779 0.560034 0.561523 0.56092
457 0.560783 0.560039 0.561528 0.560924
458 0.560796 0.560051 0.56154 0.560928
459 0.5608 0.560056 0.561545 0.560933
460 0.560792 0.560048 0.561536 0.560937
462 0.560793 0.560049 0.561537 0.560945
463 0.560799 0.560055 0.561543 0.560949
464 0.5608 0.560055 0.561544 0.560953
465 0.560799 0.560054 0.561543 0.560957
466 0.560795 0.56005 0.561539 0.560961
468 0.560786 0.560041 0.561531 0.560969
469 0.560788 0.560043 0.561533 0.560973
470 0.560802 0.560057 0.561547 0.560977
471 0.560799 0.560054 0.561544 0.560981
472 0.560793 0.560048 0.561538 0.560985
474 0.560793 0.560048 0.561538 0.560993
475 0.560788 0.560043 0.561533 0.560997
476 0.560794 0.560049 0.561539 0.561001
477 0.560785 0.56004 0.56153 0.561005
478 0.560781 0.560036 0.561527 0.561009
480 0.560778 0.560033 0.561524 0.561016
481 0.560788 0.560043 0.561534 0.56102
482 0.560782 0.560036 0.561527 0.561024
483 0.560785 0.56004 0.561531 0.561028
484 0.560801 0.560055 0.561547 0.561031
486 0.560808 0.560062 0.561555 0.561039
487 0.560821 0.560074 0.561568 0.561043
488 0.560828 0.560081 0.561575 0.561046
489 0.560832 0.560085 0.56158 0.56105
490 0.560839 0.560091 0.561586 0.561054
492 0.560834 0.560087 0.561582 0.561061
493 0.560852 0.560105 0.5616 0.561064
494 0.560855 0.560107 0.561602 0.561068
495 0.56086 0.560113 0.561608 0.561072
496 0.560854 0.560106 0.561601 0.561075
498 0.560876 0.560129 0.561624 0.561082
499 0.560876 0.560128 0.561623 0.561086
500 0.560886 0.560138 0.561633 0.561089
501 0.560884 0.560136 0.561632 0.561093
502 0.56089 0.560142 0.561638 0.561096
504 0.560897 0.560149 0.561645 0.561103
505 0.560907 0.560159 0.561656 0.561107
506 0.560904 0.560156 0.561652 0.56111
507 0.560909 0.560161 0.561658 0.561114
508 0.560921 0.560172 0.561669 0.561117
510 0.56092 0.560171 0.561668 0.561124
511 0.560922 0.560173 0.561671 0.561127
512 0.560921 0.560172 0.561669 0.561131
513 0.560928 0.560179 0.561677 0.561134
514 0.56093 0.560181 0.561679 0.561137
516 0.560937 0.560188 0.561686 0.561144
517 0.560953 0.560204 0.561702 0.561147
518 0.560947 0.560197 0.561696 0.56115
519 0.560948 0.560198 0.561698 0.561154
520 0.560955 0.560205 0.561705 0.561157
522 0.560967 0.560217 0.561718 0.561163
523 0.560968 0.560217 0.561719 0.561167
524 0.56096 0.560209 0.561711 0.56117
525 0.560969 0.560218 0.56172 0.561173
526 0.56097 0.560219 0.561721 0.561176
528 0.560968 0.560217 0.56172 0.561182
529 0.560969 0.560218 0.561721 0.561186
530 0.560979 0.560227 0.56173 0.561189
531 0.560984 0.560232 0.561735 0.561192
532 0.56099 0.560238 0.561742 0.561195
534 0.561 0.560248 0.561752 0.561201
535 0.561006 0.560254 0.561759 0.561204
536 0.561003 0.560251 0.561755 0.561207
537 0.561001 0.560249 0.561753 0.56121
538 0.56101 0.560258 0.561762 0.561213
540 0.561008 0.560256 0.56176 0.561219
541 0.561005 0.560253 0.561757 0.561222
542 0.561002 0.56025 0.561754 0.561225
543 0.56101 0.560258 0.561762 0.561228
544 0.561012 0.56026 0.561764 0.561231
546 0.561025 0.560272 0.561778 0.561237
547 0.561031 0.560278 0.561783 0.56124
548 0.561032 0.560279 0.561785 0.561243
549 0.561032 0.560279 0.561785 0.561246
550 0.561042 0.560289 0.561795 0.561249
552 0.561068 0.560314 0.561822 0.561255
553 0.56107 0.560316 0.561824 0.561258
554 0.561076 0.560321 0.56183 0.56126
555 0.561082 0.560327 0.561836 0.561263
556 0.561088 0.560333 0.561842 0.561266
558 0.561085 0.560331 0.56184 0.561272
559 0.561096 0.560342 0.561851 0.561275
560 0.561087 0.560333 0.561841 0.561277
561 0.561097 0.560343 0.561851 0.56128
562 0.561087 0.560333 0.561842 0.561283
564 0.561094 0.56034 0.561849 0.561289
565 0.561091 0.560337 0.561846 0.561291
566 0.561093 0.560339 0.561848 0.561294
567 0.561098 0.560343 0.561852 0.561297
568 0.561102 0.560348 0.561857 0.5613
570 0.561113 0.560358 0.561868 0.561305
571 0.561115 0.56036 0.56187 0.561308
572 0.561115 0.56036 0.56187 0.56131
573 0.561118 0.560363 0.561873 0.561313
574 0.561132 0.560377 0.561887 0.561316
576 0.56112 0.560364 0.561875 0.561321
577 0.561121 0.560366 0.561876 0.561324
578 0.561123 0.560368 0.561878 0.561326
579 0.56112 0.560365 0.561875 0.561329
580 0.561128 0.560373 0.561884 0.561331
582 0.561131 0.560376 0.561886 0.561337
583 0.561138 0.560382 0.561893 0.561339
584 0.561129 0.560373 0.561884 0.561342
585 0.561128 0.560372 0.561883 0.561344
586 0.561142 0.560387 0.561898 0.561347
588 0.561132 0.560376 0.561888 0.561352
589 0.561136 0.56038 0.561892 0.561355
590 0.561142 0.560385 0.561898 0.561357
591 0.561151 0.560395 0.561907 0.56136
592 0.561157 0.560401 0.561914 0.561362
594 0.561176 0.56042 0.561933 0.561367
595 0.561171 0.560414 0.561928 0.56137
596 0.561172 0.560416 0.561929 0.561372
597 0.561184 0.560427 0.561941 0.561375
598 0.561184 0.560427 0.561942 0.561377
600 0.561208 0.560451 0.561966 0.561382
601 0.561214 0.560456 0.561971 0.561384
602 0.561211 0.560453 0.561969 0.561387
603 0.561227 0.56047 0.561985 0.561389
604 0.561225 0.560467 0.561983 0.561392
606 0.561226 0.560468 0.561984 0.561396
607 0.561227 0.560468 0.561985 0.561399
608 0.561229 0.56047 0.561987 0.561401
609 0.561231 0.560472 0.561989 0.561404
610 0.561234 0.560475 0.561992 0.561406
612 0.561227 0.560469 0.561986 0.561411
613 0.561223 0.560464 0.561981 0.561413
614 0.561223 0.560465 0.561982 0.561415
615 0.561221 0.560462 0.561979 0.561418
616 0.561218 0.560459 0.561976 0.56142
618 0.561227 0.560468 0.561985 0.561424
619 0.561234 0.560475 0.561993 0.561427
620 0.56124 0.560481 0.561999 0.561429
621 0.561244 0.560485 0.562003 0.561431
622 0.561242 0.560483 0.562001 0.561434
624 0.561241 0.560482 0.562 0.561438
625 0.561247 0.560488 0.562006 0.56144
626 0.561243 0.560484 0.562002 0.561443
627 0.561244 0.560485 0.562003 0.561445
628 0.561241 0.560482 0.562 0.561447
630 0.561252 0.560492 0.562011 0.561452
631 0.561259 0.560499 0.562018 0.561454
632 0.561255 0.560496 0.562014 0.561456
633 0.561255 0.560496 0.562015 0.561458
634 0.561265 0.560505 0.562024 0.56146
636 0.561259 0.5605 0.562019 0.561465
637 0.561252 0.560492 0.562011 0.561467
638 0.561257 0.560497 0.562017 0.561469
639 0.561265 0.560505 0.562025 0.561471
640 0.561267 0.560507 0.562027 0.561473
642 0.561274 0.560514 0.562034 0.561478
643 0.561274 0.560515 0.562034 0.56148
644 0.56127 0.56051 0.56203 0.561482
645 0.561269 0.560509 0.562029 0.561484
646 0.561268 0.560508 0.562028 0.561486
648 0.561281 0.560521 0.562041 0.56149
649 0.561287 0.560527 0.562047 0.561492
650 0.56129 0.56053 0.56205 0.561494
651 0.56129 0.56053 0.56205 0.561496
652 0.561291 0.560531 0.562051 0.561498
654 0.56129 0.56053 0.56205 0.561503
655 0.561287 0.560527 0.562047 0.561505
656 0.561293 0.560533 0.562053 0.561507
657 0.56129 0.56053 0.562049 0.561509
658 0.561285 0.560525 0.562044 0.561511
660 0.561295 0.560535 0.562055 0.561515
661 0.561299 0.560539 0.562059 0.561517
662 0.561305 0.560545 0.562065 0.561519
663 0.561307 0.560547 0.562067 0.561521
664 0.561308 0.560548 0.562068 0.561523
666 0.561303 0.560543 0.562063 0.561527
667 0.561309 0.560549 0.562069 0.561529
668 0.56131 0.56055 0.56207 0.561531
669 0.561313 0.560553 0.562073 0.561533
670 0.561321 0.560561 0.562081 0.561535
672 0.561326 0.560566 0.562086 0.561539
673 0.561326 0.560566 0.562086 0.56154
674 0.561326 0.560566 0.562086 0.561542
675 0.561325 0.560565 0.562085 0.561544
676 0.561319 0.560559 0.562079 0.561546
678 0.561324 0.560563 0.562085 0.56155
679 0.561329 0.560568 0.562089 0.561552
680 0.561333 0.560572 0.562094 0.561554
681 0.561337 0.560576 0.562098 0.561556
682 0.561342 0.560581 0.562103 0.561558
684 0.561348 0.560587 0.562109 0.561561
685 0.561351 0.56059 0.562112 0.561563
686 0.561357 0.560596 0.562118 0.561565
687 0.561364 0.560603 0.562125 0.561567
688 0.561366 0.560605 0.562128 0.561569
690 0.561372 0.56061 0.562134 0.561573
691 0.561373 0.560612 0.562135 0.561574
692 0.561374 0.560612 0.562135 0.561576
693 0.561377 0.560616 0.562139 0.561578
694 0.561382 0.56062 0.562143 0.56158
696 0.561379 0.560617 0.562141 0.561584
697 0.561386 0.560624 0.562148 0.561585
698 0.561386 0.560624 0.562148 0.561587
699 0.561387 0.560625 0.562149 0.561589
700 0.561383 0.560621 0.562145 0.561591
702 0.561384 0.560622 0.562146 0.561594
703 0.561389 0.560627 0.562151 0.561596
704 0.561395 0.560632 0.562157 0.561598
705 0.561393 0.56063 0.562155 0.5616
706 0.561397 0.560634 0.562159 0.561601
708 0.561411 0.560649 0.562173 0.561605
709 0.561419 0.560657 0.562182 0.561607
710 0.561419 0.560657 0.562181 0.561608
711 0.561427 0.560665 0.562189 0.56161
712 0.561432 0.56067 0.562195 0.561612
714 0.561447 0.560685 0.56221 0.561615
715 0.561455 0.560693 0.562218 0.561617
716 0.561459 0.560696 0.562221 0.561619
717 0.561464 0.560701 0.562227 0.56162
718 0.561463 0.5607 0.562225 0.561622
720 0.561466 0.560702 0.562229 0.561626
721 0.56147 0.560707 0.562233 0.561627
722 0.561478 0.560715 0.562242 0.561629
723 0.561483 0.560719 0.562246 0.561631
724 0.561492 0.560729 0.562256 0.561632
726 0.561497 0.560733 0.562261 0.561636
727 0.561493 0.560729 0.562256 0.561637
728 0.561491 0.560728 0.562255 0.561639
729 0.561494 0.560731 0.562258 0.561641
730 0.5615 0.560736 0.562264 0.561642
732 0.561511 0.560748 0.562275 0.561645
733 0.561515 0.560751 0.562278 0.561647
734 0.561511 0.560747 0.562275 0.561649
735 0.561507 0.560743 0.562271 0.56165
736 0.561503 0.56074 0.562267 0.561652
738 0.561513 0.560749 0.562276 0.561655
739 0.561519 0.560756 0.562283 0.561657
740 0.561525 0.560761 0.562288 0.561658
741 0.561525 0.560762 0.562289 0.56166
742 0.561531 0.560767 0.562294 0.561662
744 0.561531 0.560768 0.562295 0.561665
745 0.561532 0.560768 0.562296 0.561666
746 0.561532 0.560768 0.562297 0.561668
747 0.561528 0.560764 0.562292 0.56167
748 0.561533 0.560769 0.562297 0.561671
750 0.561529 0.560765 0.562293 0.561674
751 0.561524 0.56076 0.562288 0.561676
752 0.561525 0.560761 0.562289 0.561677
753 0.561521 0.560758 0.562285 0.561679
754 0.561521 0.560757 0.562285 0.56168
756 0.561514 0.56075 0.562278 0.561683
757 0.561511 0.560747 0.562275 0.561685
758 0.561514 0.56075 0.562277 0.561687
759 0.561516 0.560752 0.56228 0.561688
760 0.561516 0.560752 0.56228 0.56169
762 0.561518 0.560754 0.562282 0.561693
763 0.561523 0.560759 0.562288 0.561694
764 0.561525 0.560761 0.56229 0.561696
765 0.56153 0.560765 0.562294 0.561697
766 0.561529 0.560764 0.562294 0.561699
768 0.561532 0.560767 0.562297 0.561702
769 0.561536 0.560771 0.562301 0.561703
770 0.561534 0.560769 0.562299 0.561705
771 0.561539 0.560773 0.562304 0.561706
772 0.561536 0.560771 0.562302 0.561708
774 0.561546 0.560781 0.562312 0.56171
775 0.561542 0.560776 0.562308 0.561712
776 0.561542 0.560776 0.562307 0.561713
777 0.561543 0.560777 0.562308 0.561715
778 0.561549 0.560783 0.562315 0.561716
780 0.561547 0.560781 0.562313 0.561719
781 0.561548 0.560782 0.562314 0.561721
782 0.561545 0.560779 0.562311 0.561722
783 0.561546 0.56078 0.562312 0.561723
784 0.561553 0.560787 0.562319 0.561725
786 0.561546 0.56078 0.562313 0.561728
787 0.561543 0.560777 0.562308 0.561729
788 0.561546 0.56078 0.562312 0.561731
789 0.561544 0.560778 0.56231 0.561732
790 0.561546 0.56078 0.562312 0.561733
792 0.561547 0.56078 0.562313 0.561736
793 0.561547 0.56078 0.562313 0.561738
794 0.561554 0.560788 0.562321 0.561739
795 0.561559 0.560792 0.562325 0.56174
796 0.561561 0.560794 0.562328 0.561742
798 0.561571 0.560804 0.562338 0.561745
799 0.561577 0.56081 0.562344 0.561746
800 0.561584 0.560817 0.562352 0.561747
801 0.561588 0.560821 0.562355 0.561749
802 0.561594 0.560826 0.562361 0.56175
804 0.561593 0.560826 0.562361 0.561753
805 0.5616 0.560832 0.562367 0.561754
806 0.561594 0.560826 0.562361 0.561755
807 0.561591 0.560823 0.562358 0.561757
808 0.561593 0.560825 0.56236 0.561758
810 0.561593 0.560826 0.56236 0.561761
811 0.561602 0.560835 0.562369 0.561762
812 0.561597 0.56083 0.562364 0.561763
813 0.5616 0.560833 0.562367 0.561765
814 0.5616 0.560832 0.562367 0.561766
816 0.561609 0.560842 0.562377 0.561769
817 0.56161 0.560842 0.562378 0.56177
818 0.561614 0.560846 0.562382 0.561771
819 0.561609 0.560841 0.562377 0.561773
820 0.561606 0.560838 0.562374 0.561774
822 0.561614 0.560847 0.562382 0.561777
823 0.561618 0.56085 0.562386 0.561778
824 0.561619 0.560851 0.562387 0.561779
825 0.561615 0.560847 0.562383 0.56178
826 0.56162 0.560852 0.562387 0.561782
828 0.561617 0.560849 0.562384 0.561784
829 0.561618 0.56085 0.562386 0.561786
830 0.56162 0.560852 0.562388 0.561787
831 0.561625 0.560857 0.562393 0.561788
832 0.561624 0.560856 0.562393 0.561789
834 0.561629 0.560861 0.562397 0.561792
835 0.561632 0.560864 0.5624 0.561793
836 0.56163 0.560862 0.562398 0.561794
837 0.56163 0.560862 0.562399 0.561796
838 0.561636 0.560867 0.562404 0.561797
840 0.561638 0.56087 0.562407 0.561799
841 0.561641 0.560873 0.56241 0.561801
842 0.561646 0.560878 0.562415 0.561802
843 0.561652 0.560883 0.562421 0.561803
844 0.561658 0.560888 0.562427 0.561804
846 0.561655 0.560886 0.562424 0.561807
847 0.561652 0.560883 0.562421 0.561808
848 0.561655 0.560885 0.562424 0.561809
849 0.561656 0.560887 0.562426 0.56181
850 0.561657 0.560888 0.562427 0.561812
852 0.561667 0.560898 0.562437 0.561814
853 0.561666 0.560896 0.562435 0.561815
854 0.561667 0.560897 0.562437 0.561817
855 0.561661 0.560891 0.562431 0.561818
856 0.561671 0.560901 0.56244 0.561819
858 0.561678 0.560908 0.562447 0.561821
859 0.561682 0.560912 0.562452 0.561823
860 0.561683 0.560913 0.562453 0.561824
861 0.561683 0.560913 0.562453 0.561825
862 0.561685 0.560915 0.562455 0.561826
864 0.561691 0.560921 0.562461 0.561828
865 0.561683 0.560913 0.562453 0.56183
866 0.561685 0.560915 0.562455 0.561831
867 0.561686 0.560915 0.562456 0.561832
868 0.561689 0.560918 0.562459 0.561833
870 0.56169 0.56092 0.56246 0.561835
871 0.561692 0.560921 0.562462 0.561837
872 0.561691 0.560921 0.562461 0.561838
873 0.561694 0.560923 0.562464 0.561839
874 0.561688 0.560918 0.562459 0.56184
876 0.56169 0.560919 0.56246 0.561842
877 0.561685 0.560915 0.562456 0.561843
878 0.561692 0.560922 0.562463 0.561845
879 0.561696 0.560925 0.562466 0.561846
880 0.561694 0.560923 0.562464 0.561847
882 0.5617 0.560929 0.56247 0.561849
883 0.561697 0.560927 0.562468 0.56185
884 0.561704 0.560934 0.562475 0.561851
885 0.561706 0.560935 0.562477 0.561852
886 0.561709 0.560938 0.56248 0.561854
888 0.561717 0.560946 0.562487 0.561856
889 0.561717 0.560946 0.562488 0.561857
890 0.561717 0.560945 0.562488 0.561858
891 0.561719 0.560947 0.56249 0.561859
892 0.561726 0.560954 0.562497 0.56186
894 0.561731 0.560959 0.562502 0.561862
895 0.561727 0.560956 0.562499 0.561864
896 0.561725 0.560953 0.562497 0.561865
897 0.561723 0.560952 0.562495 0.561866
898 0.561726 0.560955 0.562498 0.561867
900 0.561729 0.560958 0.562501 0.561869
901 0.561728 0.560956 0.562499 0.56187
902 0.561729 0.560957 0.5625 0.561871
903 0.561734 0.560962 0.562506 0.561872
904 0.561738 0.560967 0.56251 0.561873
906 0.561744 0.560972 0.562516 0.561875
907 0.561741 0.56097 0.562513 0.561877
908 0.561743 0.560972 0.562515 0.561878
909 0.561744 0.560973 0.562516 0.561879
910 0.561745 0.560973 0.562517 0.56188
912 0.561756 0.560984 0.562528 0.561882
913 0.561759 0.560987 0.562531 0.561883
914 0.561761 0.560989 0.562533 0.561884
915 0.56176 0.560988 0.562532 0.561885
916 0.561757 0.560985 0.562529 0.561886
918 0.561762 0.56099 0.562534 0.561888
919 0.561765 0.560993 0.562537 0.561889
920 0.561757 0.560985 0.562529 0.56189
921 0.561756 0.560984 0.562528 0.561891
922 0.561753 0.560981 0.562525 0.561892
924 0.561752 0.56098 0.562525 0.561894
925 0.561751 0.560979 0.562523 0.561895
926 0.561754 0.560981 0.562526 0.561896
927 0.561747 0.560975 0.562519 0.561897
928 0.561753 0.560981 0.562526 0.561898
930 0.56176 0.560988 0.562533 0.5619
931 0.561759 0.560987 0.562532 0.561901
932 0.561764 0.560991 0.562536 0.561902
933 0.561764 0.560991 0.562536 0.561903
934 0.56177 0.560997 0.562542 0.561904
936 0.561765 0.560992 0.562537 0.561906
937 0.56176 0.560987 0.562533 0.561907
938 0.561765 0.560992 0.562537 0.561908
939 0.561764 0.560991 0.562537 0.561909
940 0.561766 0.560993 0.562538 0.56191
942 0.561777 0.561004 0.56255 0.561912
943 0.561779 0.561006 0.562552 0.561913
944 0.561779 0.561006 0.562552 0.561914
945 0.561783 0.56101 0.562556 0.561915
946 0.561788 0.561015 0.562561 0.561916
948 0.561794 0.56102 0.562567 0.561918
949 0.561795 0.561022 0.562569 0.561919
950 0.561795 0.561022 0.562568 0.56192
951 0.561797 0.561023 0.56257 0.561921
952 0.561802 0.561028 0.562575 0.561922
954 0.561811 0.561037 0.562585 0.561924
955 0.561806 0.561033 0.56258 0.561925
956 0.561807 0.561033 0.56258 0.561926
957 0.561809 0.561035 0.562583 0.561927
958 0.561805 0.561031 0.562579 0.561928
960 0.561811 0.561037 0.562585 0.56193
961 0.56181 0.561036 0.562584 0.561931
962 0.561807 0.561033 0.562581 0.561932
963 0.561804 0.56103 0.562578 0.561933
964 0.561805 0.561031 0.562579 0.561934
966 0.561804 0.56103 0.562578 0.561936
967 0.561805 0.56103 0.562579 0.561936
968 0.561805 0.561031 0.562579 0.561937
969 0.561809 0.561035 0.562583 0.561938
970 0.561808 0.561034 0.562582 0.561939
972 0.561809 0.561035 0.562583 0.561941
973 0.56181 0.561035 0.562584 0.561942
974 0.561812 0.561038 0.562586 0.561943
975 0.561807 0.561033 0.562581 0.561944
976 0.561809 0.561035 0.562583 0.561945
978 0.561813 0.561039 0.562588 0.561947
979 0.561813 0.561038 0.562587 0.561948
980 0.561811 0.561037 0.562586 0.561948
981 0.561806 0.561032 0.56258 0.561949
982 0.561807 0.561033 0.562581 0.56195
984 0.561807 0.561033 0.562581 0.561952
985 0.561803 0.561029 0.562577 0.561953
986 0.561803 0.561028 0.562577 0.561954
987 0.561806 0.561032 0.562581 0.561955
988 0.5618 0.561025 0.562574 0.561956
990 0.561807 0.561033 0.562581 0.561957
991 0.56181 0.561036 0.562585 0.561958
992 0.561813 0.561038 0.562587 0.561959
993 0.561817 0.561042 0.562591 0.56196
994 0.561813 0.561039 0.562588 0.561961
996 0.56181 0.561035 0.562585 0.561963
997 0.561814 0.56104 0.562589 0.561964
998 0.561815 0.56104 0.562589 0.561965
999 0.561813 0.561038 0.562587 0.561965
1000 0.561822 0.561048 0.562597 0.561966
1002 0.561819 0.561045 0.562594 0.561968
1003 0.561819 0.561044 0.562593 0.561969
1004 0.561825 0.56105 0.5626 0.56197
1005 0.561826 0.561051 0.5626 0.561971
1006 0.561832 0.561058 0.562607 0.561972
1008 0.561836 0.561061 0.562611 0.561973
1009 0.561835 0.56106 0.56261 0.561974
1010 0.561836 0.561061 0.562611 0.561975
1011 0.561836 0.561061 0.562611 0.561976
1012 0.561839 0.561064 0.562614 0.561977
1014 0.561848 0.561073 0.562623 0.561978
1015 0.561846 0.561071 0.562621 0.561979
1016 0.561843 0.561068 0.562618 0.56198
1017 0.561839 0.561064 0.562614 0.561981
1018 0.561834 0.561059 0.562609 0.561982
1020 0.561825 0.56105 0.562599 0.561984
1021 0.561824 0.561049 0.562599 0.561984
1022 0.561823 0.561048 0.562598 0.561985
1023 0.561824 0.561049 0.562599 0.561986
1024 0.561824 0.561049 0.562599 0.561987
1026 0.561822 0.561047 0.562597 0.561989
1027 0.561815 0.56104 0.56259 0.561989
1028 0.561815 0.56104 0.56259 0.56199
1029 0.56181 0.561035 0.562585 0.561991
1030 0.561812 0.561037 0.562587 0.561992
1032 0.561812 0.561037 0.562587 0.561994
1033 0.561815 0.56104 0.56259 0.561994
1034 0.561815 0.56104 0.56259 0.561995
1035 0.561816 0.561041 0.562591 0.561996
1036 0.561814 0.561039 0.562589 0.561997
1038 0.561815 0.561039 0.56259 0.561998
1039 0.561814 0.561039 0.562589 0.561999
1040 0.561815 0.56104 0.562591 0.562
1041 0.561816 0.561041 0.562592 0.562001
1042 0.561813 0.561037 0.562588 0.562002
1044 0.561813 0.561037 0.562588 0.562003
1045 0.561812 0.561036 0.562587 0.562004
1046 0.56182 0.561044 0.562595 0.562005
1047 0.561821 0.561045 0.562596 0.562006
1048 0.561822 0.561047 0.562598 0.562006
1050 0.561825 0.56105 0.562601 0.562008
1051 0.561823 0.561048 0.562599 0.562009
1052 0.561827 0.561051 0.562603 0.56201
1053 0.561823 0.561047 0.562598 0.56201
1054 0.561824 0.561049 0.5626 0.562011
1056 0.561823 0.561048 0.562599 0.562013
1057 0.561825 0.561049 0.5626 0.562014
1058 0.561825 0.561049 0.562601 0.562014
1059 0.561825 0.561049 0.562601 0.562015
1060 0.561822 0.561047 0.562598 0.562016
1062 0.561818 0.561042 0.562593 0.562017
1063 0.561819 0.561044 0.562595 0.562018
1064 0.561822 0.561046 0.562597 0.562019
1065 0.561824 0.561048 0.562599 0.56202
1066 0.561821 0.561046 0.562597 0.562021
1068 0.561811 0.561035 0.562586 0.562022
1069 0.561808 0.561032 0.562584 0.562023
1070 0.561812 0.561037 0.562588 0.562024
1071 0.561815 0.561039 0.56259 0.562024
1072 0.56182 0.561044 0.562595 0.562025
1074 0.561821 0.561045 0.562596 0.562027
1075 0.561821 0.561045 0.562596 0.562027
1076 0.56182 0.561044 0.562596 0.562028
1077 0.561822 0.561047 0.562598 0.562029
1078 0.561822 0.561046 0.562597 0.56203
1080 0.561828 0.561052 0.562604 0.562031
1081 0.56183 0.561054 0.562606 0.562032
1082 0.561829 0.561054 0.562605 0.562033
1083 0.56183 0.561054 0.562606 0.562033
1084 0.561829 0.561053 0.562604 0.562034
1086 0.561833 0.561057 0.562608 0.562036
1087 0.561828 0.561053 0.562604 0.562036
1088 0.561832 0.561056 0.562608 0.562037
1089 0.561835 0.561059 0.562611 0.562038
1090 0.561837 0.561061 0.562613 0.562039
1092 0.56184 0.561064 0.562615 0.56204
1093 0.561845 0.56107 0.562621 0.562041
1094 0.561844 0.561069 0.56262 0.562042
1095 0.561843 0.561067 0.562618 0.562042
1096 0.561838 0.561063 0.562614 0.562043
1098 0.561846 0.56107 0.562621 0.562045
1099 0.561846 0.56107 0.562621 0.562045
1100 0.561845 0.561069 0.56262 0.562046
1101 0.561847 0.561071 0.562622 0.562047
1102 0.561847 0.561071 0.562623 0.562047
1104 0.561849 0.561073 0.562625 0.562049
1105 0.561854 0.561078 0.56263 0.56205
1106 0.561854 0.561078 0.56263 0.56205
1107 0.561862 0.561086 0.562638 0.562051
1108 0.561871 0.561095 0.562647 0.562052
1110 0.561862 0.561086 0.562638 0.562053
1111 0.561865 0.561089 0.562641 0.562054
1112 0.561862 0.561087 0.562638 0.562055
1113 0.561861 0.561086 0.562637 0.562055
1114 0.561863 0.561087 0.562638 0.562056
1116 0.56186 0.561085 0.562636 0.562057
1117 0.561867 0.561092 0.562643 0.562058
1118 0.56187 0.561094 0.562646 0.562059
1119 0.561866 0.56109 0.562642 0.562059
1120 0.561869 0.561093 0.562645 0.56206
1122 0.561863 0.561088 0.562639 0.562062
1123 0.561859 0.561083 0.562635 0.562062
1124 0.561855 0.561079 0.56263 0.562063
1125 0.561857 0.561082 0.562633 0.562064
1126 0.561859 0.561083 0.562635 0.562064
1128 0.561859 0.561083 0.562634 0.562066
1129 0.561861 0.561086 0.562637 0.562066
1130 0.561867 0.561091 0.562643 0.562067
1131 0.561868 0.561092 0.562643 0.562068
1132 0.561871 0.561095 0.562647 0.562068
1134 0.561867 0.561091 0.562643 0.56207
1135 0.561864 0.561088 0.56264 0.562071
1136 0.561864 0.561089 0.56264 0.562071
1137 0.561862 0.561087 0.562638 0.562072
1138 0.561861 0.561085 0.562637 0.562073
1140 0.561862 0.561086 0.562638 0.562074
1141 0.561861 0.561086 0.562637 0.562075
1142 0.561866 0.56109 0.562642 0.562075
1143 0.561872 0.561096 0.562648 0.562076
1144 0.561874 0.561098 0.56265 0.562077
1146 0.561875 0.561099 0.562651 0.562078
1147 0.561873 0.561097 0.562649 0.562079
1148 0.561874 0.561097 0.56265 0.562079
1149 0.561873 0.561097 0.562649 0.56208
1150 0.561876 0.561099 0.562652 0.562081
1152 0.561879 0.561103 0.562655 0.562082
1153 0.56188 0.561104 0.562656 0.562083
1154 0.561881 0.561105 0.562657 0.562083
1155 0.561882 0.561106 0.562658 0.562084
1156 0.561882 0.561106 0.562658 0.562085
1158 0.561884 0.561108 0.56266 0.562086
1159 0.561886 0.56111 0.562662 0.562087
1160 0.561884 0.561108 0.56266 0.562087
1161 0.561882 0.561106 0.562658 0.562088
1162 0.561881 0.561105 0.562657 0.562088
1164 0.561878 0.561102 0.562655 0.56209
1165 0.56188 0.561104 0.562656 0.56209
1166 0.561874 0.561098 0.56265 0.562091
1167 0.561876 0.5611 0.562652 0.562092
1168 0.561877 0.561101 0.562653 0.562092
1170 0.561875 0.561099 0.562651 0.562094
1171 0.561877 0.561101 0.562653 0.562094
1172 0.561874 0.561098 0.56265 0.562095
1173 0.561872 0.561096 0.562647 0.562096
1174 0.561877 0.561102 0.562653 0.562096
1176 0.561878 0.561102 0.562654 0.562097
1177 0.561881 0.561105 0.562657 0.562098
1178 0.561881 0.561105 0.562657 0.562099
1179 0.561877 0.561101 0.562653 0.562099
1180 0.561876 0.5611 0.562652 0.5621
1182 0.561877 0.561101 0.562653 0.562101
1183 0.561877 0.561101 0.562653 0.562102
1184 0.561872 0.561096 0.562648 0.562102
1185 0.561878 0.561102 0.562654 0.562103
1186 0.561882 0.561106 0.562658 0.562104
1188 0.561885 0.561108 0.562661 0.562105
1189 0.561885 0.561109 0.562661 0.562106
1190 0.56189 0.561114 0.562666 0.562106
1191 0.561892 0.561116 0.562668 0.562107
1192 0.561897 0.561121 0.562673 0.562107
1194 0.561893 0.561117 0.562669 0.562109
1195 0.561894 0.561118 0.56267 0.562109
1196 0.561895 0.561119 0.562671 0.56211
1197 0.561899 0.561123 0.562675 0.56211
1198 0.561904 0.561128 0.56268 0.562111
1200 0.56191 0.561134 0.562686 0.562112
1201 0.561913 0.561137 0.562689 0.562113
1202 0.561912 0.561136 0.562688 0.562114
1203 0.561912 0.561136 0.562688 0.562114
1204 0.561913 0.561137 0.562689 0.562115
1206 0.561917 0.561141 0.562694 0.562116
1207 0.561919 0.561143 0.562696 0.562117
1208 0.561921 0.561144 0.562697 0.562117
1209 0.561918 0.561142 0.562694 0.562118
1210 0.56192 0.561144 0.562696 0.562118
1212 0.561924 0.561148 0.5627 0.56212
1213 0.561922 0.561146 0.562698 0.56212
1214 0.561921 0.561145 0.562697 0.562121
1215 0.561921 0.561145 0.562697 0.562121
1216 0.561923 0.561147 0.562699 0.562122
1218 0.561927 0.56115 0.562703 0.562123
1219 0.561923 0.561147 0.562699 0.562124
1220 0.561924 0.561148 0.562701 0.562124
1221 0.561923 0.561147 0.562699 0.562125
1222 0.561925 0.561149 0.562702 0.562125
1224 0.561925 0.561148 0.562701 0.562127
1225 0.561926 0.56115 0.562702 0.562127
1226 0.561927 0.561151 0.562703 0.562128
1227 0.561925 0.561149 0.562701 0.562128
1228 0.561927 0.561151 0.562703 0.562129
1230 0.561925 0.561149 0.562701 0.56213
1231 0.561925 0.561149 0.562701 0.562131
1232 0.561929 0.561152 0.562705 0.562131
1233 0.561931 0.561154 0.562707 0.562132
1234 0.561934 0.561158 0.562711 0.562132
1236 0.561935 0.561159 0.562711 0.562134
1237 0.561935 0.561159 0.562712 0.562134
1238 0.561935 0.561159 0.562712 0.562135
1239 0.561936 0.56116 0.562713 0.562135
1240 0.561935 0.561159 0.562712 0.562136
1242 0.561937 0.56116 0.562713 0.562137
1243 0.561936 0.561159 0.562713 0.562138
1244 0.561935 0.561159 0.562712 0.562138
1245 0.561939 0.561163 0.562716 0.562139
1246 0.561939 0.561162 0.562716 0.562139
1248 0.561939 0.561163 0.562716 0.56214
1249 0.561937 0.56116 0.562714 0.562141
1250 0.561933 0.561157 0.56271 0.562142
1251 0.561935 0.561158 0.562712 0.562142
1252 0.561934 0.561157 0.562711 0.562143
1254 0.56194 0.561163 0.562717 0.562144
1255 0.561942 0.561165 0.562719 0.562144
1256 0.561941 0.561164 0.562718 0.562145
1257 0.561945 0.561168 0.562722 0.562145
1258 0.561946 0.561169 0.562723 0.562146
