//total_population estimated_relatedness lower_bound upper_bound relatedness
70 0.585921 0.585921 0.585921 0.585921
71 0.586081 0.585974 0.586188 0.586088
72 0.586289 0.586137 0.586441 0.58625
74 0.586551 0.586341 0.58676 0.58656
75 0.586707 0.586473 0.586941 0.586709
77 0.58711 0.586839 0.587382 0.586996
78 0.587231 0.586942 0.587519 0.587133
79 0.587417 0.587113 0.587721 0.587267
81 0.587722 0.587391 0.588053 0.587525
82 0.587864 0.58752 0.588209 0.587649
84 0.588125 0.587757 0.588493 0.587889
85 0.588218 0.587837 0.588598 0.588004
86 0.588336 0.587945 0.588726 0.588117
88 0.588568 0.58816 0.588976 0.588335
89 0.588686 0.588269 0.589104 0.58844
91 0.588863 0.58843 0.589296 0.588643
92 0.588918 0.588476 0.589359 0.588741
93 0.588995 0.588547 0.589444 0.588837
95 0.589212 0.588752 0.589673 0.589024
96 0.589325 0.588857 0.589793 0.589114
98 0.5894 0.588918 0.589881 0.589288
99 0.589504 0.589014 0.589994 0.589373
100 0.589541 0.589047 0.590035 0.589456
102 0.589703 0.589197 0.590208 0.589617
103 0.589744 0.589232 0.590255 0.589695
105 0.589812 0.58929 0.590334 0.589847
106 0.589888 0.58936 0.590415 0.58992
107 0.589935 0.589402 0.590468 0.589993
109 0.590164 0.589622 0.590705 0.590133
110 0.590261 0.589715 0.590807 0.590202
112 0.590288 0.589734 0.590842 0.590335
113 0.590383 0.589826 0.59094 0.5904
114 0.590496 0.589935 0.591057 0.590463
116 0.590629 0.590062 0.591197 0.590587
117 0.590645 0.590074 0.591216 0.590647
119 0.590724 0.590146 0.591303 0.590765
120 0.59077 0.590188 0.591352 0.590822
121 0.590807 0.590223 0.591391 0.590879
123 0.590922 0.59033 0.591514 0.590989
124 0.590957 0.590362 0.591551 0.591042
126 0.591171 0.590571 0.591771 0.591147
127 0.591252 0.590649 0.591856 0.591198
128 0.591271 0.590664 0.591878 0.591248
130 0.591344 0.590733 0.591954 0.591347
131 0.591377 0.590764 0.591991 0.591395
133 0.591513 0.590893 0.592132 0.591488
134 0.591583 0.59096 0.592205 0.591534
135 0.591624 0.590999 0.592249 0.591579
137 0.59174 0.591109 0.59237 0.591668
138 0.591808 0.591175 0.592441 0.591711
140 0.591832 0.591195 0.59247 0.591795
141 0.591858 0.591219 0.592497 0.591837
142 0.591916 0.591275 0.592557 0.591878
144 0.592 0.591355 0.592645 0.591957
145 0.592021 0.591375 0.592668 0.591996
147 0.592058 0.591408 0.592708 0.592073
148 0.592108 0.591456 0.592759 0.59211
149 0.592129 0.591476 0.592782 0.592147
151 0.592196 0.591541 0.592851 0.59222
152 0.592251 0.591594 0.592908 0.592256
154 0.592303 0.591643 0.592964 0.592325
155 0.592353 0.59169 0.593016 0.592359
156 0.592367 0.591702 0.593033 0.592393
158 0.592427 0.591759 0.593095 0.592459
159 0.592447 0.591776 0.593117 0.592492
161 0.59249 0.591816 0.593163 0.592555
162 0.592502 0.591827 0.593177 0.592587
163 0.592576 0.591898 0.593253 0.592617
165 0.592617 0.591938 0.593297 0.592678
166 0.592659 0.591978 0.593341 0.592708
168 0.592663 0.591977 0.593348 0.592766
169 0.592705 0.592019 0.593391 0.592795
170 0.592776 0.592088 0.593464 0.592823
172 0.592867 0.592175 0.593559 0.592879
173 0.59291 0.592217 0.593603 0.592906
175 0.592963 0.592267 0.59366 0.59296
176 0.592966 0.592268 0.593664 0.592986
177 0.593029 0.59233 0.593729 0.593013
179 0.593066 0.592364 0.593768 0.593064
180 0.593099 0.592396 0.593802 0.593089
182 0.593108 0.592403 0.593814 0.593139
183 0.593113 0.592407 0.593819 0.593163
184 0.593154 0.592447 0.593861 0.593188
186 0.593173 0.592464 0.593882 0.593235
187 0.59315 0.59244 0.593861 0.593258
189 0.593177 0.592465 0.593889 0.593305
190 0.593193 0.592479 0.593907 0.593327
191 0.59319 0.592476 0.593904 0.59335
193 0.593215 0.592498 0.593932 0.593394
194 0.593224 0.592506 0.593942 0.593415
196 0.59328 0.592558 0.594001 0.593458
197 0.593309 0.592588 0.594031 0.593479
198 0.593316 0.592594 0.594039 0.5935
200 0.593328 0.592603 0.594052 0.593541
201 0.593322 0.592596 0.594048 0.593561
203 0.59336 0.592632 0.594088 0.593601
204 0.593364 0.592636 0.594093 0.593621
205 0.593395 0.592665 0.594124 0.59364
207 0.593409 0.592678 0.59414 0.593679
208 0.593448 0.592716 0.59418 0.593697
210 0.593526 0.592793 0.59426 0.593735
211 0.593531 0.592797 0.594265 0.593753
212 0.593556 0.592821 0.594292 0.593771
214 0.593574 0.592837 0.594311 0.593807
215 0.593591 0.592854 0.594329 0.593825
217 0.593674 0.592935 0.594414 0.593859
218 0.593685 0.592944 0.594425 0.593877
219 0.593698 0.592957 0.594439 0.593894
221 0.593704 0.592961 0.594446 0.593927
222 0.593702 0.592959 0.594446 0.593944
224 0.593678 0.592934 0.594423 0.593976
225 0.593677 0.592931 0.594422 0.593993
226 0.593666 0.592921 0.594412 0.594008
228 0.593713 0.592965 0.59446 0.59404
229 0.593718 0.59297 0.594466 0.594056
231 0.59374 0.59299 0.59449 0.594086
232 0.593765 0.593015 0.594515 0.594101
233 0.593801 0.59305 0.594552 0.594116
235 0.59381 0.593057 0.594563 0.594146
236 0.593797 0.593043 0.59455 0.594161
238 0.593845 0.59309 0.5946 0.59419
239 0.593829 0.593073 0.594584 0.594204
240 0.593831 0.593076 0.594587 0.594218
242 0.593866 0.593109 0.594623 0.594246
243 0.593857 0.593099 0.594615 0.59426
245 0.593889 0.59313 0.594647 0.594287
246 0.593899 0.59314 0.594658 0.5943
247 0.593914 0.593153 0.594674 0.594314
249 0.593923 0.593162 0.594684 0.59434
250 0.593919 0.593158 0.59468 0.594353
252 0.593963 0.593201 0.594725 0.594379
253 0.593984 0.593222 0.594747 0.594392
254 0.593985 0.593222 0.594747 0.594404
256 0.593983 0.59322 0.594746 0.594429
257 0.593968 0.593205 0.594731 0.594442
259 0.594014 0.593249 0.594779 0.594466
260 0.594064 0.593298 0.59483 0.594478
261 0.594066 0.5933 0.594832 0.59449
263 0.594082 0.593315 0.594848 0.594514
264 0.594109 0.593341 0.594877 0.594525
266 0.594142 0.593373 0.594911 0.594548
267 0.594151 0.593382 0.594921 0.59456
268 0.594183 0.593413 0.594953 0.594571
270 0.594181 0.593411 0.594952 0.594594
271 0.594216 0.593444 0.594989 0.594605
273 0.594208 0.593436 0.594981 0.594627
274 0.594206 0.593434 0.594979 0.594637
275 0.594236 0.593463 0.595009 0.594648
277 0.594225 0.593451 0.594998 0.594669
278 0.594254 0.59348 0.595029 0.59468
280 0.594272 0.593496 0.595047 0.594701
281 0.594297 0.593521 0.595073 0.594711
282 0.59432 0.593543 0.595097 0.594721
284 0.594358 0.59358 0.595136 0.594742
285 0.594381 0.593602 0.595159 0.594752
287 0.594412 0.593632 0.595193 0.594771
288 0.594415 0.593635 0.595195 0.594781
289 0.594412 0.593631 0.595193 0.594791
291 0.594447 0.593665 0.595229 0.59481
292 0.594438 0.593656 0.595221 0.59482
294 0.594409 0.593626 0.595192 0.594839
295 0.594406 0.593622 0.595189 0.594848
296 0.594411 0.593627 0.595196 0.594857
298 0.594435 0.59365 0.595221 0.594876
299 0.594436 0.59365 0.595222 0.594885
301 0.594464 0.593677 0.595251 0.594903
302 0.594462 0.593674 0.59525 0.594912
303 0.594468 0.59368 0.595256 0.594921
305 0.594483 0.593694 0.595271 0.594938
306 0.594498 0.593708 0.595287 0.594947
308 0.594553 0.593763 0.595343 0.594964
309 0.594565 0.593775 0.595356 0.594972
310 0.594548 0.593758 0.595339 0.594981
312 0.594558 0.593767 0.595349 0.594998
313 0.594573 0.593782 0.595364 0.595006
315 0.59458 0.593789 0.595372 0.595022
316 0.594568 0.593776 0.595359 0.595031
317 0.594579 0.593788 0.595371 0.595039
319 0.594629 0.593837 0.595421 0.595055
320 0.594639 0.593846 0.595432 0.595063
322 0.594649 0.593856 0.595443 0.595078
323 0.594645 0.593852 0.595439 0.595086
324 0.594661 0.593868 0.595455 0.595094
326 0.594682 0.593887 0.595476 0.595109
327 0.594698 0.593903 0.595493 0.595117
329 0.594699 0.593903 0.595495 0.595132
330 0.594692 0.593896 0.595488 0.595139
331 0.594708 0.593912 0.595504 0.595147
333 0.594739 0.593943 0.595535 0.595161
334 0.594721 0.593924 0.595518 0.595169
336 0.594765 0.593967 0.595562 0.595183
337 0.594797 0.593998 0.595595 0.59519
338 0.594823 0.594025 0.595621 0.595197
340 0.594834 0.594035 0.595633 0.595211
341 0.59486 0.594061 0.595659 0.595218
343 0.594871 0.594071 0.595672 0.595232
344 0.594866 0.594065 0.595666 0.595239
345 0.594867 0.594066 0.595668 0.595246
347 0.594867 0.594066 0.595669 0.595259
348 0.594888 0.594086 0.595689 0.595266
350 0.594889 0.594086 0.595691 0.595279
351 0.594892 0.594089 0.595694 0.595286
352 0.594895 0.594093 0.595698 0.595293
354 0.594901 0.594098 0.595704 0.595306
355 0.594914 0.594111 0.595717 0.595312
357 0.594931 0.594127 0.595735 0.595325
358 0.594937 0.594133 0.595742 0.595331
359 0.594951 0.594146 0.595756 0.595337
361 0.594977 0.594171 0.595782 0.59535
362 0.594993 0.594187 0.595799 0.595356
364 0.594992 0.594186 0.595798 0.595368
365 0.594998 0.594192 0.595805 0.595374
366 0.59501 0.594204 0.595817 0.595381
368 0.595051 0.594245 0.595858 0.595393
369 0.595045 0.594238 0.595852 0.595398
371 0.595069 0.594262 0.595877 0.59541
372 0.595073 0.594265 0.595881 0.595416
373 0.595064 0.594256 0.595873 0.595422
375 0.595043 0.594234 0.595852 0.595434
376 0.595065 0.594255 0.595874 0.595439
378 0.595094 0.594284 0.595904 0.595451
379 0.595092 0.594282 0.595902 0.595456
380 0.595097 0.594287 0.595908 0.595462
382 0.595098 0.594287 0.595909 0.595473
383 0.59511 0.594299 0.595921 0.595479
385 0.595137 0.594325 0.59595 0.59549
386 0.595142 0.59433 0.595954 0.595495
387 0.595153 0.59434 0.595965 0.5955
389 0.595158 0.594345 0.59597 0.595511
390 0.595152 0.59434 0.595965 0.595517
392 0.595174 0.594361 0.595987 0.595527
393 0.595169 0.594356 0.595982 0.595532
394 0.595162 0.594349 0.595975 0.595538
396 0.59515 0.594336 0.595963 0.595548
397 0.595156 0.594342 0.595969 0.595553
399 0.59518 0.594366 0.595995 0.595563
400 0.59518 0.594365 0.595995 0.595568
401 0.595183 0.594367 0.595998 0.595573
403 0.595154 0.594339 0.595969 0.595583
404 0.595148 0.594333 0.595963 0.595588
406 0.595139 0.594323 0.595954 0.595598
407 0.595134 0.594318 0.595949 0.595603
408 0.59514 0.594325 0.595956 0.595608
410 0.595146 0.59433 0.595962 0.595618
411 0.595152 0.594335 0.595968 0.595623
413 0.595167 0.59435 0.595985 0.595632
414 0.595177 0.59436 0.595995 0.595637
415 0.595193 0.594376 0.596011 0.595641
417 0.5952 0.594381 0.596018 0.595651
418 0.595205 0.594387 0.596024 0.595655
420 0.595198 0.594379 0.596016 0.595665
421 0.595208 0.594389 0.596027 0.595669
422 0.595221 0.594402 0.596041 0.595674
424 0.595237 0.594418 0.596056 0.595683
425 0.59525 0.594431 0.596069 0.595687
427 0.595261 0.594441 0.596081 0.595696
428 0.595281 0.594461 0.596101 0.595701
429 0.595296 0.594475 0.596116 0.595705
431 0.595299 0.594478 0.59612 0.595714
432 0.595302 0.594482 0.596123 0.595718
434 0.595318 0.594497 0.596139 0.595727
435 0.595319 0.594498 0.59614 0.595731
436 0.595324 0.594503 0.596145 0.595735
438 0.595339 0.594517 0.59616 0.595744
439 0.595354 0.594532 0.596176 0.595748
441 0.595344 0.594522 0.596166 0.595756
442 0.595342 0.594519 0.596165 0.595761
443 0.595351 0.594528 0.596174 0.595765
445 0.595348 0.594525 0.596171 0.595773
446 0.595346 0.594523 0.596169 0.595777
448 0.595361 0.594537 0.596184 0.595785
449 0.595377 0.594553 0.596201 0.595789
450 0.595393 0.594568 0.596217 0.595793
452 0.595388 0.594563 0.596212 0.595801
453 0.595402 0.594577 0.596226 0.595805
455 0.595401 0.594577 0.596226 0.595813
456 0.595401 0.594576 0.596226 0.595817
457 0.595403 0.594578 0.596228 0.595821
459 0.595434 0.594608 0.59626 0.595828
460 0.595446 0.59462 0.596272 0.595832
462 0.595426 0.5946 0.596252 0.59584
463 0.595441 0.594615 0.596268 0.595843
464 0.595463 0.594637 0.59629 0.595847
466 0.595474 0.594647 0.596301 0.595855
467 0.595475 0.594648 0.596302 0.595858
469 0.595466 0.594639 0.596293 0.595866
470 0.595471 0.594644 0.596298 0.595869
471 0.595483 0.594656 0.596311 0.595873
473 0.59549 0.594663 0.596318 0.59588
474 0.595504 0.594676 0.596332 0.595884
476 0.595493 0.594666 0.596321 0.595891
477 0.595494 0.594666 0.596322 0.595895
478 0.595505 0.594676 0.596333 0.595898
480 0.595511 0.594682 0.59634 0.595905
481 0.59551 0.594681 0.596339 0.595909
483 0.595515 0.594686 0.596345 0.595916
484 0.595534 0.594704 0.596364 0.595919
485 0.595523 0.594694 0.596353 0.595923
487 0.59552 0.594689 0.59635 0.595929
488 0.595534 0.594704 0.596365 0.595933
490 0.595522 0.594691 0.596353 0.59594
491 0.595521 0.59469 0.596352 0.595943
492 0.595527 0.594695 0.596358 0.595946
494 0.595522 0.59469 0.596353 0.595953
495 0.595536 0.594704 0.596367 0.595956
497 0.595523 0.594692 0.596355 0.595963
498 0.595536 0.594705 0.596368 0.595966
499 0.595528 0.594696 0.596359 0.595969
501 0.595543 0.594711 0.596374 0.595976
502 0.595546 0.594714 0.596377 0.595979
504 0.595552 0.59472 0.596384 0.595985
505 0.59556 0.594728 0.596392 0.595989
506 0.59556 0.594728 0.596392 0.595992
508 0.595581 0.594748 0.596414 0.595998
509 0.595598 0.594765 0.596431 0.596001
511 0.595598 0.594764 0.596431 0.596007
512 0.5956 0.594766 0.596433 0.596011
513 0.595592 0.594758 0.596425 0.596014
515 0.595609 0.594776 0.596442 0.59602
516 0.595599 0.594765 0.596432 0.596023
518 0.595614 0.594781 0.596448 0.596029
519 0.595615 0.594782 0.596449 0.596032
520 0.595618 0.594784 0.596452 0.596035
522 0.595623 0.594788 0.596457 0.596041
523 0.595621 0.594787 0.596456 0.596044
525 0.59563 0.594795 0.596464 0.59605
526 0.59564 0.594805 0.596475 0.596053
527 0.595651 0.594815 0.596486 0.596055
529 0.595667 0.594831 0.596502 0.596061
530 0.595664 0.594828 0.5965 0.596064
532 0.595669 0.594832 0.596505 0.59607
533 0.595673 0.594837 0.596509 0.596073
534 0.595688 0.594851 0.596524 0.596076
536 0.595688 0.594853 0.596524 0.596081
537 0.595696 0.594859 0.596532 0.596084
539 0.595728 0.594891 0.596565 0.59609
540 0.595728 0.594891 0.596564 0.596092
541 0.595738 0.594901 0.596575 0.596095
543 0.595736 0.594899 0.596573 0.596101
544 0.595751 0.594914 0.596589 0.596103
546 0.595779 0.594941 0.596617 0.596109
547 0.595786 0.594948 0.596624 0.596111
548 0.595791 0.594953 0.59663 0.596114
550 0.595819 0.59498 0.596658 0.59612
551 0.595827 0.594988 0.596666 0.596122
553 0.595856 0.595017 0.596696 0.596127
554 0.595863 0.595024 0.596703 0.59613
555 0.595866 0.595026 0.596706 0.596133
557 0.595894 0.595054 0.596735 0.596138
558 0.595902 0.595061 0.596742 0.596141
560 0.5959 0.59506 0.596741 0.596146
561 0.595905 0.595064 0.596745 0.596148
562 0.595909 0.595068 0.596749 0.596151
564 0.59589 0.595049 0.596731 0.596156
565 0.595873 0.595033 0.596714 0.596159
567 0.595876 0.595035 0.596717 0.596164
568 0.595879 0.595038 0.59672 0.596166
569 0.595873 0.595032 0.596714 0.596169
571 0.595882 0.59504 0.596723 0.596174
572 0.595881 0.595039 0.596723 0.596176
574 0.595883 0.595042 0.596725 0.596181
575 0.595899 0.595058 0.596741 0.596183
576 0.595909 0.595067 0.59675 0.596186
578 0.595921 0.59508 0.596763 0.596191
579 0.595924 0.595083 0.596766 0.596193
581 0.595928 0.595086 0.59677 0.596198
582 0.595931 0.595089 0.596773 0.5962
583 0.595944 0.595102 0.596787 0.596203
585 0.59596 0.595117 0.596802 0.596207
586 0.595964 0.595122 0.596807 0.59621
588 0.595964 0.595121 0.596807 0.596214
589 0.595972 0.595129 0.596816 0.596217
590 0.595973 0.59513 0.596817 0.596219
592 0.595975 0.595131 0.596819 0.596224
593 0.59598 0.595136 0.596824 0.596226
595 0.595987 0.595142 0.596831 0.596231
596 0.595987 0.595143 0.596832 0.596233
597 0.595994 0.595149 0.596839 0.596235
599 0.596004 0.59516 0.596849 0.59624
600 0.596007 0.595163 0.596852 0.596242
602 0.596014 0.59517 0.596859 0.596246
603 0.59602 0.595175 0.596865 0.596249
604 0.596031 0.595186 0.596876 0.596251
606 0.59602 0.595175 0.596865 0.596255
607 0.596027 0.595181 0.596872 0.596257
609 0.596029 0.595184 0.596875 0.596262
610 0.596031 0.595185 0.596876 0.596264
611 0.59603 0.595185 0.596876 0.596266
613 0.596042 0.595196 0.596888 0.59627
614 0.596041 0.595195 0.596888 0.596273
616 0.596053 0.595207 0.596899 0.596277
617 0.596067 0.59522 0.596913 0.596279
618 0.596058 0.595211 0.596905 0.596281
620 0.596061 0.595214 0.596908 0.596285
621 0.596056 0.595209 0.596903 0.596287
623 0.596051 0.595204 0.596898 0.596292
624 0.596049 0.595201 0.596896 0.596294
625 0.596049 0.595202 0.596897 0.596296
627 0.596065 0.595217 0.596912 0.5963
628 0.59606 0.595213 0.596908 0.596302
630 0.596064 0.595217 0.596912 0.596306
631 0.596066 0.595219 0.596913 0.596308
632 0.596069 0.595222 0.596917 0.59631
634 0.596082 0.595234 0.59693 0.596314
635 0.596083 0.595236 0.596931 0.596316
637 0.596082 0.595234 0.59693 0.59632
638 0.59609 0.595242 0.596938 0.596322
639 0.596097 0.595249 0.596945 0.596324
641 0.596095 0.595246 0.596943 0.596328
642 0.5961 0.595251 0.596948 0.59633
644 0.596102 0.595253 0.596951 0.596334
645 0.596102 0.595253 0.596951 0.596336
646 0.596107 0.595258 0.596957 0.596338
648 0.596103 0.595254 0.596953 0.596342
649 0.596108 0.595258 0.596957 0.596343
651 0.596105 0.595255 0.596954 0.596347
652 0.596107 0.595257 0.596957 0.596349
653 0.596105 0.595255 0.596955 0.596351
655 0.596111 0.595261 0.596961 0.596355
656 0.596111 0.595261 0.596961 0.596357
658 0.596117 0.595267 0.596967 0.596361
659 0.596124 0.595273 0.596974 0.596362
660 0.596134 0.595284 0.596984 0.596364
662 0.596139 0.595289 0.596989 0.596368
663 0.596136 0.595286 0.596986 0.59637
665 0.596133 0.595283 0.596983 0.596373
666 0.596133 0.595283 0.596983 0.596375
667 0.596131 0.595281 0.596982 0.596377
669 0.596131 0.595281 0.596981 0.596381
670 0.596129 0.595279 0.596979 0.596382
672 0.596126 0.595276 0.596975 0.596386
673 0.596128 0.595278 0.596978 0.596388
674 0.596134 0.595284 0.596983 0.59639
676 0.596131 0.595281 0.596981 0.596393
677 0.59614 0.59529 0.59699 0.596395
679 0.59614 0.595289 0.596991 0.596398
680 0.596135 0.595285 0.596986 0.5964
681 0.596143 0.595293 0.596994 0.596402
683 0.596157 0.595306 0.597008 0.596405
684 0.596163 0.595312 0.597014 0.596407
686 0.596172 0.595321 0.597023 0.596411
687 0.596175 0.595324 0.597027 0.596412
688 0.596179 0.595327 0.597031 0.596414
690 0.596173 0.595321 0.597025 0.596417
691 0.596174 0.595322 0.597026 0.596419
693 0.596179 0.595327 0.597031 0.596422
694 0.596186 0.595334 0.597038 0.596424
695 0.596186 0.595334 0.597038 0.596426
697 0.596198 0.595346 0.59705 0.596429
698 0.596185 0.595333 0.597037 0.596431
700 0.596193 0.59534 0.597045 0.596434
701 0.596192 0.595339 0.597044 0.596436
702 0.596193 0.59534 0.597046 0.596437
704 0.596192 0.595339 0.597045 0.596441
705 0.596188 0.595335 0.597041 0.596442
707 0.596193 0.59534 0.597046 0.596446
708 0.596197 0.595344 0.59705 0.596447
709 0.596211 0.595357 0.597064 0.596449
711 0.596218 0.595364 0.597072 0.596452
712 0.596222 0.595368 0.597075 0.596454
714 0.596221 0.595367 0.597074 0.596457
715 0.596219 0.595365 0.597073 0.596458
716 0.596226 0.595372 0.597079 0.59646
718 0.596218 0.595364 0.597072 0.596463
719 0.59621 0.595356 0.597064 0.596465
721 0.596217 0.595363 0.597071 0.596468
722 0.596217 0.595363 0.597072 0.596469
723 0.596218 0.595364 0.597072 0.596471
725 0.596224 0.59537 0.597078 0.596474
726 0.596222 0.595368 0.597076 0.596475
728 0.596233 0.595378 0.597087 0.596478
729 0.596238 0.595383 0.597092 0.59648
730 0.59624 0.595385 0.597095 0.596481
732 0.596237 0.595382 0.597092 0.596485
733 0.596242 0.595387 0.597097 0.596486
735 0.596241 0.595386 0.597097 0.596489
736 0.596242 0.595386 0.597097 0.596491
737 0.596258 0.595402 0.597114 0.596492
739 0.59626 0.595404 0.597116 0.596495
740 0.596265 0.595409 0.597121 0.596496
742 0.596254 0.595398 0.59711 0.596499
743 0.596251 0.595395 0.597107 0.596501
744 0.596246 0.59539 0.597103 0.596502
746 0.596245 0.595389 0.597102 0.596505
747 0.596249 0.595393 0.597105 0.596507
749 0.596239 0.595382 0.597095 0.59651
750 0.596244 0.595388 0.597101 0.596511
751 0.596244 0.595387 0.5971 0.596512
753 0.596246 0.595389 0.597103 0.596515
754 0.596248 0.595392 0.597105 0.596517
756 0.596245 0.595388 0.597101 0.59652
757 0.596241 0.595384 0.597098 0.596521
758 0.596249 0.595392 0.597106 0.596522
760 0.596255 0.595398 0.597112 0.596525
761 0.596249 0.595392 0.597106 0.596527
763 0.596255 0.595398 0.597112 0.596529
764 0.59626 0.595403 0.597118 0.596531
765 0.59626 0.595403 0.597118 0.596532
767 0.596246 0.595388 0.597104 0.596535
768 0.596251 0.595393 0.597108 0.596536
770 0.596253 0.595396 0.597111 0.596539
771 0.596252 0.595394 0.59711 0.59654
772 0.596255 0.595397 0.597112 0.596542
774 0.596251 0.595393 0.597109 0.596544
775 0.596255 0.595398 0.597113 0.596546
777 0.596258 0.5954 0.597116 0.596548
778 0.59626 0.595402 0.597118 0.59655
779 0.596264 0.595406 0.597122 0.596551
781 0.596265 0.595407 0.597123 0.596554
782 0.596257 0.595399 0.597116 0.596555
784 0.59625 0.595392 0.597109 0.596558
785 0.596252 0.595394 0.597111 0.596559
786 0.596253 0.595394 0.597112 0.59656
788 0.596253 0.595395 0.597112 0.596563
789 0.596255 0.595397 0.597114 0.596564
791 0.596249 0.595391 0.597108 0.596567
792 0.59625 0.595391 0.597108 0.596568
793 0.596245 0.595387 0.597104 0.596569
795 0.596243 0.595384 0.597102 0.596572
796 0.596247 0.595388 0.597106 0.596573
798 0.596243 0.595384 0.597102 0.596576
799 0.596242 0.595383 0.597101 0.596577
800 0.596238 0.595379 0.597097 0.596578
802 0.596242 0.595383 0.597101 0.596581
803 0.596233 0.595374 0.597092 0.596582
805 0.596237 0.595377 0.597096 0.596584
806 0.596245 0.595386 0.597104 0.596586
807 0.596251 0.595392 0.59711 0.596587
809 0.596248 0.595389 0.597108 0.596589
810 0.596247 0.595388 0.597107 0.596591
812 0.596239 0.59538 0.597099 0.596593
813 0.596238 0.595379 0.597098 0.596594
814 0.596236 0.595377 0.597096 0.596596
816 0.596227 0.595368 0.597087 0.596598
817 0.596225 0.595366 0.597085 0.596599
819 0.596223 0.595364 0.597083 0.596602
820 0.596222 0.595362 0.597081 0.596603
821 0.596225 0.595365 0.597084 0.596604
823 0.596229 0.595369 0.597089 0.596606
824 0.596222 0.595362 0.597081 0.596608
826 0.596222 0.595362 0.597082 0.59661
827 0.596222 0.595362 0.597082 0.596611
828 0.596219 0.595359 0.597079 0.596612
830 0.596227 0.595367 0.597088 0.596615
831 0.59623 0.59537 0.597091 0.596616
833 0.59624 0.59538 0.597101 0.596618
834 0.596247 0.595387 0.597108 0.596619
835 0.596253 0.595392 0.597114 0.59662
837 0.596246 0.595386 0.597107 0.596623
838 0.596246 0.595386 0.597107 0.596624
840 0.596245 0.595384 0.597105 0.596626
841 0.596237 0.595377 0.597098 0.596627
842 0.596238 0.595378 0.597098 0.596629
844 0.596242 0.595382 0.597102 0.596631
845 0.596242 0.595382 0.597103 0.596632
847 0.596236 0.595375 0.597096 0.596634
848 0.59624 0.59538 0.597101 0.596635
849 0.596243 0.595382 0.597104 0.596636
851 0.596246 0.595385 0.597106 0.596639
852 0.596247 0.595386 0.597107 0.59664
854 0.596259 0.595398 0.59712 0.596642
855 0.596261 0.5954 0.597122 0.596643
856 0.596262 0.595401 0.597123 0.596644
858 0.596255 0.595394 0.597116 0.596646
859 0.596262 0.595401 0.597123 0.596647
861 0.596258 0.595397 0.597119 0.59665
862 0.596259 0.595397 0.59712 0.596651
863 0.596262 0.595401 0.597124 0.596652
865 0.59626 0.595398 0.597122 0.596654
866 0.59626 0.595398 0.597122 0.596655
868 0.596262 0.5954 0.597123 0.596657
869 0.596265 0.595403 0.597127 0.596658
870 0.596269 0.595407 0.59713 0.596659
872 0.596266 0.595405 0.597128 0.596661
873 0.596263 0.595402 0.597125 0.596663
875 0.596262 0.5954 0.597124 0.596665
876 0.596261 0.595399 0.597122 0.596666
877 0.596267 0.595405 0.597129 0.596667
879 0.596277 0.595415 0.597139 0.596669
880 0.596273 0.595411 0.597135 0.59667
882 0.596266 0.595404 0.597128 0.596672
883 0.596266 0.595404 0.597128 0.596673
884 0.596276 0.595414 0.597138 0.596674
886 0.596274 0.595412 0.597136 0.596676
887 0.596273 0.595411 0.597135 0.596677
889 0.59628 0.595418 0.597142 0.596679
890 0.596279 0.595417 0.597141 0.59668
891 0.596286 0.595424 0.597149 0.596681
893 0.596298 0.595435 0.59716 0.596683
894 0.596292 0.59543 0.597155 0.596684
896 0.596289 0.595426 0.597152 0.596686
897 0.596292 0.59543 0.597155 0.596687
898 0.596296 0.595433 0.597159 0.596688
900 0.596294 0.595431 0.597157 0.59669
901 0.596296 0.595433 0.597159 0.596691
903 0.596305 0.595442 0.597168 0.596693
904 0.596309 0.595446 0.597173 0.596694
905 0.596306 0.595443 0.597169 0.596695
907 0.596313 0.595449 0.597176 0.596697
908 0.596311 0.595447 0.597174 0.596698
910 0.596314 0.595451 0.597178 0.5967
911 0.596314 0.59545 0.597178 0.596701
912 0.596311 0.595447 0.597175 0.596702
914 0.596313 0.595449 0.597177 0.596704
915 0.596316 0.595452 0.59718 0.596705
917 0.596317 0.595453 0.597181 0.596707
918 0.596316 0.595452 0.59718 0.596708
919 0.596315 0.595451 0.597179 0.596709
921 0.596321 0.595457 0.597186 0.596711
922 0.596316 0.595452 0.597181 0.596712
924 0.596312 0.595448 0.597177 0.596714
925 0.596321 0.595456 0.597185 0.596714
926 0.596328 0.595464 0.597192 0.596715
928 0.596325 0.59546 0.597189 0.596717
929 0.596329 0.595464 0.597193 0.596718
931 0.59633 0.595466 0.597195 0.59672
932 0.596331 0.595466 0.597196 0.596721
933 0.596332 0.595467 0.597196 0.596722
935 0.596335 0.59547 0.5972 0.596724
936 0.596341 0.595476 0.597206 0.596725
938 0.596341 0.595475 0.597206 0.596727
939 0.596341 0.595476 0.597206 0.596727
940 0.596342 0.595477 0.597207 0.596728
942 0.596341 0.595476 0.597207 0.59673
943 0.596346 0.595481 0.597212 0.596731
945 0.596341 0.595475 0.597207 0.596733
946 0.596341 0.595475 0.597207 0.596734
947 0.596346 0.595481 0.597212 0.596735
949 0.59636 0.595494 0.597226 0.596737
950 0.596362 0.595496 0.597228 0.596737
952 0.596358 0.595492 0.597224 0.596739
953 0.596358 0.595492 0.597224 0.59674
954 0.596362 0.595496 0.597229 0.596741
956 0.596359 0.595493 0.597226 0.596743
957 0.596353 0.595487 0.59722 0.596744
959 0.596361 0.595495 0.597228 0.596745
960 0.596357 0.59549 0.597224 0.596746
961 0.596355 0.595488 0.597221 0.596747
963 0.596355 0.595489 0.597222 0.596749
964 0.596361 0.595495 0.597228 0.59675
966 0.596366 0.595499 0.597232 0.596751
967 0.59636 0.595493 0.597226 0.596752
968 0.596362 0.595495 0.597228 0.596753
970 0.596364 0.595497 0.59723 0.596755
971 0.596361 0.595494 0.597227 0.596756
973 0.596366 0.5955 0.597233 0.596757
974 0.596376 0.595509 0.597243 0.596758
975 0.596379 0.595512 0.597245 0.596759
977 0.596376 0.595509 0.597242 0.596761
978 0.596374 0.595507 0.59724 0.596762
980 0.596378 0.595511 0.597244 0.596763
981 0.596379 0.595512 0.597246 0.596764
982 0.596385 0.595518 0.597252 0.596765
984 0.596379 0.595512 0.597246 0.596767
985 0.596382 0.595515 0.597249 0.596768
987 0.596379 0.595512 0.597247 0.596769
988 0.596382 0.595514 0.597249 0.59677
989 0.596382 0.595515 0.59725 0.596771
991 0.596388 0.595521 0.597256 0.596773
992 0.596392 0.595524 0.59726 0.596773
994 0.596386 0.595519 0.597254 0.596775
995 0.596392 0.595524 0.597259 0.596776
996 0.59639 0.595522 0.597258 0.596777
998 0.596384 0.595516 0.597252 0.596778
999 0.596381 0.595513 0.597248 0.596779
1001 0.596388 0.59552 0.597256 0.596781
1002 0.596386 0.595518 0.597254 0.596781
1003 0.596385 0.595517 0.597253 0.596782
1005 0.596385 0.595517 0.597253 0.596784
1006 0.596382 0.595515 0.59725 0.596785
1008 0.596388 0.59552 0.597256 0.596786
1009 0.596386 0.595518 0.597253 0.596787
1010 0.596389 0.595522 0.597257 0.596788
1012 0.59639 0.595522 0.597258 0.596789
1013 0.596387 0.595519 0.597255 0.59679
1015 0.596391 0.595523 0.597259 0.596792
1016 0.596397 0.595529 0.597265 0.596793
1017 0.5964 0.595532 0.597268 0.596793
1019 0.596393 0.595525 0.597261 0.596795
1020 0.596394 0.595526 0.597262 0.596796
1022 0.59639 0.595522 0.597258 0.596797
1023 0.596389 0.595521 0.597257 0.596798
1024 0.596386 0.595518 0.597254 0.596799
1026 0.596387 0.595519 0.597255 0.5968
1027 0.596388 0.59552 0.597256 0.596801
1029 0.596388 0.595519 0.597256 0.596803
1030 0.596388 0.59552 0.597257 0.596803
1031 0.59639 0.595521 0.597258 0.596804
1033 0.596386 0.595518 0.597255 0.596806
1034 0.596391 0.595522 0.597259 0.596806
1036 0.59639 0.595522 0.597259 0.596808
1037 0.596393 0.595524 0.597262 0.596809
1038 0.596389 0.59552 0.597258 0.596809
1040 0.59639 0.595521 0.597258 0.596811
1041 0.596392 0.595524 0.597261 0.596812
1043 0.596391 0.595522 0.59726 0.596813
1044 0.596391 0.595522 0.59726 0.596814
1045 0.596384 0.595515 0.597253 0.596815
1047 0.596374 0.595504 0.597243 0.596816
1048 0.596373 0.595504 0.597242 0.596817
1050 0.59638 0.595511 0.597249 0.596818
1051 0.596377 0.595508 0.597246 0.596819
1052 0.596383 0.595514 0.597252 0.59682
1054 0.59638 0.59551 0.597249 0.596821
1055 0.596383 0.595514 0.597252 0.596822
1057 0.596389 0.59552 0.597259 0.596823
1058 0.596394 0.595525 0.597263 0.596824
1059 0.596391 0.595522 0.597261 0.596825
1061 0.596393 0.595523 0.597262 0.596826
1062 0.596397 0.595528 0.597267 0.596827
1064 0.596403 0.595533 0.597272 0.596828
1065 0.596405 0.595535 0.597274 0.596829
1066 0.596403 0.595534 0.597273 0.59683
1068 0.596394 0.595524 0.597263 0.596831
1069 0.596394 0.595525 0.597264 0.596832
1071 0.596396 0.595526 0.597265 0.596833
1072 0.596397 0.595527 0.597266 0.596834
1073 0.596402 0.595532 0.597272 0.596835
1075 0.596396 0.595526 0.597265 0.596836
1076 0.596397 0.595527 0.597266 0.596837
1078 0.596401 0.595531 0.59727 0.596838
1079 0.596401 0.595531 0.59727 0.596839
1080 0.596408 0.595538 0.597278 0.59684
1082 0.596404 0.595535 0.597274 0.596841
1083 0.596402 0.595532 0.597271 0.596842
1085 0.596401 0.595531 0.597271 0.596843
1086 0.596399 0.595529 0.597269 0.596844
1087 0.596402 0.595532 0.597272 0.596844
1089 0.596403 0.595533 0.597272 0.596846
1090 0.596406 0.595536 0.597276 0.596846
1092 0.596406 0.595536 0.597275 0.596848
1093 0.596403 0.595533 0.597273 0.596848
1094 0.596405 0.595536 0.597275 0.596849
1096 0.596411 0.595541 0.597281 0.596851
1097 0.596411 0.595541 0.597281 0.596851
1099 0.596413 0.595543 0.597283 0.596853
1100 0.596415 0.595545 0.597285 0.596853
1101 0.596418 0.595548 0.597288 0.596854
1103 0.59642 0.59555 0.597291 0.596855
1104 0.596414 0.595543 0.597284 0.596856
1106 0.59642 0.59555 0.59729 0.596857
1107 0.596422 0.595552 0.597292 0.596858
1108 0.596419 0.595549 0.597289 0.596858
1110 0.596428 0.595558 0.597298 0.59686
1111 0.596429 0.595559 0.597299 0.59686
1113 0.596427 0.595557 0.597297 0.596862
1114 0.596423 0.595553 0.597293 0.596862
1115 0.596426 0.595556 0.597297 0.596863
1117 0.596435 0.595565 0.597306 0.596864
1118 0.59644 0.595569 0.59731 0.596865
1120 0.596443 0.595572 0.597313 0.596866
1121 0.596443 0.595572 0.597313 0.596867
1122 0.596445 0.595574 0.597316 0.596868
1124 0.59644 0.59557 0.597311 0.596869
1125 0.596436 0.595565 0.597307 0.596869
1127 0.59644 0.595569 0.597311 0.596871
1128 0.596443 0.595573 0.597314 0.596871
1129 0.596445 0.595574 0.597315 0.596872
1131 0.596443 0.595572 0.597314 0.596873
1132 0.596445 0.595575 0.597316 0.596874
1134 0.596443 0.595573 0.597314 0.596875
1135 0.596445 0.595574 0.597316 0.596876
1136 0.596446 0.595575 0.597317 0.596876
1138 0.596436 0.595566 0.597307 0.596878
1139 0.596439 0.595568 0.59731 0.596878
1141 0.596434 0.595564 0.597305 0.59688
1142 0.596438 0.595567 0.597309 0.59688
1143 0.596437 0.595566 0.597308 0.596881
1145 0.596439 0.595568 0.597311 0.596882
1146 0.596442 0.595571 0.597314 0.596883
1148 0.596445 0.595574 0.597316 0.596884
1149 0.596444 0.595572 0.597315 0.596884
1150 0.596446 0.595575 0.597317 0.596885
1152 0.596448 0.595577 0.597319 0.596886
1153 0.596446 0.595575 0.597318 0.596887
1155 0.596443 0.595572 0.597315 0.596888
1156 0.596447 0.595576 0.597319 0.596889
1157 0.596453 0.595581 0.597324 0.596889
1159 0.596459 0.595588 0.597331 0.59689
1160 0.596462 0.59559 0.597334 0.596891
1162 0.596466 0.595594 0.597338 0.596892
1163 0.596464 0.595592 0.597336 0.596893
1164 0.596466 0.595594 0.597338 0.596893
1166 0.596471 0.595599 0.597343 0.596895
1167 0.596467 0.595595 0.597339 0.596895
1169 0.596472 0.5956 0.597344 0.596896
1170 0.59647 0.595598 0.597343 0.596897
1171 0.596471 0.595598 0.597343 0.596898
1173 0.596472 0.5956 0.597345 0.596899
1174 0.596468 0.595596 0.597341 0.596899
1176 0.596469 0.595597 0.597342 0.596901
1177 0.596469 0.595597 0.597342 0.596901
1178 0.59647 0.595597 0.597343 0.596902
1180 0.596477 0.595604 0.59735 0.596903
1181 0.596474 0.595601 0.597347 0.596903
1183 0.596475 0.595603 0.597348 0.596905
1184 0.596474 0.595602 0.597347 0.596905
1185 0.596477 0.595605 0.59735 0.596906
1187 0.596471 0.595599 0.597344 0.596907
1188 0.596476 0.595603 0.597348 0.596907
1190 0.596484 0.595611 0.597357 0.596909
1191 0.596485 0.595612 0.597358 0.596909
1192 0.596482 0.595609 0.597355 0.59691
1194 0.596483 0.59561 0.597356 0.596911
1195 0.596487 0.595614 0.59736 0.596911
1197 0.596495 0.595622 0.597368 0.596913
1198 0.596497 0.595624 0.59737 0.596913
1199 0.596497 0.595624 0.597371 0.596914
1201 0.596498 0.595625 0.597372 0.596915
1202 0.5965 0.595627 0.597373 0.596915
1204 0.596505 0.595632 0.597378 0.596916
1205 0.5965 0.595627 0.597373 0.596917
1206 0.596497 0.595624 0.59737 0.596918
1208 0.5965 0.595627 0.597373 0.596919
1209 0.596503 0.59563 0.597377 0.596919
1211 0.596498 0.595625 0.597371 0.59692
1212 0.596504 0.595631 0.597378 0.596921
1213 0.596513 0.59564 0.597387 0.596921
1215 0.59651 0.595636 0.597383 0.596923
1216 0.596511 0.595638 0.597385 0.596923
1218 0.596511 0.595638 0.597385 0.596924
1219 0.596513 0.59564 0.597387 0.596925
1220 0.596513 0.59564 0.597387 0.596925
1222 0.596519 0.595645 0.597393 0.596926
1223 0.596523 0.59565 0.597397 0.596927
1225 0.596523 0.595649 0.597397 0.596928
1226 0.596527 0.595653 0.597401 0.596929
1227 0.596526 0.595652 0.5974 0.596929
1229 0.596519 0.595645 0.597393 0.59693
1230 0.596521 0.595648 0.597395 0.596931
1232 0.596524 0.59565 0.597398 0.596932
1233 0.596524 0.59565 0.597398 0.596932
1234 0.596526 0.595652 0.5974 0.596933
1236 0.596527 0.595653 0.597401 0.596934
1237 0.59653 0.595656 0.597404 0.596934
1239 0.596535 0.595661 0.597409 0.596935
1240 0.59654 0.595666 0.597414 0.596936
1241 0.596546 0.595672 0.59742 0.596936
1243 0.596548 0.595674 0.597422 0.596938
1244 0.596548 0.595674 0.597422 0.596938
1246 0.596545 0.595671 0.597419 0.596939
1247 0.596545 0.595671 0.597419 0.59694
1248 0.596547 0.595672 0.597421 0.59694
1250 0.596548 0.595674 0.597423 0.596941
1251 0.596546 0.595672 0.59742 0.596942
1253 0.596557 0.595682 0.597431 0.596943
1254 0.596557 0.595682 0.597431 0.596943
1255 0.596563 0.595688 0.597437 0.596944
1257 0.596566 0.595691 0.597441 0.596945
1258 0.596567 0.595693 0.597442 0.596945
1260 0.596566 0.595691 0.59744 0.596946
1261 0.596562 0.595687 0.597437 0.596947
1262 0.596561 0.595687 0.597436 0.596947
1264 0.596561 0.595686 0.597435 0.596948
1265 0.596563 0.595688 0.597437 0.596949
1267 0.596566 0.595691 0.597441 0.59695
1268 0.596568 0.595693 0.597443 0.59695
1269 0.596567 0.595693 0.597442 0.596951
1271 0.596566 0.595691 0.597441 0.596952
1272 0.596568 0.595693 0.597443 0.596952
1274 0.596565 0.59569 0.59744 0.596953
1275 0.596569 0.595694 0.597444 0.596954
1276 0.59657 0.595695 0.597445 0.596954
1278 0.596571 0.595696 0.597447 0.596955
1279 0.596569 0.595694 0.597444 0.596956
1281 0.596578 0.595702 0.597453 0.596957
1282 0.596577 0.595701 0.597452 0.596957
1283 0.596579 0.595704 0.597455 0.596958
1285 0.596576 0.595701 0.597452 0.596959
1286 0.596578 0.595702 0.597454 0.596959
1288 0.596576 0.5957 0.597452 0.59696
1289 0.596577 0.595701 0.597453 0.596961
1290 0.59657 0.595694 0.597445 0.596961
1292 0.59657 0.595694 0.597446 0.596962
1293 0.596575 0.595699 0.597451 0.596963
1295 0.596575 0.595698 0.597451 0.596964
1296 0.596572 0.595696 0.597448 0.596964
1297 0.596575 0.595699 0.597451 0.596965
1299 0.596577 0.595701 0.597453 0.596965
1300 0.596577 0.595701 0.597453 0.596966
1302 0.596573 0.595697 0.597449 0.596967
1303 0.596575 0.595699 0.597451 0.596967
1304 0.596574 0.595698 0.59745 0.596968
1306 0.596577 0.595701 0.597453 0.596969
1307 0.596581 0.595705 0.597458 0.596969
1309 0.596581 0.595704 0.597457 0.59697
1310 0.596582 0.595706 0.597459 0.596971
1311 0.596585 0.595708 0.597461 0.596971
1313 0.596586 0.59571 0.597463 0.596972
1314 0.596588 0.595711 0.597464 0.596973
1316 0.596592 0.595716 0.597469 0.596973
1317 0.59659 0.595714 0.597467 0.596974
1318 0.59659 0.595713 0.597466 0.596974
1320 0.596592 0.595716 0.597469 0.596975
1321 0.596595 0.595718 0.597472 0.596976
1323 0.5966 0.595724 0.597477 0.596977
1324 0.596601 0.595725 0.597478 0.596977
1325 0.5966 0.595723 0.597477 0.596978
1327 0.596604 0.595727 0.597481 0.596979
1328 0.596599 0.595722 0.597476 0.596979
1330 0.596605 0.595729 0.597482 0.59698
1331 0.5966 0.595723 0.597477 0.59698
1332 0.596598 0.595721 0.597475 0.596981
1334 0.596596 0.595719 0.597473 0.596982
1335 0.596594 0.595718 0.597471 0.596982
1337 0.596601 0.595724 0.597478 0.596983
1338 0.596599 0.595722 0.597476 0.596984
1339 0.5966 0.595723 0.597477 0.596984
1341 0.5966 0.595723 0.597477 0.596985
1342 0.596601 0.595724 0.597478 0.596985
1344 0.596613 0.595736 0.59749 0.596986
1345 0.596613 0.595736 0.597491 0.596987
1346 0.596611 0.595734 0.597488 0.596987
1348 0.596612 0.595734 0.597489 0.596988
1349 0.596615 0.595738 0.597492 0.596988
1351 0.596616 0.595739 0.597493 0.596989
1352 0.596618 0.595741 0.597495 0.59699
1353 0.596622 0.595744 0.597499 0.59699
1355 0.59662 0.595742 0.597497 0.596991
1356 0.596614 0.595737 0.597492 0.596992
1358 0.596618 0.595741 0.597496 0.596992
1359 0.596617 0.59574 0.597494 0.596993
1360 0.596615 0.595738 0.597492 0.596993
1362 0.596607 0.59573 0.597484 0.596994
1363 0.59661 0.595733 0.597487 0.596995
1365 0.596609 0.595732 0.597486 0.596995
1366 0.596611 0.595734 0.597488 0.596996
1367 0.596612 0.595735 0.597489 0.596996
1369 0.596613 0.595736 0.59749 0.596997
1370 0.596615 0.595738 0.597492 0.596998
1372 0.596614 0.595737 0.597491 0.596998
1373 0.596614 0.595737 0.597491 0.596999
1374 0.59661 0.595733 0.597487 0.596999
1376 0.596613 0.595736 0.59749 0.597
1377 0.596615 0.595738 0.597492 0.597001
1379 0.596611 0.595734 0.597488 0.597001
1380 0.596609 0.595731 0.597486 0.597002
1381 0.59661 0.595733 0.597487 0.597002
1383 0.596611 0.595734 0.597488 0.597003
1384 0.596608 0.595731 0.597486 0.597004
1386 0.596609 0.595731 0.597486 0.597004
1387 0.596605 0.595728 0.597483 0.597005
1388 0.596602 0.595725 0.59748 0.597005
1390 0.596609 0.595731 0.597486 0.597006
1391 0.596606 0.595728 0.597483 0.597006
1393 0.596603 0.595726 0.597481 0.597007
1394 0.596603 0.595726 0.597481 0.597008
1395 0.596605 0.595728 0.597483 0.597008
1397 0.59661 0.595732 0.597487 0.597009
1398 0.59661 0.595733 0.597488 0.597009
1400 0.596608 0.59573 0.597485 0.59701
1401 0.596604 0.595727 0.597482 0.597011
1402 0.596606 0.595728 0.597483 0.597011
1404 0.596603 0.595726 0.597481 0.597012
1405 0.596606 0.595728 0.597483 0.597012
1407 0.596611 0.595734 0.597489 0.597013
1408 0.596613 0.595735 0.59749 0.597013
1409 0.596613 0.595736 0.597491 0.597014
1411 0.596617 0.59574 0.597495 0.597015
1412 0.596616 0.595739 0.597494 0.597015
1414 0.596622 0.595744 0.5975 0.597016
1415 0.596617 0.595739 0.597495 0.597016
1416 0.596621 0.595743 0.597498 0.597017
1418 0.596622 0.595744 0.5975 0.597018
1419 0.596622 0.595744 0.5975 0.597018
1421 0.596627 0.595749 0.597505 0.597019
1422 0.596632 0.595754 0.59751 0.597019
1423 0.596632 0.595754 0.59751 0.59702
1425 0.596621 0.595743 0.597499 0.59702
1426 0.596624 0.595746 0.597502 0.597021
1428 0.596621 0.595743 0.597499 0.597022
1429 0.596625 0.595747 0.597503 0.597022
1430 0.596624 0.595745 0.597502 0.597022
1432 0.596625 0.595747 0.597504 0.597023
1433 0.596621 0.595743 0.5975 0.597023
1435 0.596626 0.595748 0.597505 0.597024
1436 0.596626 0.595748 0.597505 0.597025
1437 0.596629 0.595751 0.597508 0.597025
1439 0.596629 0.59575 0.597507 0.597026
1440 0.596626 0.595747 0.597504 0.597026
1442 0.596624 0.595745 0.597502 0.597027
1443 0.596626 0.595747 0.597504 0.597027
1444 0.596628 0.595749 0.597506 0.597028
1446 0.596624 0.595745 0.597502 0.597029
1447 0.596628 0.595749 0.597506 0.597029
1449 0.596632 0.595753 0.59751 0.59703
1450 0.596634 0.595756 0.597513 0.59703
1451 0.596636 0.595757 0.597514 0.59703
1453 0.596631 0.595753 0.59751 0.597031
1454 0.596629 0.59575 0.597507 0.597032
1456 0.596624 0.595746 0.597503 0.597032
1457 0.596621 0.595743 0.597499 0.597033
1458 0.59662 0.595742 0.597498 0.597033
1460 0.59662 0.595742 0.597498 0.597034
1461 0.59662 0.595742 0.597499 0.597034
1463 0.596621 0.595743 0.5975 0.597035
1464 0.596618 0.595739 0.597496 0.597035
1465 0.596617 0.595739 0.597496 0.597036
1467 0.596619 0.59574 0.597497 0.597037
1468 0.596618 0.59574 0.597497 0.597037
