//total_population estimated_relatedness lower_bound upper_bound relatedness
1020 0.961516 0.961516 0.961516 0.961516
1040 0.961517 0.961495 0.96154 0.961517
1060 0.961524 0.961492 0.961555 0.961518
1081 0.961527 0.961488 0.961565 0.96152
1101 0.961519 0.961475 0.961563 0.961521
1122 0.961516 0.961467 0.961564 0.961522
1142 0.961518 0.961466 0.961571 0.961524
1162 0.961518 0.961461 0.961574 0.961525
1183 0.961504 0.961445 0.961564 0.961526
1203 0.961518 0.961456 0.961581 0.961527
1224 0.961517 0.961451 0.961583 0.961528
1244 0.961518 0.961449 0.961587 0.961529
1264 0.961506 0.961435 0.961577 0.96153
1285 0.961509 0.961435 0.961582 0.961531
1305 0.961518 0.961442 0.961593 0.961532
1326 0.961512 0.961434 0.96159 0.961533
1346 0.961522 0.961443 0.961602 0.961534
1366 0.961518 0.961437 0.961599 0.961535
1387 0.961535 0.961452 0.961619 0.961535
1407 0.961549 0.961464 0.961634 0.961536
1428 0.961548 0.961461 0.961634 0.961537
1448 0.96155 0.961462 0.961637 0.961538
1468 0.961549 0.96146 0.961638 0.961539
1489 0.961546 0.961456 0.961637 0.961539
1509 0.961538 0.961446 0.96163 0.96154
1530 0.961557 0.961464 0.961651 0.961541
1550 0.961563 0.961468 0.961658 0.961541
1570 0.961553 0.961457 0.961649 0.961542
1591 0.961556 0.961459 0.961653 0.961543
1611 0.961555 0.961457 0.961654 0.961543
1632 0.961543 0.961444 0.961643 0.961544
1652 0.961549 0.961449 0.96165 0.961544
1672 0.961564 0.961462 0.961665 0.961545
1693 0.96156 0.961458 0.961663 0.961546
1713 0.961555 0.961451 0.961658 0.961546
1734 0.961558 0.961454 0.961662 0.961547
1754 0.961559 0.961454 0.961665 0.961547
1774 0.961565 0.961459 0.961671 0.961548
1795 0.961574 0.961467 0.961681 0.961548
1815 0.961581 0.961473 0.961689 0.961549
1836 0.961581 0.961473 0.96169 0.961549
1856 0.961573 0.961463 0.961682 0.961549
1876 0.96157 0.96146 0.96168 0.96155
1897 0.961568 0.961458 0.961678 0.96155
1917 0.961565 0.961454 0.961676 0.961551
1938 0.961555 0.961443 0.961666 0.961551
1958 0.96154 0.961428 0.961653 0.961552
1978 0.961544 0.961431 0.961657 0.961552
1999 0.961548 0.961434 0.961661 0.961552
2019 0.961552 0.961438 0.961666 0.961553
2040 0.961562 0.961447 0.961676 0.961553
2060 0.961558 0.961443 0.961673 0.961554
2080 0.961559 0.961444 0.961674 0.961554
2101 0.961559 0.961443 0.961675 0.961554
2121 0.961555 0.961438 0.961671 0.961555
2142 0.961555 0.961438 0.961672 0.961555
2162 0.961558 0.961441 0.961675 0.961555
2182 0.961568 0.96145 0.961686 0.961556
2203 0.961561 0.961443 0.961679 0.961556
2223 0.961556 0.961437 0.961675 0.961556
2244 0.961561 0.961441 0.961681 0.961557
2264 0.961557 0.961437 0.961677 0.961557
2284 0.961566 0.961446 0.961686 0.961557
2305 0.961565 0.961444 0.961685 0.961558
2325 0.961557 0.961436 0.961679 0.961558
2346 0.961552 0.96143 0.961674 0.961558
2366 0.961549 0.961426 0.961671 0.961558
2386 0.961551 0.961428 0.961674 0.961559
2407 0.961552 0.961429 0.961676 0.961559
2427 0.961552 0.961428 0.961676 0.961559
2448 0.961549 0.961425 0.961673 0.96156
2468 0.96154 0.961415 0.961664 0.96156
2488 0.961536 0.961411 0.961661 0.96156
2509 0.961542 0.961417 0.961667 0.96156
2529 0.961541 0.961416 0.961667 0.961561
2550 0.961533 0.961407 0.961658 0.961561
2570 0.961522 0.961396 0.961648 0.961561
2590 0.96152 0.961394 0.961646 0.961561
2611 0.961526 0.9614 0.961653 0.961561
2631 0.961526 0.961399 0.961653 0.961562
2652 0.961527 0.961399 0.961654 0.961562
2672 0.961533 0.961405 0.96166 0.961562
2692 0.961534 0.961406 0.961662 0.961562
2713 0.961527 0.961399 0.961656 0.961563
2733 0.96152 0.961392 0.961649 0.961563
2754 0.961521 0.961392 0.96165 0.961563
2774 0.961519 0.961389 0.961648 0.961563
2794 0.961519 0.96139 0.961649 0.961563
2815 0.961516 0.961386 0.961646 0.961564
2835 0.961518 0.961387 0.961648 0.961564
2856 0.961522 0.961392 0.961653 0.961564
2876 0.961517 0.961386 0.961647 0.961564
2896 0.961516 0.961386 0.961647 0.961564
2917 0.961518 0.961387 0.961649 0.961565
2937 0.961524 0.961393 0.961655 0.961565
2958 0.961527 0.961395 0.961658 0.961565
2978 0.961532 0.9614 0.961664 0.961565
2998 0.961538 0.961406 0.961669 0.961565
3019 0.961537 0.961406 0.961669 0.961565
3039 0.961539 0.961407 0.961671 0.961566
3060 0.96154 0.961407 0.961672 0.961566
3080 0.961542 0.96141 0.961675 0.961566
3100 0.961549 0.961416 0.961681 0.961566
3121 0.961544 0.961411 0.961677 0.961566
3141 0.961537 0.961403 0.96167 0.961566
3162 0.961538 0.961405 0.961672 0.961567
3182 0.961535 0.961401 0.961668 0.961567
3202 0.961541 0.961407 0.961675 0.961567
3223 0.961543 0.961409 0.961678 0.961567
3243 0.961542 0.961407 0.961676 0.961567
3264 0.961546 0.961411 0.961681 0.961567
3284 0.96155 0.961415 0.961685 0.961568
3304 0.961551 0.961415 0.961686 0.961568
3325 0.961549 0.961414 0.961685 0.961568
3345 0.961549 0.961414 0.961685 0.961568
3366 0.961548 0.961412 0.961684 0.961568
3386 0.96155 0.961414 0.961686 0.961568
3406 0.961553 0.961417 0.961689 0.961568
3427 0.961552 0.961416 0.961689 0.961568
3447 0.961551 0.961415 0.961688 0.961569
3468 0.961553 0.961416 0.961689 0.961569
3488 0.961551 0.961413 0.961688 0.961569
3508 0.961551 0.961414 0.961688 0.961569
3529 0.961553 0.961415 0.96169 0.961569
3549 0.961556 0.961419 0.961694 0.961569
3570 0.961555 0.961418 0.961693 0.961569
3590 0.961549 0.961411 0.961687 0.96157
3610 0.961549 0.96141 0.961687 0.96157
3631 0.961555 0.961417 0.961693 0.96157
3651 0.961558 0.961419 0.961696 0.96157
3672 0.961558 0.961419 0.961696 0.96157
3692 0.961556 0.961418 0.961695 0.96157
3712 0.961561 0.961422 0.9617 0.96157
3733 0.961562 0.961424 0.961701 0.96157
3753 0.961566 0.961427 0.961705 0.96157
3774 0.961566 0.961427 0.961705 0.961571
3794 0.961567 0.961428 0.961707 0.961571
3814 0.961569 0.961429 0.961708 0.961571
3835 0.961563 0.961424 0.961703 0.961571
3855 0.961561 0.961421 0.9617 0.961571
3876 0.961561 0.961422 0.961701 0.961571
3896 0.96156 0.96142 0.9617 0.961571
3916 0.961558 0.961418 0.961697 0.961571
3937 0.961559 0.961419 0.961699 0.961571
3957 0.961559 0.961419 0.961699 0.961571
3978 0.961557 0.961416 0.961697 0.961572
3998 0.961551 0.961411 0.961692 0.961572
4018 0.961558 0.961418 0.961699 0.961572
4039 0.961558 0.961417 0.961699 0.961572
4059 0.961556 0.961416 0.961697 0.961572
4080 0.961556 0.961415 0.961697 0.961572
4100 0.961559 0.961418 0.9617 0.961572
4120 0.961556 0.961414 0.961697 0.961572
4141 0.961553 0.961411 0.961694 0.961572
4161 0.961553 0.961412 0.961695 0.961572
4182 0.961553 0.961411 0.961694 0.961573
4202 0.961556 0.961415 0.961698 0.961573
4222 0.961552 0.96141 0.961694 0.961573
4243 0.961553 0.961411 0.961695 0.961573
4263 0.961556 0.961414 0.961698 0.961573
4284 0.961556 0.961414 0.961699 0.961573
4304 0.961555 0.961412 0.961697 0.961573
4324 0.961554 0.961412 0.961697 0.961573
4345 0.961557 0.961415 0.961699 0.961573
4365 0.961562 0.96142 0.961704 0.961573
4386 0.961562 0.96142 0.961705 0.961573
4406 0.961562 0.961419 0.961704 0.961573
4426 0.961563 0.96142 0.961706 0.961574
4447 0.961566 0.961423 0.961708 0.961574
4467 0.961567 0.961425 0.96171 0.961574
4488 0.96157 0.961428 0.961713 0.961574
4508 0.961568 0.961425 0.961711 0.961574
4528 0.961568 0.961425 0.961711 0.961574
4549 0.961566 0.961423 0.96171 0.961574
4569 0.961568 0.961425 0.961711 0.961574
4590 0.96157 0.961427 0.961713 0.961574
4610 0.961569 0.961426 0.961713 0.961574
4630 0.961569 0.961426 0.961712 0.961574
4651 0.961567 0.961424 0.961711 0.961574
4671 0.961571 0.961428 0.961715 0.961574
4692 0.961575 0.961431 0.961718 0.961575
4712 0.961577 0.961433 0.96172 0.961575
4732 0.96157 0.961426 0.961714 0.961575
4753 0.961567 0.961423 0.961711 0.961575
4773 0.961566 0.961422 0.96171 0.961575
4794 0.961566 0.961422 0.96171 0.961575
4814 0.961563 0.961419 0.961707 0.961575
4834 0.961562 0.961418 0.961706 0.961575
4855 0.961566 0.961422 0.961711 0.961575
4875 0.961564 0.96142 0.961709 0.961575
4896 0.96156 0.961416 0.961705 0.961575
4916 0.961563 0.961418 0.961707 0.961575
4936 0.961561 0.961416 0.961706 0.961575
4957 0.961561 0.961416 0.961706 0.961575
4977 0.961561 0.961416 0.961706 0.961575
4998 0.961559 0.961414 0.961704 0.961576
5018 0.961564 0.961419 0.961709 0.961576
5038 0.961564 0.961419 0.961709 0.961576
5059 0.961558 0.961412 0.961703 0.961576
5079 0.961556 0.96141 0.961701 0.961576
5100 0.961556 0.961411 0.961701 0.961576
5120 0.961557 0.961411 0.961702 0.961576
5140 0.961562 0.961417 0.961708 0.961576
5161 0.961559 0.961414 0.961705 0.961576
5181 0.961559 0.961413 0.961704 0.961576
5202 0.961558 0.961412 0.961703 0.961576
5222 0.961556 0.961411 0.961702 0.961576
5242 0.961555 0.961409 0.961701 0.961576
5263 0.961557 0.961411 0.961703 0.961576
5283 0.961553 0.961408 0.961699 0.961576
5304 0.961553 0.961408 0.961699 0.961576
5324 0.961554 0.961408 0.9617 0.961576
5344 0.961554 0.961408 0.9617 0.961577
5365 0.961555 0.961409 0.961701 0.961577
5385 0.961555 0.961408 0.961701 0.961577
5406 0.961552 0.961406 0.961699 0.961577
5426 0.961551 0.961405 0.961697 0.961577
5446 0.961553 0.961406 0.961699 0.961577
5467 0.961555 0.961409 0.961702 0.961577
5487 0.961555 0.961409 0.961702 0.961577
5508 0.961555 0.961409 0.961701 0.961577
5528 0.961555 0.961408 0.961701 0.961577
5548 0.961556 0.961409 0.961703 0.961577
5569 0.961562 0.961415 0.961709 0.961577
5589 0.961559 0.961413 0.961706 0.961577
5610 0.961559 0.961412 0.961706 0.961577
5630 0.961559 0.961412 0.961706 0.961577
5650 0.961558 0.961411 0.961705 0.961577
5671 0.961557 0.96141 0.961704 0.961577
5691 0.961561 0.961413 0.961708 0.961577
5712 0.961563 0.961416 0.96171 0.961577
5732 0.961561 0.961414 0.961708 0.961578
5752 0.961563 0.961416 0.96171 0.961578
5773 0.961564 0.961417 0.961711 0.961578
5793 0.961564 0.961417 0.961711 0.961578
5814 0.961565 0.961418 0.961713 0.961578
5834 0.961566 0.961418 0.961713 0.961578
5854 0.961565 0.961417 0.961712 0.961578
5875 0.961563 0.961415 0.96171 0.961578
5895 0.961563 0.961415 0.96171 0.961578
5916 0.961559 0.961412 0.961707 0.961578
5936 0.961559 0.961411 0.961707 0.961578
5956 0.961562 0.961414 0.96171 0.961578
5977 0.96156 0.961412 0.961708 0.961578
5997 0.961561 0.961413 0.961709 0.961578
6018 0.961563 0.961415 0.961711 0.961578
6038 0.961561 0.961413 0.961709 0.961578
6058 0.961561 0.961412 0.961709 0.961578
6079 0.961557 0.961408 0.961705 0.961578
6099 0.961558 0.961409 0.961706 0.961578
6120 0.961558 0.96141 0.961706 0.961578
6140 0.96156 0.961412 0.961708 0.961578
6160 0.96156 0.961412 0.961709 0.961578
6181 0.96156 0.961411 0.961708 0.961578
6201 0.961563 0.961415 0.961712 0.961579
6222 0.961563 0.961414 0.961711 0.961579
6242 0.961567 0.961418 0.961716 0.961579
6262 0.961567 0.961418 0.961716 0.961579
6283 0.961567 0.961418 0.961716 0.961579
6303 0.961568 0.961419 0.961716 0.961579
6324 0.96157 0.961421 0.961719 0.961579
6344 0.961569 0.96142 0.961718 0.961579
6364 0.961568 0.961419 0.961717 0.961579
6385 0.961568 0.961419 0.961717 0.961579
6405 0.961567 0.961418 0.961716 0.961579
6426 0.961565 0.961416 0.961714 0.961579
6446 0.961566 0.961417 0.961715 0.961579
6466 0.961564 0.961415 0.961713 0.961579
6487 0.961564 0.961415 0.961713 0.961579
6507 0.961564 0.961415 0.961713 0.961579
6528 0.961562 0.961413 0.961711 0.961579
6548 0.961565 0.961415 0.961714 0.961579
6568 0.961566 0.961417 0.961716 0.961579
6589 0.961565 0.961416 0.961714 0.961579
6609 0.961564 0.961414 0.961713 0.961579
6630 0.961568 0.961419 0.961717 0.961579
6650 0.961567 0.961417 0.961716 0.961579
6670 0.961565 0.961415 0.961714 0.961579
6691 0.961565 0.961416 0.961715 0.961579
6711 0.961564 0.961415 0.961714 0.961579
6732 0.961563 0.961414 0.961713 0.961579
6752 0.961564 0.961414 0.961713 0.96158
6772 0.961563 0.961414 0.961713 0.96158
6793 0.961565 0.961415 0.961715 0.96158
6813 0.961565 0.961416 0.961715 0.96158
6834 0.961565 0.961416 0.961715 0.96158
6854 0.961563 0.961413 0.961713 0.96158
6874 0.961566 0.961417 0.961716 0.96158
6895 0.961564 0.961415 0.961714 0.96158
6915 0.961563 0.961413 0.961713 0.96158
6936 0.961562 0.961412 0.961712 0.96158
6956 0.961564 0.961414 0.961714 0.96158
6976 0.961566 0.961416 0.961716 0.96158
6997 0.96157 0.961419 0.96172 0.96158
7017 0.96157 0.96142 0.96172 0.96158
7038 0.96157 0.96142 0.96172 0.96158
7058 0.961569 0.961419 0.96172 0.96158
7078 0.961572 0.961421 0.961722 0.96158
7099 0.961572 0.961422 0.961722 0.96158
7119 0.961571 0.96142 0.961721 0.96158
7140 0.961569 0.961418 0.961719 0.96158
7160 0.961569 0.961418 0.961719 0.96158
7180 0.961569 0.961419 0.96172 0.96158
7201 0.96157 0.96142 0.961721 0.96158
7221 0.961569 0.961419 0.96172 0.96158
7242 0.96157 0.96142 0.961721 0.96158
7262 0.961571 0.961421 0.961722 0.96158
7282 0.96157 0.96142 0.961721 0.96158
7303 0.961568 0.961418 0.961719 0.96158
7323 0.961568 0.961418 0.961719 0.96158
7344 0.961565 0.961414 0.961716 0.96158
7364 0.961564 0.961413 0.961715 0.96158
7384 0.961567 0.961417 0.961718 0.96158
7405 0.961571 0.96142 0.961722 0.961581
7425 0.961572 0.961421 0.961723 0.961581
7446 0.961571 0.96142 0.961722 0.961581
7466 0.961569 0.961418 0.96172 0.961581
7486 0.96157 0.961419 0.961721 0.961581
7507 0.96157 0.961419 0.961721 0.961581
7527 0.961569 0.961418 0.96172 0.961581
7548 0.961571 0.96142 0.961722 0.961581
7568 0.961572 0.961421 0.961724 0.961581
7588 0.961573 0.961422 0.961724 0.961581
7609 0.961573 0.961422 0.961725 0.961581
7629 0.961571 0.96142 0.961723 0.961581
7650 0.961572 0.961421 0.961723 0.961581
7670 0.96157 0.961419 0.961722 0.961581
7690 0.961569 0.961418 0.96172 0.961581
7711 0.961568 0.961417 0.961719 0.961581
7731 0.961567 0.961416 0.961719 0.961581
7752 0.961566 0.961415 0.961718 0.961581
7772 0.961566 0.961415 0.961718 0.961581
7792 0.961566 0.961414 0.961718 0.961581
7813 0.961565 0.961413 0.961717 0.961581
7833 0.961565 0.961413 0.961717 0.961581
7854 0.961564 0.961412 0.961716 0.961581
7874 0.961565 0.961413 0.961717 0.961581
7894 0.961566 0.961414 0.961718 0.961581
7915 0.961564 0.961412 0.961716 0.961581
7935 0.961563 0.961411 0.961715 0.961581
7956 0.961563 0.961411 0.961715 0.961581
7976 0.961561 0.961409 0.961713 0.961581
7996 0.961561 0.961408 0.961713 0.961581
8017 0.961561 0.961409 0.961713 0.961581
8037 0.961562 0.96141 0.961714 0.961581
8058 0.961564 0.961412 0.961716 0.961581
8078 0.961564 0.961412 0.961716 0.961581
8098 0.961563 0.961411 0.961715 0.961581
8119 0.961563 0.961411 0.961716 0.961581
8139 0.961562 0.96141 0.961714 0.961581
8160 0.961563 0.961411 0.961715 0.961581
8180 0.961564 0.961411 0.961716 0.961582
8200 0.961563 0.961411 0.961716 0.961582
8221 0.961565 0.961412 0.961717 0.961582
8241 0.961565 0.961412 0.961717 0.961582
8262 0.961566 0.961413 0.961718 0.961582
8282 0.961564 0.961412 0.961716 0.961582
8302 0.961562 0.961409 0.961714 0.961582
8323 0.961562 0.96141 0.961714 0.961582
8343 0.961559 0.961407 0.961711 0.961582
8364 0.961559 0.961406 0.961711 0.961582
8384 0.961558 0.961405 0.96171 0.961582
8404 0.961559 0.961407 0.961712 0.961582
8425 0.961558 0.961405 0.96171 0.961582
8445 0.961557 0.961404 0.961709 0.961582
8466 0.961557 0.961404 0.961709 0.961582
8486 0.961557 0.961404 0.961709 0.961582
8506 0.961557 0.961404 0.961709 0.961582
8527 0.961559 0.961406 0.961711 0.961582
8547 0.961561 0.961408 0.961713 0.961582
8568 0.96156 0.961408 0.961713 0.961582
8588 0.961561 0.961409 0.961714 0.961582
8608 0.961559 0.961406 0.961711 0.961582
8629 0.961557 0.961404 0.96171 0.961582
8649 0.961557 0.961404 0.961709 0.961582
8670 0.961555 0.961403 0.961708 0.961582
8690 0.961557 0.961405 0.96171 0.961582
8710 0.961557 0.961404 0.96171 0.961582
8731 0.961555 0.961402 0.961708 0.961582
8751 0.961554 0.961401 0.961706 0.961582
8772 0.961552 0.961399 0.961705 0.961582
8792 0.961552 0.961399 0.961705 0.961582
8812 0.96155 0.961397 0.961703 0.961582
8833 0.961549 0.961396 0.961702 0.961582
8853 0.961549 0.961396 0.961702 0.961582
8874 0.961549 0.961396 0.961702 0.961582
8894 0.961549 0.961396 0.961702 0.961582
8914 0.961548 0.961395 0.961701 0.961582
8935 0.961548 0.961395 0.961701 0.961582
8955 0.961549 0.961396 0.961702 0.961582
8976 0.961546 0.961394 0.961699 0.961582
8996 0.961544 0.961391 0.961697 0.961582
9016 0.961543 0.96139 0.961696 0.961582
9037 0.961541 0.961388 0.961694 0.961582
9057 0.961543 0.96139 0.961696 0.961582
9078 0.961542 0.961389 0.961695 0.961582
9098 0.961541 0.961388 0.961694 0.961582
9118 0.961539 0.961386 0.961692 0.961582
9139 0.96154 0.961387 0.961693 0.961582
9159 0.961542 0.961388 0.961695 0.961583
9180 0.961542 0.961389 0.961696 0.961583
9200 0.961541 0.961388 0.961694 0.961583
9220 0.961539 0.961386 0.961692 0.961583
9241 0.96154 0.961387 0.961694 0.961583
9261 0.961541 0.961387 0.961694 0.961583
9282 0.961542 0.961389 0.961695 0.961583
9302 0.961542 0.961388 0.961695 0.961583
9322 0.961542 0.961389 0.961696 0.961583
9343 0.96154 0.961386 0.961693 0.961583
9363 0.961539 0.961385 0.961692 0.961583
9384 0.961539 0.961386 0.961693 0.961583
9404 0.96154 0.961386 0.961693 0.961583
9424 0.961541 0.961387 0.961694 0.961583
9445 0.96154 0.961386 0.961693 0.961583
9465 0.961538 0.961385 0.961692 0.961583
9486 0.961539 0.961385 0.961693 0.961583
9506 0.96154 0.961386 0.961693 0.961583
9526 0.961538 0.961385 0.961692 0.961583
9547 0.961539 0.961385 0.961693 0.961583
9567 0.961537 0.961383 0.961691 0.961583
9588 0.961536 0.961382 0.96169 0.961583
9608 0.961535 0.961381 0.961689 0.961583
9628 0.961535 0.961381 0.961688 0.961583
9649 0.961534 0.961381 0.961688 0.961583
9669 0.961536 0.961382 0.961689 0.961583
9690 0.961537 0.961383 0.961691 0.961583
9710 0.961536 0.961382 0.96169 0.961583
9730 0.961537 0.961383 0.961691 0.961583
9751 0.961537 0.961383 0.961691 0.961583
9771 0.961537 0.961383 0.961691 0.961583
9792 0.961539 0.961385 0.961693 0.961583
9812 0.961539 0.961385 0.961693 0.961583
9832 0.961538 0.961384 0.961692 0.961583
9853 0.96154 0.961386 0.961694 0.961583
9873 0.961541 0.961387 0.961695 0.961583
9894 0.96154 0.961386 0.961694 0.961583
9914 0.961539 0.961385 0.961694 0.961583
9934 0.961541 0.961387 0.961695 0.961583
9955 0.961541 0.961387 0.961695 0.961583
9975 0.961542 0.961388 0.961696 0.961583
9996 0.961543 0.961388 0.961697 0.961583
10016 0.961542 0.961388 0.961696 0.961583
10036 0.961545 0.96139 0.961699 0.961583
10057 0.961544 0.96139 0.961699 0.961583
10077 0.961542 0.961388 0.961697 0.961583
10098 0.961541 0.961387 0.961695 0.961583
10118 0.961541 0.961387 0.961695 0.961583
10138 0.961541 0.961387 0.961696 0.961583
10159 0.961541 0.961387 0.961695 0.961583
10179 0.961542 0.961388 0.961696 0.961583
10200 0.961542 0.961388 0.961696 0.961583
10220 0.96154 0.961385 0.961694 0.961583
10240 0.96154 0.961385 0.961694 0.961583
10261 0.961541 0.961386 0.961695 0.961583
10281 0.961539 0.961385 0.961694 0.961583
10302 0.961541 0.961386 0.961695 0.961583
10322 0.96154 0.961386 0.961695 0.961583
10342 0.961541 0.961387 0.961696 0.961583
10363 0.961541 0.961387 0.961696 0.961583
10383 0.961538 0.961384 0.961693 0.961584
10404 0.961539 0.961385 0.961694 0.961584
10424 0.96154 0.961385 0.961694 0.961584
10444 0.961541 0.961386 0.961695 0.961584
10465 0.961541 0.961387 0.961696 0.961584
10485 0.961543 0.961389 0.961698 0.961584
10506 0.961543 0.961388 0.961697 0.961584
10526 0.961542 0.961388 0.961697 0.961584
10546 0.961543 0.961388 0.961697 0.961584
10567 0.961545 0.96139 0.961699 0.961584
10587 0.961543 0.961388 0.961697 0.961584
10608 0.961542 0.961388 0.961697 0.961584
10628 0.961542 0.961387 0.961697 0.961584
10648 0.961543 0.961388 0.961698 0.961584
10669 0.961541 0.961386 0.961696 0.961584
10689 0.961541 0.961387 0.961696 0.961584
10710 0.961543 0.961388 0.961698 0.961584
10730 0.961541 0.961386 0.961695 0.961584
10750 0.961541 0.961387 0.961696 0.961584
10771 0.961542 0.961387 0.961697 0.961584
10791 0.961542 0.961387 0.961696 0.961584
10812 0.96154 0.961385 0.961695 0.961584
10832 0.961539 0.961384 0.961694 0.961584
10852 0.961539 0.961384 0.961694 0.961584
10873 0.96154 0.961385 0.961694 0.961584
10893 0.96154 0.961385 0.961695 0.961584
10914 0.961539 0.961384 0.961694 0.961584
10934 0.961539 0.961384 0.961694 0.961584
10954 0.961538 0.961383 0.961692 0.961584
10975 0.961537 0.961382 0.961692 0.961584
10995 0.961538 0.961383 0.961693 0.961584
11016 0.961539 0.961384 0.961694 0.961584
11036 0.96154 0.961385 0.961695 0.961584
11056 0.961539 0.961384 0.961693 0.961584
11077 0.961538 0.961383 0.961693 0.961584
11097 0.961539 0.961384 0.961694 0.961584
11118 0.961539 0.961384 0.961694 0.961584
11138 0.96154 0.961385 0.961695 0.961584
11158 0.961537 0.961382 0.961692 0.961584
11179 0.961537 0.961382 0.961692 0.961584
11199 0.961536 0.961381 0.961691 0.961584
11220 0.961534 0.961379 0.96169 0.961584
11240 0.961536 0.961381 0.961691 0.961584
11260 0.961536 0.961381 0.961691 0.961584
11281 0.961537 0.961382 0.961692 0.961584
11301 0.961538 0.961382 0.961693 0.961584
11322 0.961536 0.961381 0.961691 0.961584
11342 0.961536 0.961381 0.961691 0.961584
11362 0.961533 0.961378 0.961689 0.961584
11383 0.961534 0.961379 0.96169 0.961584
11403 0.961535 0.96138 0.96169 0.961584
11424 0.961537 0.961382 0.961692 0.961584
11444 0.961537 0.961382 0.961693 0.961584
11464 0.961539 0.961384 0.961694 0.961584
11485 0.961538 0.961383 0.961694 0.961584
11505 0.961537 0.961381 0.961692 0.961584
11526 0.961537 0.961381 0.961692 0.961584
11546 0.961536 0.961381 0.961692 0.961584
11566 0.961535 0.961379 0.96169 0.961584
11587 0.961535 0.96138 0.961691 0.961584
11607 0.961537 0.961382 0.961693 0.961584
11628 0.961539 0.961383 0.961694 0.961584
11648 0.96154 0.961384 0.961695 0.961584
11668 0.96154 0.961385 0.961696 0.961584
11689 0.961542 0.961387 0.961698 0.961584
11709 0.961542 0.961387 0.961698 0.961584
11730 0.961542 0.961387 0.961698 0.961584
11750 0.961542 0.961387 0.961698 0.961584
11770 0.961542 0.961387 0.961698 0.961584
11791 0.961543 0.961387 0.961698 0.961584
11811 0.961542 0.961387 0.961698 0.961584
11832 0.961542 0.961387 0.961698 0.961584
11852 0.961543 0.961387 0.961698 0.961584
11872 0.961542 0.961386 0.961697 0.961584
11893 0.961542 0.961386 0.961697 0.961584
11913 0.961541 0.961386 0.961697 0.961584
11934 0.961541 0.961386 0.961697 0.961584
11954 0.96154 0.961384 0.961695 0.961584
11974 0.96154 0.961385 0.961696 0.961584
11995 0.961541 0.961386 0.961697 0.961585
12015 0.961542 0.961387 0.961698 0.961585
12036 0.961544 0.961389 0.9617 0.961585
12056 0.961544 0.961388 0.9617 0.961585
12076 0.961544 0.961388 0.961699 0.961585
12097 0.961544 0.961388 0.9617 0.961585
12117 0.961545 0.961389 0.9617 0.961585
12138 0.961545 0.961389 0.961701 0.961585
12158 0.961546 0.961391 0.961702 0.961585
12178 0.961547 0.961391 0.961702 0.961585
12199 0.961548 0.961392 0.961703 0.961585
12219 0.961548 0.961392 0.961703 0.961585
12240 0.961548 0.961393 0.961704 0.961585
12260 0.96155 0.961394 0.961706 0.961585
12280 0.961551 0.961396 0.961707 0.961585
12301 0.961551 0.961395 0.961707 0.961585
12321 0.961551 0.961395 0.961707 0.961585
12342 0.96155 0.961395 0.961706 0.961585
12362 0.961551 0.961395 0.961707 0.961585
12382 0.96155 0.961395 0.961706 0.961585
12403 0.96155 0.961394 0.961706 0.961585
12423 0.961551 0.961395 0.961706 0.961585
12444 0.961549 0.961394 0.961705 0.961585
12464 0.961548 0.961392 0.961704 0.961585
12484 0.961549 0.961393 0.961705 0.961585
12505 0.96155 0.961394 0.961705 0.961585
12525 0.961549 0.961393 0.961705 0.961585
12546 0.961549 0.961393 0.961705 0.961585
12566 0.961547 0.961391 0.961703 0.961585
12586 0.961546 0.96139 0.961702 0.961585
12607 0.961546 0.96139 0.961702 0.961585
12627 0.961545 0.961389 0.961701 0.961585
12648 0.961544 0.961389 0.9617 0.961585
12668 0.961545 0.961389 0.9617 0.961585
12688 0.961544 0.961389 0.9617 0.961585
12709 0.961545 0.961389 0.961701 0.961585
12729 0.961545 0.961389 0.961701 0.961585
12750 0.961545 0.961389 0.961701 0.961585
12770 0.961545 0.961389 0.961701 0.961585
12790 0.961544 0.961388 0.9617 0.961585
12811 0.961543 0.961387 0.961699 0.961585
12831 0.961542 0.961386 0.961698 0.961585
12852 0.961543 0.961387 0.961699 0.961585
12872 0.961542 0.961386 0.961698 0.961585
12892 0.961544 0.961388 0.9617 0.961585
12913 0.961543 0.961387 0.961699 0.961585
12933 0.961544 0.961388 0.9617 0.961585
12954 0.961544 0.961388 0.9617 0.961585
12974 0.961543 0.961388 0.961699 0.961585
12994 0.961544 0.961388 0.9617 0.961585
13015 0.961543 0.961387 0.961699 0.961585
13035 0.961543 0.961387 0.961699 0.961585
13056 0.961543 0.961387 0.961699 0.961585
13076 0.961543 0.961387 0.961699 0.961585
13096 0.961544 0.961388 0.9617 0.961585
13117 0.961544 0.961388 0.9617 0.961585
13137 0.961545 0.961389 0.961701 0.961585
13158 0.961544 0.961388 0.9617 0.961585
13178 0.961544 0.961388 0.9617 0.961585
13198 0.961543 0.961387 0.961699 0.961585
13219 0.961542 0.961385 0.961698 0.961585
13239 0.961541 0.961385 0.961697 0.961585
13260 0.961541 0.961385 0.961697 0.961585
13280 0.96154 0.961384 0.961696 0.961585
13300 0.961542 0.961386 0.961698 0.961585
13321 0.961542 0.961386 0.961698 0.961585
13341 0.961543 0.961387 0.961699 0.961585
13362 0.961544 0.961388 0.9617 0.961585
13382 0.961544 0.961388 0.9617 0.961585
13402 0.961544 0.961388 0.9617 0.961585
13423 0.961545 0.961389 0.961701 0.961585
13443 0.961544 0.961388 0.9617 0.961585
13464 0.961544 0.961388 0.9617 0.961585
13484 0.961545 0.961388 0.961701 0.961585
13504 0.961544 0.961388 0.9617 0.961585
13525 0.961544 0.961388 0.9617 0.961585
13545 0.961545 0.961389 0.961701 0.961585
13566 0.961545 0.961388 0.961701 0.961585
13586 0.961544 0.961387 0.9617 0.961585
13606 0.961545 0.961389 0.961701 0.961585
13627 0.961546 0.96139 0.961702 0.961585
13647 0.961547 0.961391 0.961703 0.961585
13668 0.961547 0.961391 0.961703 0.961585
13688 0.961546 0.96139 0.961702 0.961585
13708 0.961546 0.96139 0.961702 0.961585
13729 0.961546 0.96139 0.961702 0.961585
13749 0.961546 0.96139 0.961702 0.961585
13770 0.961546 0.96139 0.961702 0.961585
13790 0.961544 0.961388 0.9617 0.961585
13810 0.961546 0.96139 0.961702 0.961585
13831 0.961547 0.96139 0.961703 0.961585
13851 0.961546 0.96139 0.961702 0.961585
13872 0.961546 0.96139 0.961703 0.961585
13892 0.961546 0.96139 0.961702 0.961585
13912 0.961547 0.961391 0.961703 0.961585
13933 0.961547 0.96139 0.961703 0.961585
13953 0.961546 0.96139 0.961702 0.961585
13974 0.961546 0.96139 0.961702 0.961585
13994 0.961547 0.961391 0.961703 0.961585
14014 0.961546 0.96139 0.961702 0.961585
14035 0.961547 0.96139 0.961703 0.961585
14055 0.961547 0.961391 0.961704 0.961585
14076 0.961548 0.961392 0.961704 0.961585
14096 0.961547 0.961391 0.961704 0.961585
14116 0.961548 0.961392 0.961704 0.961585
14137 0.961547 0.961391 0.961703 0.961585
14157 0.961549 0.961393 0.961705 0.961585
14178 0.961548 0.961391 0.961704 0.961585
14198 0.961547 0.961391 0.961704 0.961585
14218 0.961548 0.961391 0.961704 0.961586
14239 0.961548 0.961392 0.961705 0.961586
14259 0.961549 0.961393 0.961705 0.961586
14280 0.961548 0.961392 0.961705 0.961586
14300 0.961548 0.961392 0.961705 0.961586
14320 0.961548 0.961392 0.961705 0.961586
14341 0.961548 0.961392 0.961705 0.961586
14361 0.96155 0.961393 0.961706 0.961586
14382 0.96155 0.961394 0.961706 0.961586
14402 0.961551 0.961394 0.961707 0.961586
14422 0.961551 0.961395 0.961708 0.961586
14443 0.961551 0.961394 0.961707 0.961586
14463 0.96155 0.961394 0.961707 0.961586
14484 0.96155 0.961394 0.961707 0.961586
14504 0.961551 0.961394 0.961707 0.961586
14524 0.961551 0.961394 0.961707 0.961586
14545 0.96155 0.961394 0.961707 0.961586
14565 0.961551 0.961394 0.961707 0.961586
14586 0.961552 0.961395 0.961708 0.961586
14606 0.961553 0.961396 0.961709 0.961586
14626 0.961553 0.961397 0.961709 0.961586
14647 0.961553 0.961396 0.961709 0.961586
14667 0.961553 0.961397 0.96171 0.961586
14688 0.961554 0.961397 0.96171 0.961586
14708 0.961554 0.961398 0.961711 0.961586
14728 0.961554 0.961398 0.961711 0.961586
14749 0.961554 0.961397 0.96171 0.961586
14769 0.961553 0.961397 0.96171 0.961586
14790 0.961555 0.961398 0.961711 0.961586
14810 0.961556 0.961399 0.961712 0.961586
14830 0.961556 0.9614 0.961713 0.961586
14851 0.961556 0.961399 0.961712 0.961586
14871 0.961556 0.9614 0.961713 0.961586
14892 0.961557 0.9614 0.961714 0.961586
14912 0.961556 0.961399 0.961713 0.961586
14932 0.961556 0.961399 0.961713 0.961586
14953 0.961556 0.9614 0.961713 0.961586
14973 0.961557 0.9614 0.961713 0.961586
14994 0.961558 0.961401 0.961714 0.961586
15014 0.961557 0.9614 0.961713 0.961586
15034 0.961557 0.9614 0.961713 0.961586
15055 0.961557 0.9614 0.961714 0.961586
15075 0.961557 0.9614 0.961713 0.961586
15096 0.961556 0.961399 0.961713 0.961586
15116 0.961558 0.961401 0.961714 0.961586
15136 0.961559 0.961402 0.961716 0.961586
15157 0.96156 0.961404 0.961717 0.961586
15177 0.961561 0.961404 0.961718 0.961586
15198 0.961561 0.961405 0.961718 0.961586
15218 0.961561 0.961405 0.961718 0.961586
15238 0.961561 0.961405 0.961718 0.961586
15259 0.96156 0.961403 0.961717 0.961586
15279 0.96156 0.961404 0.961717 0.961586
15300 0.96156 0.961404 0.961717 0.961586
15320 0.96156 0.961403 0.961717 0.961586
15340 0.96156 0.961403 0.961716 0.961586
15361 0.96156 0.961403 0.961716 0.961586
15381 0.96156 0.961403 0.961717 0.961586
15402 0.961559 0.961403 0.961716 0.961586
15422 0.961559 0.961403 0.961716 0.961586
15442 0.961559 0.961402 0.961716 0.961586
15463 0.961558 0.961401 0.961715 0.961586
15483 0.961559 0.961402 0.961715 0.961586
15504 0.961558 0.961402 0.961715 0.961586
15524 0.961559 0.961402 0.961716 0.961586
15544 0.961559 0.961402 0.961715 0.961586
15565 0.96156 0.961403 0.961716 0.961586
15585 0.961559 0.961402 0.961716 0.961586
15606 0.961559 0.961403 0.961716 0.961586
15626 0.96156 0.961403 0.961717 0.961586
15646 0.961561 0.961405 0.961718 0.961586
15667 0.96156 0.961404 0.961717 0.961586
15687 0.96156 0.961403 0.961717 0.961586
15708 0.961558 0.961402 0.961715 0.961586
15728 0.961559 0.961402 0.961716 0.961586
15748 0.96156 0.961403 0.961716 0.961586
15769 0.961559 0.961402 0.961716 0.961586
15789 0.96156 0.961403 0.961717 0.961586
15810 0.961561 0.961404 0.961718 0.961586
15830 0.961562 0.961405 0.961719 0.961586
15850 0.961561 0.961404 0.961718 0.961586
15871 0.96156 0.961403 0.961717 0.961586
15891 0.96156 0.961403 0.961717 0.961586
15912 0.96156 0.961403 0.961717 0.961586
15932 0.961559 0.961402 0.961716 0.961586
15952 0.96156 0.961403 0.961717 0.961586
15973 0.961559 0.961402 0.961716 0.961586
15993 0.961559 0.961402 0.961716 0.961586
16014 0.961559 0.961402 0.961716 0.961586
16034 0.961559 0.961402 0.961716 0.961586
16054 0.961558 0.961401 0.961716 0.961586
16075 0.961558 0.961401 0.961716 0.961586
16095 0.96156 0.961402 0.961717 0.961586
16116 0.961561 0.961403 0.961718 0.961586
16136 0.961562 0.961405 0.961719 0.961586
16156 0.961562 0.961405 0.961719 0.961586
16177 0.961562 0.961405 0.961719 0.961586
16197 0.961564 0.961406 0.961721 0.961586
16218 0.961564 0.961407 0.961722 0.961586
16238 0.961565 0.961407 0.961722 0.961586
16258 0.961564 0.961407 0.961721 0.961586
16279 0.961564 0.961407 0.961721 0.961586
16299 0.961564 0.961406 0.961721 0.961586
16320 0.961564 0.961407 0.961721 0.961586
16340 0.961564 0.961407 0.961721 0.961586
16360 0.961565 0.961408 0.961722 0.961586
16381 0.961566 0.961408 0.961723 0.961586
16401 0.961565 0.961408 0.961722 0.961586
16422 0.961565 0.961408 0.961722 0.961586
16442 0.961564 0.961407 0.961721 0.961586
16462 0.961563 0.961406 0.96172 0.961586
16483 0.961563 0.961406 0.961721 0.961586
16503 0.961563 0.961406 0.96172 0.961586
16524 0.961563 0.961406 0.96172 0.961586
16544 0.961564 0.961407 0.961721 0.961586
16564 0.961564 0.961407 0.961722 0.961586
16585 0.961564 0.961407 0.961721 0.961586
16605 0.961564 0.961407 0.961721 0.961586
16626 0.961564 0.961407 0.961722 0.961586
16646 0.961565 0.961408 0.961722 0.961586
16666 0.961564 0.961407 0.961721 0.961586
16687 0.961563 0.961406 0.96172 0.961586
16707 0.961562 0.961405 0.96172 0.961586
16728 0.961562 0.961405 0.96172 0.961586
16748 0.961563 0.961406 0.96172 0.961586
16768 0.961562 0.961405 0.96172 0.961586
16789 0.961562 0.961405 0.96172 0.961586
16809 0.961562 0.961405 0.961719 0.961586
16830 0.961562 0.961405 0.961719 0.961586
16850 0.961562 0.961405 0.961719 0.961586
16870 0.961563 0.961406 0.96172 0.961586
16891 0.961563 0.961406 0.96172 0.961586
16911 0.961563 0.961405 0.96172 0.961586
16932 0.961563 0.961405 0.96172 0.961586
16952 0.961563 0.961405 0.96172 0.961586
16972 0.961562 0.961405 0.96172 0.961586
16993 0.961561 0.961404 0.961719 0.961586
17013 0.961561 0.961404 0.961719 0.961586
17034 0.961561 0.961404 0.961719 0.961586
17054 0.961562 0.961404 0.961719 0.961586
17074 0.961562 0.961404 0.961719 0.961586
17095 0.961561 0.961404 0.961719 0.961586
17115 0.96156 0.961403 0.961718 0.961586
17136 0.961559 0.961402 0.961717 0.961586
17156 0.961561 0.961403 0.961718 0.961586
17176 0.96156 0.961403 0.961718 0.961586
17197 0.96156 0.961403 0.961717 0.961586
17217 0.96156 0.961403 0.961717 0.961586
17238 0.96156 0.961402 0.961717 0.961586
17258 0.96156 0.961402 0.961717 0.961586
17278 0.961559 0.961401 0.961716 0.961586
17299 0.96156 0.961402 0.961717 0.961586
17319 0.961558 0.9614 0.961715 0.961586
17340 0.96156 0.961402 0.961717 0.961586
17360 0.961559 0.961402 0.961717 0.961586
17380 0.961559 0.961402 0.961717 0.961586
17401 0.961559 0.961401 0.961716 0.961586
17421 0.961558 0.961401 0.961716 0.961586
17442 0.961558 0.9614 0.961715 0.961587
17462 0.961558 0.961401 0.961716 0.961587
17482 0.961556 0.961399 0.961714 0.961587
17503 0.961556 0.961398 0.961713 0.961587
17523 0.961555 0.961397 0.961712 0.961587
17544 0.961555 0.961397 0.961712 0.961587
17564 0.961555 0.961398 0.961712 0.961587
17584 0.961555 0.961397 0.961712 0.961587
17605 0.961556 0.961398 0.961713 0.961587
17625 0.961555 0.961398 0.961712 0.961587
17646 0.961555 0.961397 0.961712 0.961587
17666 0.961554 0.961396 0.961711 0.961587
17686 0.961553 0.961395 0.96171 0.961587
17707 0.961553 0.961395 0.96171 0.961587
17727 0.961552 0.961394 0.961709 0.961587
17748 0.961552 0.961395 0.96171 0.961587
17768 0.961551 0.961393 0.961708 0.961587
17788 0.961551 0.961393 0.961708 0.961587
17809 0.96155 0.961393 0.961708 0.961587
17829 0.961552 0.961394 0.961709 0.961587
17850 0.961553 0.961396 0.961711 0.961587
17870 0.961553 0.961396 0.961711 0.961587
17890 0.961553 0.961395 0.96171 0.961587
17911 0.961554 0.961397 0.961712 0.961587
17931 0.961554 0.961397 0.961712 0.961587
17952 0.961554 0.961397 0.961712 0.961587
17972 0.961554 0.961396 0.961711 0.961587
17992 0.961554 0.961396 0.961711 0.961587
18013 0.961554 0.961396 0.961711 0.961587
18033 0.961555 0.961397 0.961712 0.961587
18054 0.961555 0.961398 0.961712 0.961587
18074 0.961555 0.961398 0.961713 0.961587
18094 0.961555 0.961398 0.961713 0.961587
18115 0.961557 0.961399 0.961714 0.961587
18135 0.961556 0.961399 0.961714 0.961587
18156 0.961556 0.961398 0.961713 0.961587
18176 0.961556 0.961399 0.961714 0.961587
18196 0.961556 0.961399 0.961714 0.961587
18217 0.961556 0.961399 0.961714 0.961587
18237 0.961555 0.961397 0.961712 0.961587
18258 0.961554 0.961397 0.961712 0.961587
18278 0.961555 0.961398 0.961713 0.961587
18298 0.961556 0.961398 0.961713 0.961587
18319 0.961557 0.961399 0.961714 0.961587
18339 0.961556 0.961399 0.961713 0.961587
18360 0.961556 0.961398 0.961713 0.961587
18380 0.961556 0.961398 0.961713 0.961587
18400 0.961556 0.961399 0.961714 0.961587
18421 0.961556 0.961398 0.961713 0.961587
18441 0.961556 0.961398 0.961713 0.961587
18462 0.961555 0.961397 0.961712 0.961587
18482 0.961555 0.961398 0.961713 0.961587
18502 0.961556 0.961398 0.961713 0.961587
18523 0.961556 0.961398 0.961713 0.961587
18543 0.961556 0.961399 0.961714 0.961587
18564 0.961555 0.961398 0.961713 0.961587
18584 0.961556 0.961399 0.961714 0.961587
18604 0.961556 0.961399 0.961714 0.961587
18625 0.961557 0.961399 0.961714 0.961587
18645 0.961557 0.9614 0.961715 0.961587
18666 0.961557 0.961399 0.961714 0.961587
18686 0.961558 0.9614 0.961715 0.961587
18706 0.961559 0.961401 0.961716 0.961587
18727 0.961559 0.961401 0.961716 0.961587
18747 0.961559 0.961401 0.961716 0.961587
18768 0.961559 0.961402 0.961717 0.961587
18788 0.961559 0.961402 0.961717 0.961587
18808 0.961559 0.961402 0.961717 0.961587
18829 0.961558 0.961401 0.961716 0.961587
18849 0.961558 0.961401 0.961716 0.961587
18870 0.961558 0.961401 0.961716 0.961587
18890 0.961558 0.9614 0.961715 0.961587
18910 0.961558 0.9614 0.961716 0.961587
18931 0.961557 0.9614 0.961715 0.961587
18951 0.961557 0.961399 0.961714 0.961587
18972 0.961556 0.961399 0.961714 0.961587
18992 0.961555 0.961398 0.961713 0.961587
19012 0.961555 0.961398 0.961713 0.961587
19033 0.961555 0.961398 0.961713 0.961587
19053 0.961556 0.961398 0.961713 0.961587
19074 0.961557 0.961399 0.961714 0.961587
19094 0.961557 0.961399 0.961714 0.961587
19114 0.961556 0.961398 0.961713 0.961587
19135 0.961556 0.961399 0.961714 0.961587
19155 0.961557 0.961399 0.961714 0.961587
19176 0.961555 0.961398 0.961713 0.961587
19196 0.961556 0.961398 0.961714 0.961587
19216 0.961557 0.961399 0.961714 0.961587
19237 0.961557 0.961399 0.961714 0.961587
19257 0.961557 0.961399 0.961714 0.961587
19278 0.961556 0.961398 0.961714 0.961587
19298 0.961557 0.961399 0.961714 0.961587
19318 0.961557 0.961399 0.961714 0.961587
19339 0.961556 0.961398 0.961713 0.961587
19359 0.961556 0.961399 0.961714 0.961587
19380 0.961555 0.961397 0.961713 0.961587
19400 0.961555 0.961397 0.961712 0.961587
19420 0.961554 0.961396 0.961712 0.961587
19441 0.961554 0.961396 0.961712 0.961587
19461 0.961554 0.961397 0.961712 0.961587
19482 0.961554 0.961396 0.961711 0.961587
19502 0.961553 0.961395 0.96171 0.961587
19522 0.961554 0.961396 0.961711 0.961587
19543 0.961553 0.961396 0.961711 0.961587
19563 0.961552 0.961395 0.96171 0.961587
19584 0.961552 0.961395 0.96171 0.961587
19604 0.961552 0.961394 0.96171 0.961587
19624 0.961552 0.961394 0.96171 0.961587
19645 0.961551 0.961393 0.961709 0.961587
19665 0.961551 0.961393 0.961709 0.961587
19686 0.961551 0.961393 0.961709 0.961587
19706 0.96155 0.961393 0.961708 0.961587
19726 0.96155 0.961392 0.961707 0.961587
19747 0.96155 0.961392 0.961708 0.961587
19767 0.96155 0.961392 0.961707 0.961587
19788 0.96155 0.961392 0.961708 0.961587
19808 0.961551 0.961393 0.961708 0.961587
19828 0.961549 0.961392 0.961707 0.961587
19849 0.961548 0.961391 0.961706 0.961587
19869 0.961548 0.96139 0.961706 0.961587
19890 0.961548 0.96139 0.961705 0.961587
19910 0.961548 0.96139 0.961706 0.961587
19930 0.961547 0.961389 0.961704 0.961587
19951 0.961547 0.961389 0.961704 0.961587
19971 0.961546 0.961388 0.961704 0.961587
19992 0.961546 0.961388 0.961703 0.961587
20012 0.961547 0.961389 0.961704 0.961587
20032 0.961546 0.961388 0.961704 0.961587
20053 0.961547 0.961389 0.961705 0.961587
20073 0.961548 0.96139 0.961706 0.961587
20094 0.961548 0.96139 0.961706 0.961587
20114 0.961549 0.961391 0.961706 0.961587
20134 0.961549 0.961391 0.961707 0.961587
20155 0.96155 0.961392 0.961707 0.961587
20175 0.96155 0.961392 0.961707 0.961587
20196 0.96155 0.961393 0.961708 0.961587
20216 0.96155 0.961392 0.961708 0.961587
20236 0.961549 0.961392 0.961707 0.961587
20257 0.96155 0.961392 0.961708 0.961587
20277 0.96155 0.961392 0.961707 0.961587
20298 0.961549 0.961391 0.961707 0.961587
20318 0.961549 0.961391 0.961707 0.961587
20338 0.961549 0.961392 0.961707 0.961587
20359 0.96155 0.961392 0.961707 0.961587
20379 0.96155 0.961392 0.961707 0.961587
20400 0.961549 0.961391 0.961707 0.961587
20420 0.961549 0.961391 0.961707 0.961587
20440 0.961551 0.961393 0.961708 0.961587
20461 0.961552 0.961394 0.961709 0.961587
20481 0.961552 0.961394 0.96171 0.961587
20502 0.961552 0.961394 0.961709 0.961587
20522 0.961552 0.961394 0.96171 0.961587
20542 0.961551 0.961393 0.961709 0.961587
20563 0.961551 0.961393 0.961708 0.961587
20583 0.961551 0.961393 0.961709 0.961587
20604 0.96155 0.961392 0.961708 0.961587
20624 0.96155 0.961392 0.961708 0.961587
20644 0.961549 0.961391 0.961707 0.961587
20665 0.96155 0.961392 0.961708 0.961587
20685 0.96155 0.961392 0.961708 0.961587
20706 0.96155 0.961392 0.961708 0.961587
20726 0.96155 0.961392 0.961708 0.961587
20746 0.96155 0.961392 0.961708 0.961587
20767 0.96155 0.961392 0.961708 0.961587
20787 0.961551 0.961393 0.961709 0.961587
20808 0.96155 0.961392 0.961708 0.961587
20828 0.96155 0.961392 0.961708 0.961587
20848 0.96155 0.961392 0.961708 0.961587
20869 0.961549 0.961391 0.961707 0.961587
20889 0.961549 0.961391 0.961707 0.961587
20910 0.961549 0.961391 0.961707 0.961587
20930 0.961549 0.961391 0.961707 0.961587
20950 0.961549 0.961391 0.961707 0.961587
20971 0.961549 0.961391 0.961707 0.961587
20991 0.961549 0.96139 0.961707 0.961587
21012 0.961549 0.961391 0.961707 0.961587
21032 0.961548 0.96139 0.961706 0.961587
21052 0.961548 0.96139 0.961706 0.961587
21073 0.961547 0.961389 0.961705 0.961587
21093 0.961547 0.961388 0.961705 0.961587
21114 0.961545 0.961387 0.961703 0.961587
21134 0.961546 0.961388 0.961704 0.961587
21154 0.961546 0.961388 0.961704 0.961587
21175 0.961547 0.961388 0.961705 0.961587
21195 0.961547 0.961389 0.961705 0.961587
21216 0.961546 0.961388 0.961704 0.961587
21236 0.961546 0.961388 0.961704 0.961587
21256 0.961547 0.961388 0.961705 0.961587
21277 0.961546 0.961388 0.961704 0.961587
21297 0.961546 0.961388 0.961704 0.961587
21318 0.961547 0.961389 0.961705 0.961587
21338 0.961547 0.961389 0.961705 0.961587
21358 0.961547 0.961389 0.961705 0.961587
21379 0.961547 0.961389 0.961705 0.961587
21399 0.961547 0.961389 0.961706 0.961587
