//total_population estimated_relatedness lower_bound upper_bound relatedness
40 0.487179 nan nan 0.487179
40 0.487179 nan nan 0.487179
41 0.487805 0.487805 0.487805 0.487805
42 0.488409 0.488398 0.48842 0.4884
43 0.48899 0.488971 0.48901 0.488966
44 0.48953 0.489503 0.489556 0.489507
44 0.48953 0.489503 0.489556 0.489507
45 0.490055 0.490021 0.490089 0.490022
46 0.490554 0.490514 0.490595 0.490515
47 0.491019 0.490972 0.491066 0.490986
48 0.491454 0.491402 0.491507 0.491437
48 0.491454 0.491402 0.491507 0.491437
49 0.491902 0.491843 0.491961 0.49187
50 0.492297 0.492233 0.492361 0.492285
51 0.492683 0.492614 0.492752 0.492683
52 0.493067 0.492993 0.493141 0.493066
52 0.493067 0.492993 0.493141 0.493066
53 0.493454 0.493374 0.493533 0.493433
54 0.493794 0.49371 0.493879 0.493787
55 0.494131 0.494043 0.494218 0.494128
56 0.494468 0.494375 0.49456 0.494457
56 0.494468 0.494375 0.49456 0.494457
57 0.494812 0.494715 0.494909 0.494774
58 0.495117 0.495016 0.495218 0.495079
59 0.495392 0.495287 0.495496 0.495374
60 0.495676 0.495567 0.495784 0.495659
60 0.495676 0.495567 0.495784 0.495659
61 0.495943 0.495831 0.496056 0.495935
62 0.496213 0.496097 0.49633 0.496202
63 0.496474 0.496353 0.496594 0.496459
64 0.496749 0.496625 0.496874 0.496709
64 0.496749 0.496625 0.496874 0.496709
65 0.496989 0.496861 0.497117 0.496951
66 0.497205 0.497075 0.497336 0.497186
67 0.497423 0.49729 0.497556 0.497413
68 0.497627 0.497492 0.497763 0.497634
68 0.497627 0.497492 0.497763 0.497634
69 0.497854 0.497716 0.497992 0.497848
70 0.498058 0.497917 0.498199 0.498056
71 0.498282 0.498138 0.498426 0.498258
72 0.498467 0.498321 0.498613 0.498454
72 0.498467 0.498321 0.498613 0.498454
73 0.498646 0.498498 0.498795 0.498645
74 0.498829 0.498678 0.49898 0.498831
75 0.498986 0.498834 0.499139 0.499011
76 0.499148 0.498993 0.499303 0.499187
76 0.499148 0.498993 0.499303 0.499187
77 0.499343 0.499185 0.499501 0.499358
78 0.499504 0.499344 0.499664 0.499525
79 0.499652 0.49949 0.499814 0.499687
80 0.499803 0.499638 0.499967 0.499846
80 0.499803 0.499638 0.499967 0.499846
81 0.49996 0.499794 0.500126 0.5
82 0.500116 0.499948 0.500284 0.500151
83 0.500271 0.500101 0.500441 0.500297
84 0.500417 0.500246 0.500589 0.500441
84 0.500417 0.500246 0.500589 0.500441
85 0.50055 0.500376 0.500723 0.500581
86 0.50069 0.500515 0.500866 0.500717
87 0.50083 0.500653 0.501007 0.500851
88 0.500962 0.500784 0.501141 0.500981
88 0.500962 0.500784 0.501141 0.500981
89 0.501093 0.500913 0.501274 0.501109
90 0.501235 0.501052 0.501418 0.501233
91 0.501364 0.501179 0.501549 0.501355
92 0.501497 0.50131 0.501683 0.501474
92 0.501497 0.50131 0.501683 0.501474
93 0.501603 0.501415 0.501791 0.501591
94 0.501708 0.501518 0.501897 0.501705
95 0.501827 0.501637 0.502018 0.501816
96 0.501935 0.501743 0.502128 0.501926
96 0.501935 0.501743 0.502128 0.501926
97 0.502044 0.50185 0.502238 0.502033
98 0.502138 0.501943 0.502332 0.502137
99 0.502235 0.502039 0.502432 0.50224
100 0.502348 0.502151 0.502546 0.50234
100 0.502348 0.502151 0.502546 0.50234
101 0.50247 0.50227 0.50267 0.502439
102 0.502555 0.502354 0.502755 0.502536
103 0.502633 0.502432 0.502835 0.50263
104 0.502702 0.5025 0.502904 0.502723
104 0.502702 0.5025 0.502904 0.502723
105 0.502793 0.50259 0.502996 0.502814
106 0.502885 0.502681 0.503089 0.502904
107 0.502991 0.502785 0.503197 0.502991
108 0.503083 0.502875 0.50329 0.503077
108 0.503083 0.502875 0.50329 0.503077
109 0.503171 0.502962 0.50338 0.503162
110 0.503236 0.503026 0.503446 0.503245
111 0.503318 0.503107 0.50353 0.503326
112 0.503415 0.503201 0.503628 0.503406
112 0.503415 0.503201 0.503628 0.503406
113 0.503495 0.50328 0.50371 0.503484
114 0.503585 0.503368 0.503802 0.503561
115 0.50366 0.503442 0.503879 0.503637
116 0.503716 0.503498 0.503935 0.503712
116 0.503716 0.503498 0.503935 0.503712
117 0.503769 0.50355 0.503988 0.503785
118 0.503844 0.503624 0.504064 0.503857
119 0.503907 0.503686 0.504128 0.503927
120 0.503958 0.503737 0.50418 0.503997
120 0.503958 0.503737 0.50418 0.503997
121 0.504046 0.503822 0.504269 0.504065
122 0.504143 0.50392 0.504367 0.504132
123 0.504207 0.503982 0.504432 0.504198
124 0.504267 0.50404 0.504493 0.504263
124 0.504267 0.50404 0.504493 0.504263
125 0.504339 0.504112 0.504565 0.504327
126 0.504419 0.504191 0.504647 0.50439
127 0.504484 0.504255 0.504713 0.504452
128 0.504538 0.504309 0.504768 0.504513
128 0.504538 0.504309 0.504768 0.504513
129 0.504585 0.504356 0.504815 0.504573
130 0.504634 0.504403 0.504864 0.504632
131 0.504697 0.504466 0.504928 0.50469
132 0.504761 0.504529 0.504992 0.504748
132 0.504761 0.504529 0.504992 0.504748
133 0.504795 0.504562 0.505027 0.504804
134 0.504838 0.504606 0.505071 0.50486
135 0.504908 0.504674 0.505142 0.504914
136 0.504965 0.50473 0.505199 0.504968
136 0.504965 0.50473 0.505199 0.504968
137 0.505011 0.504776 0.505246 0.505022
138 0.505073 0.504837 0.505308 0.505074
139 0.505121 0.504885 0.505357 0.505125
140 0.505183 0.504947 0.50542 0.505176
140 0.505183 0.504947 0.50542 0.505176
141 0.505242 0.505004 0.50548 0.505226
142 0.50529 0.505051 0.505529 0.505276
143 0.505342 0.505102 0.505582 0.505325
144 0.505404 0.505163 0.505646 0.505373
144 0.505404 0.505163 0.505646 0.505373
145 0.505459 0.505217 0.505701 0.50542
146 0.505513 0.50527 0.505756 0.505467
147 0.505549 0.505306 0.505792 0.505513
148 0.505588 0.505344 0.505831 0.505558
148 0.505588 0.505344 0.505831 0.505558
149 0.505631 0.505387 0.505876 0.505603
150 0.50567 0.505425 0.505914 0.505647
151 0.505707 0.505462 0.505952 0.505691
152 0.505755 0.50551 0.506001 0.505734
152 0.505755 0.50551 0.506001 0.505734
153 0.5058 0.505554 0.506046 0.505777
154 0.505832 0.505586 0.506079 0.505819
155 0.505868 0.505621 0.506116 0.50586
156 0.505896 0.505648 0.506143 0.505901
156 0.505896 0.505648 0.506143 0.505901
157 0.505951 0.505702 0.5062 0.505941
158 0.505989 0.505739 0.506238 0.505981
159 0.506017 0.505767 0.506267 0.50602
160 0.506047 0.505797 0.506297 0.506059
160 0.506047 0.505797 0.506297 0.506059
161 0.506099 0.505848 0.50635 0.506098
162 0.506142 0.505891 0.506394 0.506135
163 0.506182 0.50593 0.506434 0.506173
164 0.506222 0.505969 0.506475 0.50621
164 0.506222 0.505969 0.506475 0.50621
165 0.506268 0.506014 0.506522 0.506246
166 0.506325 0.506071 0.50658 0.506282
167 0.506361 0.506106 0.506616 0.506318
168 0.506399 0.506143 0.506655 0.506353
168 0.506399 0.506143 0.506655 0.506353
169 0.506441 0.506185 0.506698 0.506388
170 0.506481 0.506224 0.506739 0.506422
171 0.506504 0.506246 0.506761 0.506456
172 0.506545 0.506287 0.506804 0.50649
172 0.506545 0.506287 0.506804 0.50649
173 0.506579 0.506319 0.506838 0.506523
174 0.506608 0.506348 0.506867 0.506556
175 0.506641 0.506381 0.506901 0.506588
176 0.506678 0.506418 0.506938 0.50662
176 0.506678 0.506418 0.506938 0.50662
177 0.506711 0.506451 0.506971 0.506652
178 0.506748 0.506486 0.507009 0.506683
179 0.506775 0.506514 0.507037 0.506714
180 0.506813 0.506551 0.507075 0.506745
180 0.506813 0.506551 0.507075 0.506745
181 0.506838 0.506576 0.507101 0.506775
182 0.506866 0.506604 0.507129 0.506805
183 0.506891 0.506629 0.507154 0.506835
184 0.506927 0.506664 0.50719 0.506864
184 0.506927 0.506664 0.50719 0.506864
185 0.506963 0.506699 0.507226 0.506893
186 0.507004 0.50674 0.507268 0.506922
187 0.507029 0.506765 0.507294 0.50695
188 0.507056 0.506791 0.507321 0.506978
188 0.507056 0.506791 0.507321 0.506978
189 0.507075 0.50681 0.507341 0.507006
190 0.507083 0.506818 0.507348 0.507033
191 0.507099 0.506834 0.507364 0.50706
192 0.507119 0.506854 0.507384 0.507087
192 0.507119 0.506854 0.507384 0.507087
193 0.507152 0.506887 0.507418 0.507114
194 0.507172 0.506907 0.507438 0.50714
195 0.507206 0.50694 0.507472 0.507166
196 0.507226 0.506961 0.507492 0.507192
196 0.507226 0.506961 0.507492 0.507192
197 0.507246 0.50698 0.507512 0.507218
198 0.507267 0.507001 0.507533 0.507243
199 0.507304 0.507037 0.507571 0.507268
200 0.507322 0.507055 0.507589 0.507293
200 0.507322 0.507055 0.507589 0.507293
201 0.507351 0.507084 0.507619 0.507317
202 0.507379 0.507111 0.507647 0.507341
203 0.507404 0.507136 0.507672 0.507365
204 0.507421 0.507153 0.50769 0.507389
204 0.507421 0.507153 0.50769 0.507389
205 0.507435 0.507167 0.507704 0.507413
206 0.507456 0.507188 0.507725 0.507436
207 0.507484 0.507215 0.507753 0.507459
208 0.507515 0.507246 0.507784 0.507482
208 0.507515 0.507246 0.507784 0.507482
209 0.507535 0.507265 0.507804 0.507505
210 0.507553 0.507283 0.507823 0.507527
211 0.507574 0.507304 0.507845 0.507549
212 0.507601 0.507331 0.507871 0.507571
212 0.507601 0.507331 0.507871 0.507571
213 0.507629 0.507358 0.507901 0.507593
214 0.507643 0.507372 0.507915 0.507615
215 0.507661 0.507389 0.507933 0.507636
216 0.507688 0.507416 0.50796 0.507657
216 0.507688 0.507416 0.50796 0.507657
217 0.507713 0.50744 0.507986 0.507678
218 0.507723 0.50745 0.507996 0.507699
219 0.507749 0.507475 0.508022 0.50772
220 0.50778 0.507507 0.508054 0.50774
220 0.50778 0.507507 0.508054 0.50774
221 0.507795 0.507521 0.508068 0.507761
222 0.507828 0.507554 0.508102 0.507781
223 0.507851 0.507577 0.508125 0.5078
224 0.507868 0.507594 0.508143 0.50782
224 0.507868 0.507594 0.508143 0.50782
225 0.50789 0.507615 0.508165 0.50784
226 0.507913 0.507638 0.508189 0.507859
227 0.507933 0.507658 0.508209 0.507878
228 0.507952 0.507676 0.508228 0.507897
228 0.507952 0.507676 0.508228 0.507897
229 0.507964 0.507688 0.50824 0.507916
230 0.507983 0.507706 0.508259 0.507935
231 0.507998 0.507722 0.508275 0.507953
232 0.508011 0.507734 0.508287 0.507972
232 0.508011 0.507734 0.508287 0.507972
233 0.508023 0.507746 0.508301 0.50799
234 0.508038 0.507761 0.508316 0.508008
235 0.50806 0.507783 0.508338 0.508026
236 0.50808 0.507802 0.508357 0.508044
236 0.50808 0.507802 0.508357 0.508044
237 0.508093 0.507815 0.50837 0.508061
238 0.508102 0.507825 0.508379 0.508079
239 0.508119 0.507841 0.508397 0.508096
240 0.508139 0.507861 0.508417 0.508113
240 0.508139 0.507861 0.508417 0.508113
241 0.508152 0.507874 0.50843 0.50813
242 0.508165 0.507887 0.508444 0.508147
243 0.508179 0.5079 0.508457 0.508164
244 0.508195 0.507916 0.508474 0.50818
244 0.508195 0.507916 0.508474 0.50818
245 0.508216 0.507937 0.508495 0.508197
246 0.508238 0.507959 0.508517 0.508213
247 0.508251 0.507971 0.508531 0.508229
248 0.508271 0.507991 0.508551 0.508245
248 0.508271 0.507991 0.508551 0.508245
249 0.508287 0.508006 0.508567 0.508261
250 0.508305 0.508025 0.508586 0.508277
251 0.508313 0.508033 0.508593 0.508293
252 0.508328 0.508048 0.508609 0.508308
252 0.508328 0.508048 0.508609 0.508308
253 0.508347 0.508066 0.508628 0.508324
254 0.508352 0.508071 0.508633 0.508339
255 0.50836 0.508079 0.508641 0.508354
256 0.508368 0.508087 0.508648 0.508369
256 0.508368 0.508087 0.508648 0.508369
257 0.508385 0.508104 0.508666 0.508384
258 0.508396 0.508115 0.508677 0.508399
259 0.508415 0.508134 0.508697 0.508414
260 0.508431 0.508149 0.508712 0.508428
260 0.508431 0.508149 0.508712 0.508428
261 0.508446 0.508164 0.508728 0.508443
262 0.508463 0.508181 0.508745 0.508457
263 0.508471 0.508189 0.508753 0.508471
264 0.508478 0.508195 0.50876 0.508486
264 0.508478 0.508195 0.50876 0.508486
265 0.50849 0.508207 0.508772 0.5085
266 0.508511 0.508228 0.508793 0.508514
267 0.508536 0.508253 0.508819 0.508527
268 0.508545 0.508262 0.508829 0.508541
268 0.508545 0.508262 0.508829 0.508541
269 0.508563 0.50828 0.508846 0.508555
270 0.50858 0.508296 0.508864 0.508568
271 0.508598 0.508314 0.508882 0.508582
272 0.508619 0.508335 0.508903 0.508595
272 0.508619 0.508335 0.508903 0.508595
273 0.508637 0.508353 0.508921 0.508608
274 0.50865 0.508365 0.508934 0.508621
275 0.508667 0.508382 0.508952 0.508635
276 0.508684 0.508399 0.508969 0.508647
276 0.508684 0.508399 0.508969 0.508647
277 0.508694 0.50841 0.508979 0.50866
278 0.508711 0.508426 0.508996 0.508673
279 0.508727 0.508441 0.509012 0.508686
280 0.50875 0.508465 0.509036 0.508698
280 0.50875 0.508465 0.509036 0.508698
281 0.508749 0.508463 0.509034 0.508711
282 0.508761 0.508475 0.509046 0.508723
283 0.508777 0.508491 0.509063 0.508736
284 0.508788 0.508502 0.509075 0.508748
284 0.508788 0.508502 0.509075 0.508748
285 0.508798 0.508512 0.509084 0.50876
286 0.508817 0.50853 0.509103 0.508772
287 0.508829 0.508543 0.509116 0.508784
288 0.508839 0.508553 0.509126 0.508796
288 0.508839 0.508553 0.509126 0.508796
289 0.508849 0.508562 0.509136 0.508808
290 0.508856 0.508569 0.509143 0.508819
291 0.508871 0.508584 0.509158 0.508831
292 0.508876 0.508589 0.509163 0.508843
292 0.508876 0.508589 0.509163 0.508843
293 0.508886 0.5086 0.509173 0.508854
294 0.508894 0.508607 0.509181 0.508865
295 0.508911 0.508624 0.509198 0.508877
296 0.508925 0.508637 0.509212 0.508888
296 0.508925 0.508637 0.509212 0.508888
297 0.508932 0.508644 0.509219 0.508899
298 0.508945 0.508657 0.509233 0.50891
299 0.508957 0.508669 0.509245 0.508921
300 0.508974 0.508686 0.509262 0.508932
300 0.508974 0.508686 0.509262 0.508932
301 0.508993 0.508704 0.509281 0.508943
302 0.509004 0.508715 0.509293 0.508954
303 0.509015 0.508726 0.509304 0.508965
304 0.509018 0.508729 0.509307 0.508975
304 0.509018 0.508729 0.509307 0.508975
305 0.509027 0.508738 0.509316 0.508986
306 0.509031 0.508742 0.50932 0.508996
307 0.509039 0.50875 0.509328 0.509007
308 0.509052 0.508763 0.509342 0.509017
308 0.509052 0.508763 0.509342 0.509017
309 0.509066 0.508776 0.509355 0.509028
310 0.509077 0.508787 0.509367 0.509038
311 0.509085 0.508795 0.509375 0.509048
312 0.509091 0.508801 0.509381 0.509058
312 0.509091 0.508801 0.509381 0.509058
313 0.509095 0.508805 0.509385 0.509068
314 0.509097 0.508807 0.509387 0.509078
315 0.509106 0.508816 0.509396 0.509088
316 0.509119 0.508829 0.509409 0.509098
316 0.509119 0.508829 0.509409 0.509098
317 0.509132 0.508841 0.509422 0.509108
318 0.509144 0.508854 0.509434 0.509117
319 0.509156 0.508866 0.509447 0.509127
320 0.509172 0.508882 0.509463 0.509137
320 0.509172 0.508882 0.509463 0.509137
321 0.509181 0.50889 0.509472 0.509146
322 0.509191 0.5089 0.509482 0.509156
323 0.509198 0.508907 0.509489 0.509165
324 0.509206 0.508916 0.509497 0.509175
324 0.509206 0.508916 0.509497 0.509175
325 0.509219 0.508929 0.50951 0.509184
326 0.509224 0.508934 0.509515 0.509193
327 0.509235 0.508944 0.509526 0.509202
328 0.509249 0.508958 0.509541 0.509212
328 0.509249 0.508958 0.509541 0.509212
329 0.509258 0.508967 0.50955 0.509221
330 0.50927 0.508978 0.509561 0.50923
331 0.509278 0.508986 0.50957 0.509239
332 0.509283 0.508992 0.509574 0.509248
332 0.509283 0.508992 0.509574 0.509248
333 0.509286 0.508995 0.509578 0.509257
334 0.509292 0.509001 0.509583 0.509265
335 0.5093 0.509008 0.509591 0.509274
336 0.509304 0.509013 0.509595 0.509283
336 0.509304 0.509013 0.509595 0.509283
337 0.509315 0.509024 0.509606 0.509292
338 0.509323 0.509032 0.509615 0.5093
339 0.509325 0.509034 0.509617 0.509309
340 0.509332 0.50904 0.509623 0.509317
340 0.509332 0.50904 0.509623 0.509317
341 0.50934 0.509049 0.509632 0.509326
342 0.50934 0.509048 0.509632 0.509334
343 0.509351 0.509059 0.509643 0.509342
344 0.509359 0.509067 0.509651 0.509351
344 0.509359 0.509067 0.509651 0.509351
345 0.50937 0.509078 0.509663 0.509359
346 0.509376 0.509084 0.509669 0.509367
347 0.509386 0.509093 0.509678 0.509375
348 0.509392 0.509099 0.509684 0.509384
348 0.509392 0.509099 0.509684 0.509384
349 0.509397 0.509104 0.509689 0.509392
350 0.509402 0.509109 0.509695 0.5094
351 0.50941 0.509116 0.509703 0.509408
352 0.509417 0.509123 0.50971 0.509416
352 0.509417 0.509123 0.50971 0.509416
353 0.509424 0.50913 0.509717 0.509424
354 0.509428 0.509134 0.509722 0.509431
355 0.509438 0.509144 0.509732 0.509439
356 0.50944 0.509146 0.509735 0.509447
356 0.50944 0.509146 0.509735 0.509447
357 0.509447 0.509152 0.509741 0.509455
358 0.509453 0.509159 0.509748 0.509462
359 0.509466 0.509172 0.509761 0.50947
360 0.509469 0.509174 0.509763 0.509478
360 0.509469 0.509174 0.509763 0.509478
361 0.509477 0.509182 0.509772 0.509485
362 0.509485 0.50919 0.50978 0.509493
363 0.509494 0.509199 0.509789 0.5095
364 0.509506 0.509211 0.509801 0.509507
364 0.509506 0.509211 0.509801 0.509507
365 0.509508 0.509213 0.509804 0.509515
366 0.509516 0.50922 0.509811 0.509522
367 0.509525 0.509229 0.509821 0.50953
368 0.509541 0.509245 0.509837 0.509537
368 0.509541 0.509245 0.509837 0.509537
369 0.509547 0.509251 0.509843 0.509544
370 0.509559 0.509263 0.509855 0.509551
371 0.509571 0.509274 0.509867 0.509558
372 0.509583 0.509286 0.50988 0.509565
372 0.509583 0.509286 0.50988 0.509565
373 0.509595 0.509298 0.509892 0.509573
374 0.509606 0.509309 0.509903 0.50958
375 0.50961 0.509313 0.509907 0.509587
376 0.509614 0.509317 0.509911 0.509593
376 0.509614 0.509317 0.509911 0.509593
377 0.509624 0.509326 0.509921 0.5096
378 0.50963 0.509333 0.509928 0.509607
379 0.509636 0.509338 0.509934 0.509614
380 0.509644 0.509346 0.509942 0.509621
380 0.509644 0.509346 0.509942 0.509621
381 0.509646 0.509348 0.509944 0.509628
382 0.509654 0.509356 0.509952 0.509634
383 0.509662 0.509364 0.50996 0.509641
384 0.509665 0.509367 0.509963 0.509648
384 0.509665 0.509367 0.509963 0.509648
385 0.50967 0.509372 0.509968 0.509654
386 0.509672 0.509373 0.50997 0.509661
387 0.509674 0.509375 0.509972 0.509668
388 0.509685 0.509386 0.509983 0.509674
388 0.509685 0.509386 0.509983 0.509674
389 0.509695 0.509396 0.509993 0.509681
390 0.509701 0.509402 0.509999 0.509687
391 0.509709 0.50941 0.510008 0.509694
392 0.509715 0.509417 0.510014 0.5097
392 0.509715 0.509417 0.510014 0.5097
393 0.509721 0.509422 0.51002 0.509706
394 0.509731 0.509431 0.51003 0.509713
395 0.509735 0.509436 0.510034 0.509719
396 0.509745 0.509445 0.510045 0.509725
396 0.509745 0.509445 0.510045 0.509725
397 0.509751 0.509451 0.510051 0.509731
398 0.509753 0.509453 0.510053 0.509738
399 0.509755 0.509455 0.510055 0.509744
400 0.509762 0.509462 0.510062 0.50975
400 0.509762 0.509462 0.510062 0.50975
401 0.509768 0.509468 0.510067 0.509756
402 0.509775 0.509475 0.510075 0.509762
403 0.509777 0.509477 0.510078 0.509768
404 0.509783 0.509483 0.510083 0.509774
404 0.509783 0.509483 0.510083 0.509774
405 0.509784 0.509485 0.510084 0.50978
406 0.509791 0.509491 0.510091 0.509786
407 0.509794 0.509494 0.510094 0.509792
408 0.509797 0.509497 0.510097 0.509798
408 0.509797 0.509497 0.510097 0.509798
409 0.509793 0.509494 0.510093 0.509804
410 0.509798 0.509498 0.510097 0.50981
411 0.509799 0.5095 0.510098 0.509816
412 0.509804 0.509505 0.510104 0.509821
412 0.509804 0.509505 0.510104 0.509821
413 0.509814 0.509515 0.510114 0.509827
414 0.509821 0.509521 0.51012 0.509833
415 0.509826 0.509526 0.510125 0.509839
416 0.509831 0.509531 0.51013 0.509844
416 0.509831 0.509531 0.51013 0.509844
417 0.509835 0.509536 0.510135 0.50985
418 0.50985 0.50955 0.51015 0.509856
419 0.509859 0.509559 0.510159 0.509861
420 0.509865 0.509565 0.510165 0.509867
420 0.509865 0.509565 0.510165 0.509867
421 0.509865 0.509565 0.510165 0.509872
422 0.509873 0.509573 0.510173 0.509878
423 0.509882 0.509582 0.510182 0.509883
424 0.509886 0.509586 0.510186 0.509889
424 0.509886 0.509586 0.510186 0.509889
425 0.509887 0.509587 0.510187 0.509894
426 0.509894 0.509594 0.510195 0.5099
427 0.509896 0.509596 0.510196 0.509905
428 0.5099 0.5096 0.5102 0.50991
428 0.5099 0.5096 0.5102 0.50991
429 0.509903 0.509603 0.510203 0.509916
430 0.509901 0.509601 0.5102 0.509921
431 0.5099 0.5096 0.510199 0.509926
432 0.509906 0.509606 0.510206 0.509932
432 0.509906 0.509606 0.510206 0.509932
433 0.509911 0.509611 0.510211 0.509937
434 0.509912 0.509612 0.510212 0.509942
435 0.509919 0.509619 0.510219 0.509947
436 0.509921 0.509621 0.510221 0.509952
436 0.509921 0.509621 0.510221 0.509952
437 0.509923 0.509623 0.510223 0.509957
438 0.509928 0.509628 0.510228 0.509963
439 0.509929 0.509629 0.510229 0.509968
440 0.509935 0.509635 0.510235 0.509973
440 0.509935 0.509635 0.510235 0.509973
441 0.50994 0.50964 0.51024 0.509978
442 0.509945 0.509645 0.510245 0.509983
443 0.509953 0.509653 0.510253 0.509988
444 0.509966 0.509666 0.510267 0.509993
444 0.509966 0.509666 0.510267 0.509993
445 0.509972 0.509672 0.510273 0.509998
446 0.509979 0.509679 0.51028 0.510003
447 0.509988 0.509687 0.510289 0.510008
448 0.509997 0.509696 0.510298 0.510013
448 0.509997 0.509696 0.510298 0.510013
449 0.509999 0.509697 0.5103 0.510017
450 0.510004 0.509702 0.510305 0.510022
451 0.510011 0.50971 0.510313 0.510027
452 0.510021 0.509719 0.510322 0.510032
452 0.510021 0.509719 0.510322 0.510032
453 0.510028 0.509726 0.51033 0.510037
454 0.510034 0.509732 0.510336 0.510041
455 0.510039 0.509737 0.510341 0.510046
456 0.510043 0.50974 0.510345 0.510051
456 0.510043 0.50974 0.510345 0.510051
457 0.510041 0.509739 0.510343 0.510056
458 0.510039 0.509737 0.510341 0.51006
459 0.510044 0.509742 0.510345 0.510065
460 0.510049 0.509747 0.510351 0.51007
460 0.510049 0.509747 0.510351 0.51007
461 0.510061 0.509759 0.510363 0.510074
462 0.510068 0.509765 0.51037 0.510079
463 0.510069 0.509767 0.510372 0.510083
464 0.510077 0.509774 0.510379 0.510088
464 0.510077 0.509774 0.510379 0.510088
465 0.510081 0.509779 0.510384 0.510093
466 0.510083 0.50978 0.510386 0.510097
467 0.510087 0.509784 0.51039 0.510102
468 0.510092 0.50979 0.510395 0.510106
468 0.510092 0.50979 0.510395 0.510106
469 0.510098 0.509795 0.5104 0.51011
470 0.5101 0.509797 0.510402 0.510115
471 0.510101 0.509798 0.510403 0.510119
472 0.510109 0.509806 0.510412 0.510124
472 0.510109 0.509806 0.510412 0.510124
473 0.510114 0.509811 0.510417 0.510128
474 0.510117 0.509814 0.51042 0.510133
475 0.510122 0.509819 0.510425 0.510137
476 0.510127 0.509824 0.51043 0.510141
476 0.510127 0.509824 0.51043 0.510141
477 0.510128 0.509825 0.510431 0.510146
478 0.510131 0.509828 0.510434 0.51015
479 0.510135 0.509831 0.510438 0.510154
480 0.510142 0.509839 0.510445 0.510158
480 0.510142 0.509839 0.510445 0.510158
481 0.510148 0.509845 0.510451 0.510163
482 0.510147 0.509844 0.51045 0.510167
483 0.510147 0.509844 0.51045 0.510171
484 0.510148 0.509845 0.510452 0.510175
484 0.510148 0.509845 0.510452 0.510175
485 0.510151 0.509847 0.510454 0.510179
486 0.510149 0.509846 0.510452 0.510184
487 0.51015 0.509847 0.510453 0.510188
488 0.510156 0.509853 0.510459 0.510192
488 0.510156 0.509853 0.510459 0.510192
489 0.510159 0.509856 0.510462 0.510196
490 0.510162 0.509859 0.510466 0.5102
491 0.510164 0.509861 0.510467 0.510204
492 0.510167 0.509864 0.51047 0.510208
492 0.510167 0.509864 0.51047 0.510208
493 0.510176 0.509873 0.51048 0.510212
494 0.51018 0.509877 0.510483 0.510216
495 0.510187 0.509883 0.51049 0.51022
496 0.510189 0.509886 0.510493 0.510224
496 0.510189 0.509886 0.510493 0.510224
497 0.510194 0.50989 0.510497 0.510228
498 0.510194 0.509891 0.510498 0.510232
499 0.510199 0.509895 0.510502 0.510236
500 0.510201 0.509898 0.510505 0.51024
500 0.510201 0.509898 0.510505 0.51024
501 0.510203 0.5099 0.510507 0.510244
502 0.510208 0.509905 0.510512 0.510248
503 0.510206 0.509902 0.51051 0.510252
504 0.51021 0.509906 0.510513 0.510256
504 0.51021 0.509906 0.510513 0.510256
505 0.510212 0.509909 0.510516 0.510259
506 0.510218 0.509914 0.510522 0.510263
507 0.510222 0.509918 0.510526 0.510267
508 0.510226 0.509922 0.51053 0.510271
508 0.510226 0.509922 0.51053 0.510271
509 0.510229 0.509924 0.510533 0.510275
510 0.510231 0.509927 0.510536 0.510278
511 0.510237 0.509933 0.510541 0.510282
512 0.510235 0.509931 0.510539 0.510286
512 0.510235 0.509931 0.510539 0.510286
513 0.510236 0.509932 0.51054 0.51029
514 0.51024 0.509935 0.510544 0.510293
515 0.510244 0.50994 0.510548 0.510297
516 0.510248 0.509944 0.510552 0.510301
516 0.510248 0.509944 0.510552 0.510301
517 0.510248 0.509944 0.510553 0.510304
518 0.510249 0.509945 0.510554 0.510308
519 0.510256 0.509952 0.51056 0.510312
520 0.510261 0.509956 0.510565 0.510315
520 0.510261 0.509956 0.510565 0.510315
521 0.510266 0.509961 0.51057 0.510319
522 0.510268 0.509963 0.510572 0.510323
523 0.51027 0.509965 0.510574 0.510326
524 0.510273 0.509968 0.510577 0.51033
524 0.510273 0.509968 0.510577 0.51033
525 0.510273 0.509969 0.510578 0.510333
526 0.510279 0.509974 0.510583 0.510337
527 0.510281 0.509976 0.510585 0.51034
528 0.510284 0.509979 0.510588 0.510344
528 0.510284 0.509979 0.510588 0.510344
529 0.51029 0.509986 0.510595 0.510347
530 0.510289 0.509984 0.510594 0.510351
531 0.510292 0.509987 0.510596 0.510354
532 0.5103 0.509995 0.510605 0.510358
532 0.5103 0.509995 0.510605 0.510358
533 0.510304 0.509999 0.510609 0.510361
534 0.510303 0.509998 0.510608 0.510365
535 0.510304 0.509999 0.510609 0.510368
536 0.510306 0.510001 0.510611 0.510372
536 0.510306 0.510001 0.510611 0.510372
537 0.510306 0.510001 0.510611 0.510375
538 0.510311 0.510005 0.510616 0.510378
539 0.510315 0.51001 0.51062 0.510382
540 0.510319 0.510014 0.510624 0.510385
540 0.510319 0.510014 0.510624 0.510385
541 0.510322 0.510017 0.510627 0.510388
542 0.510323 0.510018 0.510628 0.510392
543 0.510323 0.510018 0.510629 0.510395
544 0.510325 0.51002 0.51063 0.510398
544 0.510325 0.51002 0.51063 0.510398
545 0.510324 0.510019 0.510629 0.510402
546 0.510329 0.510024 0.510635 0.510405
547 0.510331 0.510025 0.510636 0.510408
548 0.510335 0.510029 0.51064 0.510412
548 0.510335 0.510029 0.51064 0.510412
549 0.510342 0.510036 0.510647 0.510415
550 0.510344 0.510039 0.51065 0.510418
551 0.510348 0.510042 0.510653 0.510421
552 0.510349 0.510043 0.510655 0.510425
552 0.510349 0.510043 0.510655 0.510425
553 0.510356 0.51005 0.510662 0.510428
554 0.510358 0.510052 0.510664 0.510431
555 0.51036 0.510054 0.510666 0.510434
556 0.510359 0.510054 0.510665 0.510437
556 0.510359 0.510054 0.510665 0.510437
557 0.510362 0.510056 0.510668 0.51044
558 0.510365 0.510059 0.510671 0.510444
559 0.510365 0.510059 0.510671 0.510447
560 0.510366 0.51006 0.510672 0.51045
560 0.510366 0.51006 0.510672 0.51045
561 0.510369 0.510062 0.510675 0.510453
562 0.510372 0.510066 0.510678 0.510456
563 0.510378 0.510072 0.510684 0.510459
564 0.510381 0.510075 0.510688 0.510462
564 0.510381 0.510075 0.510688 0.510462
565 0.51038 0.510073 0.510686 0.510465
566 0.510386 0.510079 0.510692 0.510468
567 0.510391 0.510084 0.510697 0.510471
568 0.510394 0.510088 0.510701 0.510474
568 0.510394 0.510088 0.510701 0.510474
569 0.510394 0.510088 0.5107 0.510477
570 0.510395 0.510089 0.510701 0.510481
571 0.510399 0.510093 0.510705 0.510484
572 0.510404 0.510098 0.51071 0.510487
572 0.510404 0.510098 0.51071 0.510487
573 0.510409 0.510102 0.510715 0.51049
574 0.510413 0.510106 0.510719 0.510492
575 0.510416 0.51011 0.510722 0.510495
576 0.510424 0.510117 0.51073 0.510498
576 0.510424 0.510117 0.51073 0.510498
577 0.510426 0.510119 0.510732 0.510501
578 0.510427 0.510121 0.510733 0.510504
579 0.510428 0.510121 0.510734 0.510507
580 0.510435 0.510129 0.510741 0.51051
580 0.510435 0.510129 0.510741 0.51051
581 0.510437 0.510131 0.510744 0.510513
582 0.510445 0.510138 0.510751 0.510516
583 0.510449 0.510142 0.510755 0.510519
584 0.510451 0.510144 0.510758 0.510522
584 0.510451 0.510144 0.510758 0.510522
585 0.510456 0.510149 0.510763 0.510525
586 0.510456 0.510149 0.510763 0.510527
587 0.510459 0.510152 0.510766 0.51053
588 0.510461 0.510154 0.510768 0.510533
588 0.510461 0.510154 0.510768 0.510533
589 0.510461 0.510154 0.510768 0.510536
590 0.510463 0.510156 0.51077 0.510539
591 0.510466 0.510159 0.510772 0.510542
592 0.510469 0.510162 0.510776 0.510544
592 0.510469 0.510162 0.510776 0.510544
593 0.510471 0.510164 0.510778 0.510547
594 0.510473 0.510166 0.51078 0.51055
595 0.510478 0.510171 0.510785 0.510553
596 0.510477 0.51017 0.510784 0.510555
596 0.510477 0.51017 0.510784 0.510555
597 0.510476 0.510169 0.510783 0.510558
598 0.510482 0.510175 0.510789 0.510561
599 0.510488 0.510181 0.510796 0.510564
600 0.510491 0.510184 0.510798 0.510566
600 0.510491 0.510184 0.510798 0.510566
601 0.510494 0.510187 0.510801 0.510569
602 0.510497 0.51019 0.510804 0.510572
603 0.510498 0.510191 0.510805 0.510575
604 0.510501 0.510194 0.510808 0.510577
604 0.510501 0.510194 0.510808 0.510577
605 0.510504 0.510197 0.510811 0.51058
606 0.510508 0.5102 0.510815 0.510583
607 0.51051 0.510203 0.510818 0.510585
608 0.510513 0.510206 0.51082 0.510588
608 0.510513 0.510206 0.51082 0.510588
609 0.510516 0.510209 0.510823 0.510591
610 0.51052 0.510213 0.510827 0.510593
611 0.510523 0.510215 0.51083 0.510596
612 0.510525 0.510218 0.510832 0.510598
612 0.510525 0.510218 0.510832 0.510598
613 0.510531 0.510224 0.510838 0.510601
614 0.510534 0.510227 0.510841 0.510604
615 0.51054 0.510233 0.510848 0.510606
616 0.510542 0.510235 0.51085 0.510609
616 0.510542 0.510235 0.51085 0.510609
617 0.510546 0.510239 0.510854 0.510611
618 0.510552 0.510244 0.510859 0.510614
619 0.510557 0.510249 0.510864 0.510616
620 0.510558 0.510251 0.510866 0.510619
620 0.510558 0.510251 0.510866 0.510619
621 0.510559 0.510252 0.510867 0.510622
622 0.510557 0.510249 0.510864 0.510624
623 0.510555 0.510247 0.510862 0.510627
624 0.510558 0.51025 0.510865 0.510629
624 0.510558 0.51025 0.510865 0.510629
625 0.510557 0.510249 0.510864 0.510632
626 0.510562 0.510254 0.510869 0.510634
627 0.510563 0.510256 0.510871 0.510637
628 0.510567 0.51026 0.510875 0.510639
628 0.510567 0.51026 0.510875 0.510639
629 0.510573 0.510265 0.510881 0.510642
630 0.510576 0.510268 0.510884 0.510644
631 0.510575 0.510268 0.510883 0.510647
632 0.510579 0.510271 0.510887 0.510649
632 0.510579 0.510271 0.510887 0.510649
633 0.510581 0.510273 0.510889 0.510651
634 0.510583 0.510275 0.510891 0.510654
635 0.510586 0.510278 0.510895 0.510656
636 0.510588 0.51028 0.510897 0.510659
636 0.510588 0.51028 0.510897 0.510659
637 0.510592 0.510284 0.510901 0.510661
638 0.510593 0.510285 0.510902 0.510664
639 0.510596 0.510288 0.510904 0.510666
640 0.510601 0.510293 0.51091 0.510668
640 0.510601 0.510293 0.51091 0.510668
641 0.5106 0.510292 0.510908 0.510671
642 0.510607 0.510298 0.510916 0.510673
643 0.51061 0.510302 0.510919 0.510675
644 0.510612 0.510303 0.510921 0.510678
644 0.510612 0.510303 0.510921 0.510678
645 0.510612 0.510303 0.510921 0.51068
646 0.510614 0.510306 0.510923 0.510683
647 0.510614 0.510306 0.510923 0.510685
648 0.510621 0.510312 0.51093 0.510687
648 0.510621 0.510312 0.51093 0.510687
649 0.510624 0.510315 0.510933 0.51069
650 0.510626 0.510317 0.510935 0.510692
651 0.51063 0.510321 0.51094 0.510694
652 0.510634 0.510325 0.510944 0.510696
652 0.510634 0.510325 0.510944 0.510696
653 0.510634 0.510325 0.510944 0.510699
654 0.510632 0.510323 0.510941 0.510701
655 0.510634 0.510325 0.510943 0.510703
656 0.510638 0.510328 0.510947 0.510706
656 0.510638 0.510328 0.510947 0.510706
657 0.51064 0.510331 0.510949 0.510708
658 0.510645 0.510336 0.510955 0.51071
659 0.510648 0.510339 0.510958 0.510712
660 0.510652 0.510342 0.510961 0.510715
660 0.510652 0.510342 0.510961 0.510715
661 0.510655 0.510345 0.510964 0.510717
662 0.510658 0.510348 0.510967 0.510719
663 0.51066 0.51035 0.510969 0.510721
664 0.510659 0.51035 0.510969 0.510724
664 0.510659 0.51035 0.510969 0.510724
665 0.510662 0.510352 0.510971 0.510726
666 0.510663 0.510353 0.510973 0.510728
667 0.510665 0.510356 0.510975 0.51073
668 0.510669 0.51036 0.510979 0.510732
668 0.510669 0.51036 0.510979 0.510732
669 0.510669 0.510359 0.510979 0.510735
670 0.510677 0.510367 0.510987 0.510737
671 0.510678 0.510368 0.510987 0.510739
672 0.510677 0.510367 0.510986 0.510741
672 0.510677 0.510367 0.510986 0.510741
673 0.510677 0.510368 0.510987 0.510743
674 0.510678 0.510369 0.510988 0.510745
675 0.510681 0.510371 0.51099 0.510748
676 0.510684 0.510374 0.510993 0.51075
676 0.510684 0.510374 0.510993 0.51075
677 0.510683 0.510373 0.510993 0.510752
678 0.510683 0.510373 0.510992 0.510754
679 0.510683 0.510373 0.510993 0.510756
680 0.510686 0.510376 0.510996 0.510758
680 0.510686 0.510376 0.510996 0.510758
681 0.510689 0.510379 0.510999 0.51076
682 0.51069 0.51038 0.511 0.510763
683 0.510693 0.510383 0.511003 0.510765
684 0.510693 0.510383 0.511003 0.510767
684 0.510693 0.510383 0.511003 0.510767
685 0.510696 0.510386 0.511006 0.510769
686 0.510694 0.510384 0.511004 0.510771
687 0.510697 0.510387 0.511007 0.510773
688 0.5107 0.51039 0.51101 0.510775
688 0.5107 0.51039 0.51101 0.510775
689 0.510701 0.510391 0.511011 0.510777
690 0.510703 0.510393 0.511013 0.510779
691 0.510704 0.510394 0.511014 0.510781
692 0.510705 0.510395 0.511015 0.510783
692 0.510705 0.510395 0.511015 0.510783
693 0.510705 0.510395 0.511015 0.510785
694 0.510704 0.510394 0.511014 0.510787
695 0.510706 0.510395 0.511016 0.510789
696 0.510706 0.510396 0.511016 0.510791
696 0.510706 0.510396 0.511016 0.510791
697 0.510708 0.510398 0.511018 0.510793
698 0.510714 0.510404 0.511024 0.510795
699 0.510717 0.510407 0.511027 0.510797
700 0.51072 0.51041 0.51103 0.510799
700 0.51072 0.51041 0.51103 0.510799
701 0.510726 0.510415 0.511036 0.510801
702 0.510728 0.510418 0.511038 0.510803
703 0.510728 0.510418 0.511039 0.510805
704 0.510726 0.510416 0.511036 0.510807
704 0.510726 0.510416 0.511036 0.510807
705 0.510731 0.51042 0.511041 0.510809
706 0.510733 0.510423 0.511044 0.510811
707 0.510736 0.510426 0.511046 0.510813
708 0.510738 0.510428 0.511048 0.510815
708 0.510738 0.510428 0.511048 0.510815
709 0.51074 0.51043 0.51105 0.510817
710 0.510746 0.510435 0.511056 0.510819
711 0.510748 0.510438 0.511059 0.510821
712 0.510753 0.510442 0.511063 0.510823
712 0.510753 0.510442 0.511063 0.510823
713 0.510753 0.510443 0.511064 0.510825
714 0.510758 0.510447 0.511069 0.510827
715 0.510762 0.510451 0.511073 0.510829
716 0.510761 0.51045 0.511072 0.510831
716 0.510761 0.51045 0.511072 0.510831
717 0.510761 0.51045 0.511072 0.510833
718 0.510761 0.51045 0.511072 0.510834
719 0.510764 0.510454 0.511075 0.510836
720 0.510768 0.510457 0.511079 0.510838
720 0.510768 0.510457 0.511079 0.510838
721 0.510772 0.510461 0.511083 0.51084
722 0.510771 0.510461 0.511082 0.510842
723 0.510775 0.510464 0.511085 0.510844
724 0.510777 0.510466 0.511087 0.510846
724 0.510777 0.510466 0.511087 0.510846
725 0.510776 0.510465 0.511086 0.510848
726 0.510779 0.510468 0.511089 0.510849
727 0.510781 0.510471 0.511092 0.510851
728 0.510782 0.510471 0.511093 0.510853
728 0.510782 0.510471 0.511093 0.510853
729 0.510786 0.510475 0.511096 0.510855
730 0.510788 0.510477 0.511099 0.510857
731 0.510787 0.510476 0.511098 0.510859
732 0.510789 0.510478 0.5111 0.51086
732 0.510789 0.510478 0.5111 0.51086
733 0.510791 0.51048 0.511102 0.510862
734 0.510794 0.510483 0.511105 0.510864
735 0.510797 0.510486 0.511108 0.510866
736 0.510797 0.510486 0.511108 0.510868
736 0.510797 0.510486 0.511108 0.510868
737 0.5108 0.510489 0.511111 0.51087
738 0.5108 0.510489 0.51111 0.510871
739 0.510804 0.510493 0.511115 0.510873
740 0.510808 0.510497 0.51112 0.510875
740 0.510808 0.510497 0.51112 0.510875
741 0.510808 0.510497 0.511119 0.510877
742 0.51081 0.510499 0.511122 0.510879
743 0.510812 0.510501 0.511123 0.51088
744 0.510814 0.510502 0.511125 0.510882
744 0.510814 0.510502 0.511125 0.510882
745 0.510816 0.510505 0.511127 0.510884
746 0.510819 0.510508 0.511131 0.510886
747 0.510819 0.510508 0.511131 0.510887
748 0.510822 0.51051 0.511133 0.510889
748 0.510822 0.51051 0.511133 0.510889
749 0.510822 0.51051 0.511133 0.510891
750 0.510822 0.51051 0.511133 0.510893
751 0.51082 0.510508 0.511131 0.510894
752 0.510821 0.51051 0.511132 0.510896
752 0.510821 0.51051 0.511132 0.510896
753 0.510822 0.510511 0.511133 0.510898
754 0.510823 0.510512 0.511134 0.510899
755 0.510823 0.510512 0.511135 0.510901
756 0.510825 0.510514 0.511136 0.510903
756 0.510825 0.510514 0.511136 0.510903
757 0.510824 0.510513 0.511136 0.510905
758 0.510824 0.510513 0.511135 0.510906
759 0.510827 0.510515 0.511138 0.510908
760 0.510826 0.510515 0.511137 0.51091
760 0.510826 0.510515 0.511137 0.51091
761 0.510828 0.510517 0.511139 0.510911
762 0.510834 0.510522 0.511145 0.510913
763 0.510837 0.510526 0.511148 0.510915
764 0.510835 0.510524 0.511146 0.510916
764 0.510835 0.510524 0.511146 0.510916
765 0.510834 0.510523 0.511145 0.510918
766 0.510834 0.510523 0.511145 0.51092
767 0.510835 0.510524 0.511146 0.510921
768 0.510836 0.510525 0.511147 0.510923
768 0.510836 0.510525 0.511147 0.510923
769 0.51084 0.510528 0.511151 0.510925
770 0.510842 0.510531 0.511154 0.510926
771 0.510844 0.510533 0.511155 0.510928
772 0.510843 0.510532 0.511154 0.51093
772 0.510843 0.510532 0.511154 0.51093
773 0.510846 0.510535 0.511157 0.510931
774 0.510849 0.510538 0.51116 0.510933
775 0.510847 0.510536 0.511158 0.510935
776 0.510847 0.510535 0.511158 0.510936
776 0.510847 0.510535 0.511158 0.510936
777 0.51085 0.510539 0.511162 0.510938
778 0.510849 0.510538 0.511161 0.51094
779 0.510852 0.51054 0.511163 0.510941
780 0.510857 0.510545 0.511168 0.510943
780 0.510857 0.510545 0.511168 0.510943
781 0.510859 0.510547 0.51117 0.510944
782 0.510858 0.510547 0.51117 0.510946
783 0.51086 0.510549 0.511171 0.510948
784 0.510866 0.510555 0.511178 0.510949
784 0.510866 0.510555 0.511178 0.510949
785 0.510871 0.51056 0.511183 0.510951
786 0.510873 0.510562 0.511184 0.510952
787 0.510875 0.510564 0.511187 0.510954
788 0.510876 0.510565 0.511187 0.510955
788 0.510876 0.510565 0.511187 0.510955
789 0.510878 0.510567 0.51119 0.510957
790 0.510881 0.510569 0.511192 0.510959
791 0.51088 0.510569 0.511192 0.51096
792 0.510884 0.510572 0.511195 0.510962
792 0.510884 0.510572 0.511195 0.510962
793 0.510885 0.510574 0.511196 0.510963
794 0.510887 0.510576 0.511199 0.510965
795 0.510889 0.510578 0.511201 0.510966
796 0.510888 0.510576 0.511199 0.510968
796 0.510888 0.510576 0.511199 0.510968
797 0.510891 0.510579 0.511202 0.510969
798 0.510894 0.510582 0.511205 0.510971
799 0.510893 0.510582 0.511205 0.510973
800 0.510898 0.510586 0.511209 0.510974
800 0.510898 0.510586 0.511209 0.510974
801 0.5109 0.510589 0.511212 0.510976
802 0.510899 0.510588 0.511211 0.510977
803 0.510901 0.51059 0.511213 0.510979
804 0.510904 0.510592 0.511215 0.51098
804 0.510904 0.510592 0.511215 0.51098
805 0.510904 0.510592 0.511215 0.510982
806 0.510906 0.510595 0.511218 0.510983
807 0.51091 0.510598 0.511222 0.510985
808 0.510912 0.510601 0.511224 0.510986
808 0.510912 0.510601 0.511224 0.510986
809 0.510913 0.510602 0.511225 0.510988
810 0.510911 0.5106 0.511223 0.510989
811 0.510911 0.5106 0.511223 0.510991
812 0.510915 0.510603 0.511226 0.510992
812 0.510915 0.510603 0.511226 0.510992
813 0.510918 0.510606 0.51123 0.510994
814 0.510919 0.510607 0.51123 0.510995
815 0.51092 0.510608 0.511232 0.510997
816 0.510921 0.51061 0.511233 0.510998
816 0.510921 0.51061 0.511233 0.510998
817 0.510925 0.510613 0.511236 0.511
818 0.510926 0.510615 0.511238 0.511001
819 0.510924 0.510612 0.511236 0.511002
820 0.510924 0.510613 0.511236 0.511004
820 0.510924 0.510613 0.511236 0.511004
821 0.510924 0.510612 0.511235 0.511005
822 0.510926 0.510615 0.511238 0.511007
823 0.510928 0.510617 0.51124 0.511008
824 0.51093 0.510619 0.511242 0.51101
824 0.51093 0.510619 0.511242 0.51101
825 0.510931 0.510619 0.511242 0.511011
826 0.510931 0.51062 0.511243 0.511013
827 0.510934 0.510622 0.511246 0.511014
828 0.510938 0.510626 0.51125 0.511015
828 0.510938 0.510626 0.51125 0.511015
829 0.510938 0.510626 0.51125 0.511017
830 0.510937 0.510625 0.511249 0.511018
831 0.510936 0.510624 0.511248 0.51102
832 0.510938 0.510626 0.51125 0.511021
832 0.510938 0.510626 0.51125 0.511021
833 0.510939 0.510627 0.511251 0.511023
834 0.510937 0.510625 0.511249 0.511024
835 0.510939 0.510627 0.511251 0.511025
836 0.510944 0.510632 0.511256 0.511027
836 0.510944 0.510632 0.511256 0.511027
837 0.510945 0.510633 0.511257 0.511028
838 0.510947 0.510635 0.511259 0.51103
839 0.510949 0.510636 0.511261 0.511031
