//total_population estimated_relatedness lower_bound upper_bound relatedness
210 0.908863 0.908863 0.908863 0.908863
214 0.908855 0.908783 0.908926 0.908879
218 0.908926 0.908826 0.909026 0.908895
222 0.909005 0.908884 0.909126 0.90891
226 0.909025 0.908887 0.909162 0.908924
231 0.909072 0.908916 0.909227 0.908942
235 0.909095 0.908927 0.909262 0.908955
239 0.90911 0.90893 0.90929 0.908968
243 0.909111 0.908921 0.909302 0.908981
247 0.90914 0.90894 0.90934 0.908993
252 0.909121 0.90891 0.909331 0.909008
256 0.909112 0.908894 0.909329 0.909019
260 0.909119 0.908894 0.909345 0.90903
264 0.909145 0.908911 0.909378 0.90904
268 0.909132 0.908892 0.909372 0.909051
273 0.909175 0.908927 0.909423 0.909063
277 0.909164 0.908911 0.909418 0.909073
281 0.909167 0.908908 0.909427 0.909082
285 0.909185 0.90892 0.90945 0.909091
289 0.909272 0.909001 0.909542 0.9091
294 0.909254 0.908977 0.909531 0.909111
298 0.909266 0.908984 0.909547 0.909119
302 0.909303 0.909017 0.909589 0.909127
306 0.909323 0.909033 0.909614 0.909135
310 0.90931 0.909015 0.909604 0.909143
315 0.909347 0.909048 0.909647 0.909152
319 0.909368 0.909067 0.90967 0.909159
323 0.909394 0.909089 0.909699 0.909166
327 0.909405 0.909096 0.909714 0.909173
331 0.909425 0.909114 0.909737 0.90918
336 0.90946 0.909143 0.909776 0.909188
340 0.909502 0.909183 0.909821 0.909194
344 0.909525 0.909203 0.909846 0.909201
348 0.909547 0.909223 0.909871 0.909207
352 0.909544 0.909217 0.909871 0.909213
357 0.90947 0.909139 0.9098 0.90922
361 0.909452 0.909119 0.909785 0.909225
365 0.909451 0.909115 0.909786 0.909231
369 0.909463 0.909125 0.9098 0.909236
373 0.909474 0.909134 0.909814 0.909242
378 0.909503 0.909161 0.909845 0.909248
382 0.909519 0.909174 0.909864 0.909253
386 0.909489 0.909141 0.909836 0.909258
390 0.909506 0.909157 0.909855 0.909263
394 0.90949 0.909139 0.909841 0.909268
399 0.909448 0.909093 0.909802 0.909273
403 0.909469 0.909113 0.909825 0.909278
407 0.909464 0.909106 0.909822 0.909282
411 0.909476 0.909117 0.909836 0.909287
415 0.909452 0.909091 0.909814 0.909291
420 0.909435 0.909071 0.909799 0.909296
424 0.909426 0.909061 0.909792 0.9093
428 0.909427 0.909058 0.909795 0.909304
432 0.909448 0.909079 0.909818 0.909308
436 0.90944 0.909068 0.909811 0.909312
441 0.909442 0.90907 0.909815 0.909317
445 0.909427 0.909053 0.9098 0.90932
449 0.909418 0.909043 0.909794 0.909324
453 0.909453 0.909076 0.909831 0.909327
457 0.909494 0.909115 0.909872 0.909331
462 0.909522 0.909141 0.909902 0.909335
466 0.909532 0.909151 0.909913 0.909339
470 0.909547 0.909164 0.90993 0.909342
474 0.909548 0.909164 0.909932 0.909345
478 0.909526 0.909141 0.909911 0.909348
483 0.909585 0.909198 0.909972 0.909352
487 0.909592 0.909204 0.90998 0.909355
491 0.909592 0.909203 0.909981 0.909358
495 0.909547 0.909157 0.909938 0.909361
499 0.909546 0.909154 0.909937 0.909364
504 0.909569 0.909177 0.909962 0.909368
508 0.90955 0.909157 0.909944 0.909371
512 0.909542 0.909147 0.909938 0.909374
516 0.909549 0.909153 0.909946 0.909376
520 0.909548 0.90915 0.909946 0.909379
525 0.909572 0.909173 0.909971 0.909382
529 0.909563 0.909162 0.909963 0.909385
533 0.909529 0.909127 0.909931 0.909388
537 0.909523 0.90912 0.909926 0.90939
541 0.909532 0.909128 0.909935 0.909393
546 0.909545 0.90914 0.90995 0.909396
550 0.909543 0.909137 0.909948 0.909398
554 0.909527 0.909121 0.909934 0.9094
558 0.909532 0.909125 0.90994 0.909403
562 0.909533 0.909125 0.909941 0.909405
567 0.909536 0.909127 0.909944 0.909408
571 0.909536 0.909127 0.909946 0.90941
575 0.909542 0.909131 0.909953 0.909412
579 0.909551 0.90914 0.909962 0.909415
583 0.909547 0.909134 0.909959 0.909417
588 0.909559 0.909147 0.909972 0.909419
592 0.909551 0.909137 0.909965 0.909421
596 0.909564 0.909149 0.909978 0.909423
600 0.909561 0.909145 0.909976 0.909426
604 0.909587 0.909171 0.910002 0.909428
609 0.909573 0.909156 0.90999 0.90943
613 0.909588 0.909171 0.910006 0.909432
617 0.909575 0.909156 0.909993 0.909434
621 0.909586 0.909167 0.910005 0.909436
625 0.909603 0.909184 0.910023 0.909438
630 0.909601 0.909181 0.910022 0.90944
634 0.909612 0.90919 0.910033 0.909442
638 0.909593 0.909171 0.910015 0.909443
642 0.909594 0.909172 0.910016 0.909445
646 0.909589 0.909166 0.910012 0.909447
651 0.909594 0.909171 0.910018 0.909449
655 0.909595 0.909171 0.910019 0.909451
659 0.909604 0.90918 0.910028 0.909453
663 0.909611 0.909186 0.910035 0.909454
667 0.909623 0.909198 0.910048 0.909456
672 0.909654 0.909228 0.910079 0.909458
676 0.909653 0.909226 0.910079 0.909459
680 0.909651 0.909223 0.910078 0.909461
684 0.909668 0.909241 0.910096 0.909463
688 0.909665 0.909237 0.910093 0.909464
693 0.909678 0.90925 0.910107 0.909466
697 0.909668 0.909239 0.910097 0.909468
701 0.909659 0.90923 0.910089 0.909469
705 0.909659 0.909228 0.91009 0.90947
709 0.909652 0.90922 0.910083 0.909472
714 0.909667 0.909235 0.9101 0.909474
718 0.909646 0.909213 0.910079 0.909475
722 0.909645 0.909212 0.910079 0.909477
726 0.909659 0.909225 0.910093 0.909478
730 0.909661 0.909226 0.910095 0.909479
735 0.909651 0.909216 0.910086 0.909481
739 0.909661 0.909225 0.910096 0.909482
743 0.909675 0.909239 0.91011 0.909484
747 0.9097 0.909263 0.910136 0.909485
751 0.909694 0.909257 0.910131 0.909486
756 0.909699 0.909261 0.910136 0.909488
760 0.909712 0.909274 0.91015 0.909489
764 0.909708 0.90927 0.910147 0.90949
768 0.909699 0.90926 0.910138 0.909492
772 0.90969 0.909251 0.910129 0.909493
777 0.909705 0.909266 0.910145 0.909494
781 0.909725 0.909286 0.910165 0.909495
785 0.909731 0.90929 0.910171 0.909497
789 0.909746 0.909305 0.910187 0.909498
793 0.909733 0.909291 0.910174 0.909499
798 0.909767 0.909325 0.910209 0.9095
802 0.909771 0.909329 0.910214 0.909502
806 0.909769 0.909326 0.910212 0.909503
810 0.909767 0.909324 0.910211 0.909504
814 0.909777 0.909334 0.910221 0.909505
819 0.909787 0.909342 0.910232 0.909506
823 0.9098 0.909355 0.910245 0.909507
827 0.909808 0.909363 0.910252 0.909508
831 0.909804 0.909359 0.910249 0.909509
835 0.90979 0.909344 0.910235 0.90951
840 0.909784 0.909338 0.91023 0.909512
844 0.909793 0.909346 0.91024 0.909513
848 0.909792 0.909345 0.910239 0.909514
852 0.909791 0.909343 0.910238 0.909515
856 0.909793 0.909345 0.91024 0.909516
861 0.9098 0.909352 0.910248 0.909517
865 0.909813 0.909365 0.910261 0.909518
869 0.909807 0.909359 0.910256 0.909519
873 0.909808 0.909359 0.910257 0.90952
877 0.9098 0.909351 0.91025 0.909521
882 0.909798 0.909348 0.910248 0.909522
886 0.909802 0.909352 0.910252 0.909523
890 0.909792 0.909342 0.910242 0.909524
894 0.909794 0.909343 0.910244 0.909525
898 0.90978 0.909329 0.910231 0.909526
903 0.90978 0.909329 0.910231 0.909527
907 0.909762 0.90931 0.910214 0.909528
911 0.90976 0.909308 0.910212 0.909529
915 0.909752 0.909299 0.910204 0.909529
919 0.909743 0.90929 0.910196 0.90953
924 0.909726 0.909273 0.910179 0.909531
928 0.909733 0.90928 0.910187 0.909532
932 0.909732 0.909278 0.910186 0.909533
936 0.909733 0.909279 0.910187 0.909534
940 0.909738 0.909284 0.910193 0.909535
945 0.909743 0.909287 0.910198 0.909536
949 0.90975 0.909295 0.910206 0.909536
953 0.909748 0.909292 0.910204 0.909537
957 0.909757 0.909301 0.910213 0.909538
961 0.909768 0.909311 0.910224 0.909539
966 0.909761 0.909304 0.910217 0.90954
970 0.909744 0.909288 0.910201 0.909541
974 0.909739 0.909282 0.910197 0.909541
978 0.909738 0.909281 0.910195 0.909542
982 0.909744 0.909286 0.910202 0.909543
987 0.909753 0.909295 0.910211 0.909544
991 0.909762 0.909304 0.91022 0.909545
995 0.909759 0.909301 0.910218 0.909545
999 0.909767 0.909309 0.910226 0.909546
1003 0.909776 0.909317 0.910235 0.909547
1008 0.90976 0.909301 0.91022 0.909548
1012 0.909757 0.909297 0.910217 0.909548
1016 0.909749 0.909289 0.910209 0.909549
1020 0.909759 0.909298 0.910219 0.90955
1024 0.909755 0.909294 0.910216 0.90955
1029 0.909756 0.909295 0.910217 0.909551
1033 0.909766 0.909305 0.910227 0.909552
1037 0.909757 0.909296 0.910219 0.909553
1041 0.909763 0.909301 0.910224 0.909553
1045 0.909771 0.909309 0.910233 0.909554
1050 0.909767 0.909305 0.910228 0.909555
1054 0.909753 0.909291 0.910215 0.909555
1058 0.909757 0.909295 0.910219 0.909556
1062 0.90975 0.909288 0.910212 0.909557
1066 0.909744 0.909282 0.910207 0.909557
1071 0.909756 0.909294 0.910219 0.909558
1075 0.90974 0.909278 0.910203 0.909559
1079 0.909727 0.909264 0.91019 0.909559
1083 0.90973 0.909267 0.910193 0.90956
1087 0.909728 0.909265 0.910191 0.909561
1092 0.909734 0.909271 0.910198 0.909561
1096 0.909721 0.909257 0.910184 0.909562
1100 0.909714 0.90925 0.910178 0.909563
1104 0.909717 0.909253 0.910181 0.909563
1108 0.909721 0.909257 0.910185 0.909564
1113 0.909714 0.909249 0.910178 0.909565
1117 0.909715 0.90925 0.91018 0.909565
1121 0.909714 0.909249 0.910179 0.909566
1125 0.909711 0.909246 0.910176 0.909566
1129 0.90971 0.909244 0.910175 0.909567
1134 0.909711 0.909246 0.910177 0.909568
1138 0.909716 0.90925 0.910182 0.909568
1142 0.9097 0.909234 0.910166 0.909569
1146 0.9097 0.909234 0.910166 0.909569
1150 0.909706 0.90924 0.910172 0.90957
1155 0.909713 0.909247 0.910179 0.90957
1159 0.909723 0.909257 0.910189 0.909571
1163 0.909718 0.909252 0.910185 0.909572
1167 0.909728 0.909261 0.910194 0.909572
1171 0.909723 0.909256 0.91019 0.909573
1176 0.909717 0.909251 0.910184 0.909573
1180 0.909723 0.909256 0.91019 0.909574
1184 0.909722 0.909255 0.910189 0.909574
1188 0.909722 0.909254 0.91019 0.909575
1192 0.909722 0.909254 0.910191 0.909575
1197 0.909723 0.909254 0.910191 0.909576
1201 0.909712 0.909243 0.910181 0.909576
1205 0.909714 0.909246 0.910183 0.909577
1209 0.909708 0.909239 0.910177 0.909577
1213 0.909714 0.909245 0.910183 0.909578
1218 0.909726 0.909257 0.910196 0.909579
1222 0.909729 0.909259 0.910199 0.909579
1226 0.909727 0.909256 0.910197 0.90958
1230 0.90974 0.90927 0.91021 0.90958
1234 0.909738 0.909267 0.910208 0.90958
1239 0.909736 0.909265 0.910206 0.909581
1243 0.909729 0.909258 0.9102 0.909582
1247 0.909722 0.909251 0.910193 0.909582
1251 0.909718 0.909247 0.91019 0.909582
1255 0.909707 0.909236 0.910179 0.909583
1260 0.909712 0.90924 0.910184 0.909584
1264 0.909716 0.909244 0.910188 0.909584
1268 0.909703 0.909231 0.910175 0.909584
1272 0.909702 0.90923 0.910174 0.909585
1276 0.909703 0.909231 0.910176 0.909585
1281 0.909707 0.909234 0.910179 0.909586
1285 0.909712 0.90924 0.910185 0.909586
1289 0.909716 0.909243 0.910189 0.909587
1293 0.909711 0.909238 0.910184 0.909587
1297 0.909698 0.909225 0.910171 0.909588
1302 0.909691 0.909218 0.910165 0.909588
1306 0.909695 0.909221 0.910169 0.909589
1310 0.909704 0.90923 0.910178 0.909589
1314 0.909693 0.90922 0.910167 0.909589
1318 0.909702 0.909228 0.910176 0.90959
1323 0.909708 0.909234 0.910182 0.90959
1327 0.909708 0.909234 0.910182 0.909591
1331 0.909704 0.90923 0.910177 0.909591
1335 0.909709 0.909235 0.910183 0.909592
1339 0.909711 0.909237 0.910185 0.909592
1344 0.909711 0.909237 0.910185 0.909592
1348 0.90971 0.909236 0.910184 0.909593
1352 0.909713 0.909238 0.910187 0.909593
1356 0.909714 0.909239 0.910188 0.909594
1360 0.909728 0.909253 0.910203 0.909594
1365 0.909739 0.909265 0.910214 0.909595
1369 0.909744 0.909269 0.910218 0.909595
1373 0.909747 0.909272 0.910221 0.909595
1377 0.909752 0.909277 0.910227 0.909596
1381 0.909754 0.909279 0.910229 0.909596
1386 0.909755 0.90928 0.91023 0.909597
1390 0.909766 0.909291 0.910241 0.909597
1394 0.909771 0.909295 0.910246 0.909597
1398 0.909778 0.909303 0.910254 0.909598
1402 0.909778 0.909302 0.910254 0.909598
1407 0.909784 0.909308 0.91026 0.909599
1411 0.909778 0.909302 0.910254 0.909599
1415 0.909776 0.9093 0.910252 0.909599
1419 0.909776 0.9093 0.910252 0.9096
1423 0.909766 0.909291 0.910242 0.9096
1428 0.909767 0.909291 0.910243 0.9096
1432 0.909773 0.909297 0.91025 0.909601
1436 0.909776 0.9093 0.910253 0.909601
1440 0.909783 0.909306 0.910259 0.909601
1444 0.909785 0.909308 0.910262 0.909602
1449 0.90979 0.909313 0.910267 0.909602
1453 0.909799 0.909322 0.910276 0.909603
1457 0.909806 0.909329 0.910283 0.909603
1461 0.909804 0.909326 0.910281 0.909603
1465 0.90981 0.909333 0.910287 0.909604
1470 0.909817 0.90934 0.910295 0.909604
1474 0.909813 0.909335 0.910291 0.909604
1478 0.90981 0.909333 0.910288 0.909605
1482 0.909822 0.909344 0.9103 0.909605
1486 0.909826 0.909348 0.910304 0.909605
1491 0.909825 0.909347 0.910302 0.909606
1495 0.909826 0.909348 0.910304 0.909606
1499 0.909817 0.909339 0.910295 0.909606
1503 0.909812 0.909334 0.91029 0.909607
1507 0.909815 0.909336 0.910293 0.909607
1512 0.909824 0.909346 0.910303 0.909607
1516 0.909827 0.909348 0.910305 0.909608
1520 0.909826 0.909347 0.910305 0.909608
1524 0.909831 0.909352 0.910309 0.909608
1528 0.909826 0.909347 0.910304 0.909609
1533 0.909829 0.90935 0.910308 0.909609
1537 0.909831 0.909352 0.91031 0.909609
1541 0.909823 0.909344 0.910302 0.90961
1545 0.909824 0.909345 0.910304 0.90961
1549 0.909821 0.909342 0.9103 0.90961
1554 0.909812 0.909332 0.910291 0.909611
1558 0.90981 0.909331 0.91029 0.909611
1562 0.909801 0.909321 0.910281 0.909611
1566 0.909799 0.909319 0.910279 0.909612
1570 0.909802 0.909322 0.910282 0.909612
1575 0.909793 0.909313 0.910273 0.909612
1579 0.909786 0.909306 0.910266 0.909613
1583 0.909787 0.909307 0.910268 0.909613
1587 0.909784 0.909303 0.910264 0.909613
1591 0.909785 0.909305 0.910266 0.909613
1596 0.909786 0.909306 0.910267 0.909614
1600 0.909788 0.909307 0.910268 0.909614
1604 0.909792 0.909312 0.910273 0.909614
1608 0.909789 0.909308 0.910269 0.909615
1612 0.90979 0.909309 0.910271 0.909615
1617 0.909794 0.909313 0.910275 0.909615
1621 0.90979 0.909309 0.910271 0.909615
1625 0.909789 0.909308 0.91027 0.909616
1629 0.909791 0.90931 0.910272 0.909616
1633 0.909792 0.909311 0.910274 0.909616
1638 0.909777 0.909295 0.910259 0.909617
1642 0.909772 0.909291 0.910254 0.909617
1646 0.909776 0.909295 0.910258 0.909617
1650 0.909775 0.909293 0.910257 0.909617
1654 0.909774 0.909293 0.910256 0.909618
1659 0.909771 0.909289 0.910253 0.909618
1663 0.909773 0.909291 0.910255 0.909618
1667 0.909776 0.909294 0.910259 0.909619
1671 0.909773 0.909291 0.910256 0.909619
1675 0.909772 0.90929 0.910254 0.909619
1680 0.909769 0.909286 0.910251 0.909619
1684 0.909765 0.909282 0.910248 0.90962
1688 0.909765 0.909282 0.910247 0.90962
1692 0.909762 0.909279 0.910245 0.90962
1696 0.909764 0.909282 0.910247 0.90962
1701 0.909759 0.909276 0.910242 0.909621
1705 0.90976 0.909277 0.910243 0.909621
1709 0.90976 0.909277 0.910244 0.909621
1713 0.909757 0.909274 0.91024 0.909621
1717 0.909755 0.909272 0.910239 0.909622
1722 0.909747 0.909263 0.91023 0.909622
1726 0.909745 0.909261 0.910228 0.909622
1730 0.909745 0.909261 0.910228 0.909623
1734 0.909745 0.909261 0.910228 0.909623
1738 0.909743 0.90926 0.910227 0.909623
1743 0.90974 0.909256 0.910224 0.909623
1747 0.909745 0.909261 0.910229 0.909624
1751 0.909741 0.909256 0.910225 0.909624
1755 0.909744 0.90926 0.910229 0.909624
1759 0.909738 0.909254 0.910222 0.909624
1764 0.909747 0.909263 0.910231 0.909625
1768 0.909752 0.909268 0.910237 0.909625
1772 0.909753 0.909269 0.910237 0.909625
1776 0.909757 0.909273 0.910241 0.909625
1780 0.909758 0.909274 0.910243 0.909625
1785 0.909763 0.909278 0.910247 0.909626
1789 0.909759 0.909275 0.910244 0.909626
1793 0.90976 0.909275 0.910245 0.909626
1797 0.909758 0.909273 0.910242 0.909626
1801 0.909766 0.909281 0.91025 0.909627
1806 0.909774 0.909289 0.910258 0.909627
1810 0.909775 0.909291 0.91026 0.909627
1814 0.909778 0.909294 0.910263 0.909627
1818 0.909785 0.9093 0.910269 0.909628
1822 0.909785 0.9093 0.91027 0.909628
1827 0.909783 0.909298 0.910267 0.909628
1831 0.909773 0.909288 0.910258 0.909628
1835 0.909781 0.909296 0.910266 0.909628
1839 0.909785 0.9093 0.91027 0.909629
1843 0.909788 0.909303 0.910273 0.909629
1848 0.909784 0.909299 0.910269 0.909629
1852 0.909785 0.9093 0.91027 0.909629
1856 0.90978 0.909295 0.910265 0.90963
1860 0.909776 0.909291 0.910261 0.90963
1864 0.909782 0.909297 0.910268 0.90963
1869 0.909775 0.90929 0.910261 0.90963
1873 0.909773 0.909288 0.910259 0.90963
1877 0.909768 0.909283 0.910254 0.909631
1881 0.909767 0.909281 0.910253 0.909631
1885 0.909762 0.909276 0.910247 0.909631
1890 0.909762 0.909276 0.910248 0.909631
1894 0.909764 0.909278 0.91025 0.909632
1898 0.909761 0.909275 0.910247 0.909632
1902 0.909757 0.909271 0.910243 0.909632
1906 0.909752 0.909266 0.910239 0.909632
1911 0.909756 0.90927 0.910243 0.909632
1915 0.90976 0.909273 0.910247 0.909633
1919 0.909763 0.909277 0.91025 0.909633
1923 0.909766 0.909279 0.910253 0.909633
1927 0.909764 0.909278 0.910251 0.909633
1932 0.909755 0.909268 0.910242 0.909633
1936 0.909755 0.909268 0.910242 0.909634
1940 0.909755 0.909268 0.910242 0.909634
1944 0.909758 0.909271 0.910245 0.909634
1948 0.90976 0.909273 0.910247 0.909634
1953 0.90976 0.909272 0.910247 0.909634
1957 0.909757 0.90927 0.910245 0.909635
1961 0.909757 0.90927 0.910245 0.909635
1965 0.90975 0.909263 0.910238 0.909635
1969 0.909746 0.909259 0.910234 0.909635
1974 0.909742 0.909255 0.91023 0.909635
1978 0.909745 0.909257 0.910232 0.909636
1982 0.909744 0.909257 0.910232 0.909636
1986 0.909744 0.909257 0.910232 0.909636
1990 0.909745 0.909257 0.910233 0.909636
1995 0.909741 0.909253 0.910229 0.909636
1999 0.909733 0.909245 0.91022 0.909637
2003 0.909728 0.90924 0.910216 0.909637
2007 0.909729 0.909241 0.910217 0.909637
2011 0.909734 0.909246 0.910222 0.909637
2016 0.909733 0.909245 0.910221 0.909637
2020 0.909725 0.909237 0.910214 0.909638
2024 0.909725 0.909237 0.910214 0.909638
2028 0.909731 0.909242 0.910219 0.909638
2032 0.909729 0.909241 0.910218 0.909638
2037 0.90972 0.909232 0.910209 0.909638
2041 0.909722 0.909233 0.91021 0.909638
2045 0.909721 0.909233 0.910209 0.909639
2049 0.90972 0.909231 0.910208 0.909639
2053 0.90972 0.909231 0.910209 0.909639
2058 0.909727 0.909238 0.910215 0.909639
2062 0.90973 0.909242 0.910219 0.909639
2066 0.909726 0.909238 0.910215 0.909639
2070 0.90973 0.909242 0.910219 0.90964
2074 0.909732 0.909243 0.91022 0.90964
2079 0.90973 0.909241 0.910219 0.90964
2083 0.909733 0.909245 0.910222 0.90964
2087 0.909733 0.909244 0.910222 0.90964
2091 0.90973 0.90924 0.910219 0.909641
2095 0.909731 0.909242 0.910221 0.909641
2100 0.909732 0.909243 0.910221 0.909641
2104 0.909729 0.90924 0.910218 0.909641
2108 0.909737 0.909247 0.910226 0.909641
2112 0.909735 0.909246 0.910224 0.909641
2116 0.909737 0.909247 0.910226 0.909642
2121 0.90973 0.909241 0.910219 0.909642
2125 0.909723 0.909234 0.910212 0.909642
2129 0.909721 0.909232 0.910211 0.909642
2133 0.909715 0.909226 0.910204 0.909642
2137 0.909716 0.909227 0.910206 0.909642
2142 0.90972 0.90923 0.91021 0.909643
2146 0.90972 0.90923 0.910209 0.909643
2150 0.909719 0.90923 0.910209 0.909643
2154 0.909718 0.909229 0.910208 0.909643
2158 0.909721 0.909231 0.91021 0.909643
2163 0.909723 0.909233 0.910213 0.909643
2167 0.909727 0.909237 0.910217 0.909644
2171 0.909723 0.909233 0.910213 0.909644
2175 0.909723 0.909233 0.910213 0.909644
2179 0.909726 0.909236 0.910216 0.909644
2184 0.909729 0.909239 0.91022 0.909644
2188 0.909733 0.909243 0.910223 0.909644
2192 0.90973 0.90924 0.910221 0.909645
2196 0.909734 0.909244 0.910224 0.909645
2200 0.909741 0.90925 0.910231 0.909645
2205 0.909744 0.909254 0.910234 0.909645
2209 0.909749 0.909259 0.91024 0.909645
2213 0.909743 0.909253 0.910234 0.909645
2217 0.909738 0.909247 0.910228 0.909645
2221 0.909741 0.909251 0.910232 0.909646
2226 0.90974 0.90925 0.910231 0.909646
2230 0.909737 0.909246 0.910228 0.909646
2234 0.909739 0.909248 0.91023 0.909646
2238 0.909746 0.909255 0.910237 0.909646
2242 0.909746 0.909255 0.910237 0.909646
2247 0.909747 0.909256 0.910238 0.909647
2251 0.90975 0.90926 0.910241 0.909647
2255 0.909756 0.909265 0.910247 0.909647
2259 0.909759 0.909268 0.91025 0.909647
2263 0.909759 0.909268 0.91025 0.909647
2268 0.909748 0.909257 0.91024 0.909647
2272 0.909747 0.909256 0.910238 0.909647
2276 0.909742 0.909251 0.910233 0.909648
2280 0.909742 0.90925 0.910233 0.909648
2284 0.909743 0.909251 0.910234 0.909648
2289 0.909734 0.909243 0.910226 0.909648
2293 0.90973 0.909239 0.910222 0.909648
2297 0.909732 0.909241 0.910224 0.909648
2301 0.909735 0.909244 0.910227 0.909648
2305 0.909727 0.909236 0.910219 0.909649
2310 0.909724 0.909232 0.910216 0.909649
2314 0.909734 0.909242 0.910226 0.909649
2318 0.909739 0.909247 0.91023 0.909649
2322 0.909737 0.909245 0.910228 0.909649
2326 0.909735 0.909243 0.910227 0.909649
2331 0.909737 0.909246 0.910229 0.909649
2335 0.909734 0.909242 0.910225 0.90965
2339 0.909743 0.909251 0.910234 0.90965
2343 0.909738 0.909246 0.91023 0.90965
2347 0.909742 0.90925 0.910234 0.90965
2352 0.909743 0.909251 0.910235 0.90965
2356 0.909741 0.909249 0.910233 0.90965
2360 0.909746 0.909254 0.910238 0.90965
2364 0.909743 0.90925 0.910235 0.909651
2368 0.909742 0.90925 0.910235 0.909651
2373 0.909739 0.909247 0.910231 0.909651
2377 0.909736 0.909244 0.910229 0.909651
2381 0.909736 0.909244 0.910229 0.909651
2385 0.909738 0.909245 0.91023 0.909651
2389 0.909735 0.909243 0.910228 0.909651
2394 0.909739 0.909246 0.910231 0.909651
2398 0.90974 0.909248 0.910233 0.909652
2402 0.909736 0.909243 0.910228 0.909652
2406 0.909729 0.909236 0.910221 0.909652
2410 0.909725 0.909233 0.910218 0.909652
2415 0.909729 0.909236 0.910222 0.909652
2419 0.909731 0.909238 0.910224 0.909652
2423 0.909727 0.909234 0.91022 0.909652
2427 0.909726 0.909233 0.910219 0.909653
2431 0.909723 0.90923 0.910216 0.909653
2436 0.909727 0.909234 0.91022 0.909653
2440 0.909732 0.909239 0.910224 0.909653
2444 0.909729 0.909236 0.910222 0.909653
2448 0.90973 0.909237 0.910223 0.909653
2452 0.909729 0.909236 0.910222 0.909653
2457 0.909734 0.909241 0.910226 0.909653
2461 0.909736 0.909243 0.910229 0.909654
2465 0.909739 0.909246 0.910232 0.909654
2469 0.909741 0.909248 0.910234 0.909654
2473 0.909736 0.909244 0.910229 0.909654
2478 0.909735 0.909242 0.910228 0.909654
2482 0.909734 0.909241 0.910227 0.909654
2486 0.909737 0.909244 0.910231 0.909654
2490 0.909736 0.909243 0.910229 0.909654
2494 0.909737 0.909244 0.91023 0.909655
2499 0.909739 0.909246 0.910232 0.909655
2503 0.909737 0.909244 0.91023 0.909655
2507 0.90974 0.909247 0.910233 0.909655
2511 0.909736 0.909243 0.910229 0.909655
2515 0.909733 0.90924 0.910226 0.909655
2520 0.909731 0.909238 0.910225 0.909655
2524 0.909732 0.909239 0.910225 0.909655
2528 0.909733 0.90924 0.910226 0.909655
2532 0.909731 0.909238 0.910225 0.909656
2536 0.909725 0.909232 0.910219 0.909656
2541 0.909724 0.90923 0.910217 0.909656
2545 0.909726 0.909233 0.91022 0.909656
2549 0.909727 0.909234 0.910221 0.909656
2553 0.909729 0.909235 0.910223 0.909656
2557 0.909733 0.90924 0.910227 0.909656
2562 0.909736 0.909242 0.91023 0.909656
2566 0.909735 0.909241 0.910229 0.909657
2570 0.909733 0.90924 0.910227 0.909657
2574 0.909733 0.909239 0.910227 0.909657
2578 0.909733 0.90924 0.910227 0.909657
2583 0.909732 0.909238 0.910226 0.909657
2587 0.909733 0.909239 0.910227 0.909657
2591 0.909736 0.909242 0.91023 0.909657
2595 0.909739 0.909245 0.910233 0.909657
2599 0.909741 0.909247 0.910235 0.909657
2604 0.909746 0.909252 0.91024 0.909658
2608 0.909749 0.909255 0.910243 0.909658
2612 0.909748 0.909254 0.910242 0.909658
2616 0.90975 0.909256 0.910244 0.909658
2620 0.909752 0.909258 0.910246 0.909658
2625 0.909754 0.909259 0.910248 0.909658
2629 0.909753 0.909259 0.910247 0.909658
2633 0.90976 0.909266 0.910254 0.909658
2637 0.909762 0.909268 0.910256 0.909658
2641 0.90976 0.909265 0.910254 0.909659
2646 0.909756 0.909262 0.91025 0.909659
2650 0.909755 0.909261 0.91025 0.909659
2654 0.909756 0.909262 0.910251 0.909659
2658 0.909755 0.909261 0.91025 0.909659
2662 0.909755 0.90926 0.910249 0.909659
2667 0.909756 0.909262 0.910251 0.909659
2671 0.909761 0.909266 0.910256 0.909659
2675 0.909762 0.909267 0.910256 0.909659
2679 0.909763 0.909268 0.910257 0.90966
2683 0.90976 0.909265 0.910254 0.90966
2688 0.909762 0.909268 0.910257 0.90966
2692 0.909765 0.909271 0.91026 0.90966
2696 0.909767 0.909273 0.910262 0.90966
2700 0.909765 0.90927 0.910259 0.90966
2704 0.909764 0.909269 0.910259 0.90966
2709 0.90976 0.909266 0.910255 0.90966
2713 0.909759 0.909265 0.910254 0.90966
2717 0.909761 0.909266 0.910255 0.90966
2721 0.909765 0.90927 0.910259 0.909661
2725 0.909764 0.90927 0.910259 0.909661
2730 0.909766 0.909271 0.910261 0.909661
2734 0.909767 0.909272 0.910261 0.909661
2738 0.909772 0.909277 0.910266 0.909661
2742 0.909773 0.909278 0.910268 0.909661
2746 0.909778 0.909283 0.910273 0.909661
2751 0.90978 0.909285 0.910275 0.909661
2755 0.909779 0.909284 0.910274 0.909661
2759 0.909781 0.909286 0.910276 0.909661
2763 0.909779 0.909284 0.910274 0.909662
2767 0.909778 0.909283 0.910273 0.909662
2772 0.909778 0.909284 0.910273 0.909662
2776 0.909784 0.909289 0.910278 0.909662
2780 0.909782 0.909288 0.910277 0.909662
2784 0.909779 0.909284 0.910273 0.909662
2788 0.909777 0.909282 0.910272 0.909662
2793 0.909776 0.909281 0.910271 0.909662
2797 0.909776 0.909281 0.910271 0.909662
2801 0.909777 0.909282 0.910272 0.909662
2805 0.909777 0.909281 0.910272 0.909663
2809 0.90978 0.909285 0.910276 0.909663
2814 0.909783 0.909288 0.910279 0.909663
2818 0.909781 0.909286 0.910276 0.909663
2822 0.909782 0.909287 0.910278 0.909663
2826 0.90978 0.909285 0.910275 0.909663
2830 0.909781 0.909285 0.910276 0.909663
2835 0.909784 0.909288 0.910279 0.909663
2839 0.909784 0.909289 0.91028 0.909663
2843 0.909784 0.909289 0.91028 0.909663
2847 0.909789 0.909294 0.910284 0.909663
2851 0.90979 0.909295 0.910285 0.909664
2856 0.909789 0.909294 0.910284 0.909664
2860 0.909788 0.909293 0.910283 0.909664
2864 0.909788 0.909292 0.910283 0.909664
2868 0.909791 0.909296 0.910287 0.909664
2872 0.909787 0.909291 0.910282 0.909664
2877 0.909789 0.909293 0.910284 0.909664
2881 0.909789 0.909293 0.910285 0.909664
2885 0.909792 0.909296 0.910288 0.909664
2889 0.909789 0.909294 0.910285 0.909664
2893 0.909792 0.909296 0.910288 0.909664
2898 0.909792 0.909297 0.910288 0.909665
2902 0.909798 0.909303 0.910294 0.909665
2906 0.9098 0.909304 0.910296 0.909665
2910 0.909801 0.909305 0.910297 0.909665
2914 0.909805 0.909309 0.910301 0.909665
2919 0.909803 0.909307 0.910299 0.909665
2923 0.909802 0.909306 0.910298 0.909665
2927 0.909804 0.909308 0.9103 0.909665
2931 0.909805 0.909309 0.910301 0.909665
2935 0.909802 0.909306 0.910298 0.909665
2940 0.909802 0.909306 0.910298 0.909665
2944 0.909802 0.909306 0.910298 0.909666
2948 0.909798 0.909302 0.910294 0.909666
2952 0.909799 0.909303 0.910295 0.909666
2956 0.909802 0.909306 0.910298 0.909666
2961 0.909799 0.909303 0.910295 0.909666
2965 0.909805 0.909309 0.910302 0.909666
2969 0.909803 0.909307 0.9103 0.909666
2973 0.909803 0.909307 0.9103 0.909666
2977 0.909808 0.909312 0.910304 0.909666
2982 0.909808 0.909312 0.910304 0.909666
2986 0.909809 0.909313 0.910305 0.909666
2990 0.909808 0.909311 0.910304 0.909667
2994 0.909808 0.909311 0.910304 0.909667
2998 0.909805 0.909309 0.910301 0.909667
3003 0.909804 0.909308 0.9103 0.909667
3007 0.909804 0.909308 0.910301 0.909667
3011 0.909798 0.909302 0.910294 0.909667
3015 0.909798 0.909301 0.910294 0.909667
3019 0.909801 0.909305 0.910297 0.909667
3024 0.909797 0.909301 0.910293 0.909667
3028 0.909796 0.909299 0.910292 0.909667
3032 0.909797 0.9093 0.910293 0.909667
3036 0.909794 0.909298 0.910291 0.909667
3040 0.909792 0.909296 0.910289 0.909668
3045 0.909798 0.909301 0.910294 0.909668
3049 0.909801 0.909305 0.910297 0.909668
3053 0.909797 0.909301 0.910294 0.909668
3057 0.909799 0.909303 0.910296 0.909668
3061 0.909798 0.909302 0.910295 0.909668
3066 0.909801 0.909304 0.910297 0.909668
3070 0.909801 0.909305 0.910298 0.909668
3074 0.909801 0.909304 0.910297 0.909668
3078 0.9098 0.909303 0.910296 0.909668
3082 0.909795 0.909299 0.910292 0.909668
3087 0.909796 0.909299 0.910293 0.909668
3091 0.909794 0.909297 0.910291 0.909668
3095 0.909798 0.909302 0.910295 0.909669
3099 0.909798 0.909301 0.910295 0.909669
3103 0.909798 0.909301 0.910295 0.909669
3108 0.9098 0.909303 0.910297 0.909669
3112 0.909799 0.909302 0.910296 0.909669
3116 0.909796 0.909299 0.910293 0.909669
3120 0.909799 0.909302 0.910296 0.909669
3124 0.909799 0.909302 0.910296 0.909669
3129 0.909798 0.909301 0.910295 0.909669
3133 0.9098 0.909303 0.910297 0.909669
3137 0.9098 0.909302 0.910297 0.909669
3141 0.909799 0.909302 0.910296 0.909669
3145 0.909797 0.9093 0.910294 0.909669
3150 0.909799 0.909301 0.910296 0.90967
3154 0.909799 0.909301 0.910296 0.90967
3158 0.909796 0.909299 0.910293 0.90967
3162 0.909796 0.909299 0.910293 0.90967
3166 0.909795 0.909298 0.910292 0.90967
3171 0.909791 0.909294 0.910288 0.90967
3175 0.909793 0.909296 0.910291 0.90967
3179 0.909795 0.909298 0.910292 0.90967
3183 0.909796 0.909299 0.910293 0.90967
3187 0.909799 0.909302 0.910297 0.90967
3192 0.909797 0.9093 0.910295 0.90967
3196 0.9098 0.909303 0.910298 0.90967
3200 0.9098 0.909302 0.910297 0.90967
3204 0.9098 0.909302 0.910297 0.909671
3208 0.9098 0.909303 0.910298 0.909671
3213 0.909798 0.9093 0.910295 0.909671
3217 0.90979 0.909293 0.910288 0.909671
3221 0.909793 0.909296 0.910291 0.909671
3225 0.909791 0.909293 0.910289 0.909671
3229 0.909791 0.909294 0.910289 0.909671
3234 0.909787 0.909289 0.910285 0.909671
3238 0.909791 0.909293 0.910289 0.909671
3242 0.909798 0.9093 0.910295 0.909671
3246 0.9098 0.909302 0.910298 0.909671
3250 0.909799 0.909301 0.910297 0.909671
3255 0.909798 0.9093 0.910296 0.909671
3259 0.909794 0.909296 0.910292 0.909672
3263 0.909793 0.909295 0.910291 0.909672
3267 0.909797 0.909299 0.910295 0.909672
3271 0.909798 0.9093 0.910296 0.909672
3276 0.909796 0.909298 0.910294 0.909672
3280 0.909795 0.909297 0.910294 0.909672
3284 0.909791 0.909293 0.91029 0.909672
3288 0.909786 0.909288 0.910285 0.909672
3292 0.909785 0.909287 0.910284 0.909672
3297 0.909784 0.909285 0.910282 0.909672
3301 0.909785 0.909287 0.910283 0.909672
3305 0.909784 0.909286 0.910282 0.909672
3309 0.909784 0.909286 0.910282 0.909672
3313 0.909781 0.909283 0.91028 0.909672
3318 0.90978 0.909282 0.910278 0.909672
3322 0.909781 0.909283 0.91028 0.909673
3326 0.909781 0.909283 0.91028 0.909673
3330 0.909785 0.909286 0.910283 0.909673
3334 0.909783 0.909284 0.910281 0.909673
3339 0.909781 0.909283 0.91028 0.909673
3343 0.909782 0.909283 0.91028 0.909673
3347 0.909782 0.909283 0.91028 0.909673
3351 0.909776 0.909278 0.910274 0.909673
3355 0.909776 0.909278 0.910274 0.909673
3360 0.909777 0.909279 0.910276 0.909673
3364 0.909782 0.909283 0.91028 0.909673
3368 0.909785 0.909286 0.910283 0.909673
3372 0.909779 0.90928 0.910277 0.909673
3376 0.909776 0.909278 0.910275 0.909673
3381 0.909773 0.909274 0.910271 0.909674
3385 0.909771 0.909272 0.910269 0.909674
3389 0.909769 0.90927 0.910267 0.909674
3393 0.909768 0.909269 0.910267 0.909674
3397 0.909771 0.909272 0.910269 0.909674
3402 0.909769 0.909271 0.910268 0.909674
3406 0.90977 0.909272 0.910269 0.909674
3410 0.90977 0.909272 0.910269 0.909674
3414 0.90977 0.909271 0.910268 0.909674
3418 0.909769 0.909271 0.910268 0.909674
3423 0.90977 0.909271 0.910268 0.909674
3427 0.909768 0.90927 0.910267 0.909674
3431 0.909769 0.909271 0.910268 0.909674
3435 0.909772 0.909273 0.910271 0.909674
3439 0.909769 0.90927 0.910268 0.909674
3444 0.909767 0.909269 0.910266 0.909674
3448 0.909768 0.909269 0.910267 0.909675
3452 0.909764 0.909265 0.910263 0.909675
3456 0.909765 0.909266 0.910264 0.909675
3460 0.909765 0.909266 0.910264 0.909675
3465 0.909765 0.909266 0.910264 0.909675
3469 0.909767 0.909268 0.910266 0.909675
3473 0.909765 0.909266 0.910264 0.909675
3477 0.909763 0.909264 0.910262 0.909675
3481 0.909766 0.909267 0.910265 0.909675
3486 0.909764 0.909265 0.910263 0.909675
3490 0.909766 0.909267 0.910265 0.909675
3494 0.909765 0.909266 0.910264 0.909675
3498 0.909766 0.909267 0.910265 0.909675
3502 0.909765 0.909266 0.910264 0.909675
3507 0.909768 0.909268 0.910267 0.909675
3511 0.909766 0.909266 0.910265 0.909675
3515 0.909764 0.909264 0.910263 0.909676
3519 0.909761 0.909262 0.910261 0.909676
3523 0.909759 0.90926 0.910258 0.909676
3528 0.909761 0.909262 0.91026 0.909676
3532 0.90976 0.90926 0.910259 0.909676
3536 0.909759 0.90926 0.910259 0.909676
3540 0.909757 0.909258 0.910257 0.909676
3544 0.90976 0.909261 0.910259 0.909676
3549 0.909763 0.909263 0.910262 0.909676
3553 0.90976 0.909261 0.910259 0.909676
3557 0.909759 0.90926 0.910259 0.909676
3561 0.909761 0.909261 0.91026 0.909676
3565 0.909762 0.909263 0.910262 0.909676
3570 0.909762 0.909262 0.910261 0.909676
3574 0.909763 0.909263 0.910262 0.909676
3578 0.909764 0.909265 0.910264 0.909676
3582 0.909763 0.909263 0.910262 0.909677
3586 0.909762 0.909262 0.910262 0.909677
3591 0.909762 0.909262 0.910261 0.909677
3595 0.909763 0.909263 0.910262 0.909677
3599 0.909761 0.909262 0.910261 0.909677
3603 0.909766 0.909266 0.910265 0.909677
3607 0.909763 0.909264 0.910263 0.909677
3612 0.909761 0.909261 0.910261 0.909677
3616 0.909762 0.909263 0.910262 0.909677
3620 0.909766 0.909266 0.910265 0.909677
3624 0.909766 0.909266 0.910265 0.909677
3628 0.909766 0.909267 0.910266 0.909677
3633 0.909771 0.909271 0.910271 0.909677
3637 0.909772 0.909272 0.910272 0.909677
3641 0.909772 0.909272 0.910271 0.909677
3645 0.909773 0.909273 0.910273 0.909677
3649 0.909772 0.909272 0.910272 0.909677
3654 0.909772 0.909273 0.910272 0.909677
3658 0.909771 0.909271 0.910271 0.909678
3662 0.909772 0.909272 0.910272 0.909678
3666 0.909775 0.909275 0.910275 0.909678
3670 0.909774 0.909274 0.910274 0.909678
3675 0.909777 0.909277 0.910277 0.909678
3679 0.909777 0.909278 0.910277 0.909678
3683 0.909776 0.909276 0.910276 0.909678
3687 0.909773 0.909273 0.910273 0.909678
3691 0.909775 0.909275 0.910275 0.909678
3696 0.909775 0.909275 0.910275 0.909678
3700 0.909773 0.909273 0.910273 0.909678
3704 0.909775 0.909275 0.910275 0.909678
3708 0.909773 0.909274 0.910273 0.909678
3712 0.909773 0.909273 0.910273 0.909678
3717 0.909771 0.909271 0.910271 0.909678
3721 0.909773 0.909273 0.910273 0.909678
3725 0.909777 0.909277 0.910277 0.909678
3729 0.909775 0.909275 0.910275 0.909678
3733 0.909775 0.909275 0.910275 0.909679
3738 0.909777 0.909277 0.910277 0.909679
3742 0.909777 0.909277 0.910277 0.909679
3746 0.90978 0.90928 0.91028 0.909679
3750 0.909777 0.909277 0.910278 0.909679
3754 0.909779 0.909278 0.910279 0.909679
3759 0.909779 0.909278 0.910279 0.909679
3763 0.909776 0.909275 0.910276 0.909679
3767 0.909777 0.909277 0.910278 0.909679
3771 0.909779 0.909279 0.91028 0.909679
3775 0.909779 0.909278 0.910279 0.909679
3780 0.909777 0.909277 0.910277 0.909679
3784 0.909769 0.909268 0.910269 0.909679
3788 0.909767 0.909266 0.910267 0.909679
3792 0.909763 0.909263 0.910264 0.909679
3796 0.909766 0.909266 0.910267 0.909679
3801 0.909767 0.909267 0.910268 0.909679
3805 0.909765 0.909264 0.910266 0.909679
3809 0.90976 0.90926 0.910261 0.90968
3813 0.909761 0.90926 0.910261 0.90968
3817 0.909761 0.909261 0.910262 0.90968
3822 0.909758 0.909258 0.910259 0.90968
3826 0.909758 0.909258 0.910259 0.90968
3830 0.909756 0.909255 0.910257 0.90968
3834 0.909757 0.909256 0.910258 0.90968
3838 0.909756 0.909255 0.910257 0.90968
3843 0.909756 0.909255 0.910257 0.90968
3847 0.909756 0.909255 0.910257 0.90968
3851 0.909757 0.909256 0.910258 0.90968
3855 0.909757 0.909257 0.910258 0.90968
3859 0.909757 0.909256 0.910258 0.90968
3864 0.909756 0.909255 0.910257 0.90968
3868 0.909756 0.909255 0.910257 0.90968
3872 0.909755 0.909255 0.910256 0.90968
3876 0.909754 0.909254 0.910255 0.90968
3880 0.909755 0.909254 0.910256 0.90968
3885 0.909754 0.909253 0.910255 0.90968
3889 0.909758 0.909257 0.910258 0.90968
3893 0.909755 0.909254 0.910256 0.909681
3897 0.909752 0.909251 0.910253 0.909681
3901 0.909756 0.909255 0.910257 0.909681
3906 0.909753 0.909252 0.910254 0.909681
3910 0.909753 0.909252 0.910254 0.909681
3914 0.909754 0.909253 0.910255 0.909681
3918 0.909754 0.909253 0.910255 0.909681
3922 0.909753 0.909252 0.910254 0.909681
3927 0.909751 0.90925 0.910252 0.909681
3931 0.909754 0.909253 0.910255 0.909681
3935 0.909757 0.909256 0.910258 0.909681
3939 0.909757 0.909256 0.910258 0.909681
3943 0.909756 0.909255 0.910257 0.909681
3948 0.909757 0.909256 0.910258 0.909681
3952 0.909756 0.909255 0.910257 0.909681
3956 0.909753 0.909252 0.910254 0.909681
3960 0.909755 0.909254 0.910256 0.909681
3964 0.909754 0.909253 0.910255 0.909681
3969 0.909755 0.909253 0.910256 0.909681
3973 0.909754 0.909253 0.910256 0.909681
3977 0.90975 0.909249 0.910251 0.909682
3981 0.90975 0.909249 0.910252 0.909682
3985 0.909747 0.909245 0.910248 0.909682
3990 0.909744 0.909243 0.910246 0.909682
3994 0.909746 0.909245 0.910247 0.909682
3998 0.909745 0.909244 0.910247 0.909682
4002 0.909748 0.909246 0.910249 0.909682
4006 0.909748 0.909247 0.910249 0.909682
4011 0.909746 0.909245 0.910248 0.909682
4015 0.909747 0.909246 0.910248 0.909682
4019 0.90975 0.909249 0.910251 0.909682
4023 0.90975 0.909249 0.910251 0.909682
4027 0.909751 0.90925 0.910252 0.909682
4032 0.909751 0.90925 0.910253 0.909682
4036 0.90975 0.909249 0.910252 0.909682
4040 0.909752 0.909251 0.910253 0.909682
4044 0.909757 0.909255 0.910258 0.909682
4048 0.909755 0.909253 0.910256 0.909682
4053 0.909757 0.909256 0.910259 0.909682
4057 0.909758 0.909257 0.91026 0.909682
4061 0.90976 0.909258 0.910261 0.909682
4065 0.90976 0.909258 0.910261 0.909682
4069 0.909759 0.909257 0.91026 0.909683
4074 0.909757 0.909256 0.910259 0.909683
4078 0.909758 0.909257 0.91026 0.909683
4082 0.909757 0.909256 0.910259 0.909683
4086 0.909754 0.909253 0.910256 0.909683
4090 0.909754 0.909253 0.910256 0.909683
4095 0.909757 0.909256 0.910259 0.909683
4099 0.909758 0.909256 0.910259 0.909683
4103 0.909759 0.909257 0.91026 0.909683
4107 0.909756 0.909255 0.910257 0.909683
4111 0.909756 0.909254 0.910257 0.909683
4116 0.90976 0.909258 0.910261 0.909683
4120 0.909759 0.909257 0.91026 0.909683
4124 0.909759 0.909258 0.910261 0.909683
4128 0.909762 0.909261 0.910264 0.909683
4132 0.909761 0.909259 0.910262 0.909683
4137 0.909762 0.909261 0.910264 0.909683
4141 0.909764 0.909263 0.910265 0.909683
4145 0.90976 0.909259 0.910262 0.909683
4149 0.909757 0.909256 0.910259 0.909683
4153 0.909758 0.909256 0.910259 0.909683
4158 0.909758 0.909257 0.91026 0.909683
4162 0.909759 0.909257 0.91026 0.909684
4166 0.909762 0.90926 0.910264 0.909684
4170 0.909765 0.909264 0.910267 0.909684
4174 0.909763 0.909261 0.910265 0.909684
4179 0.909763 0.909261 0.910265 0.909684
4183 0.909759 0.909257 0.91026 0.909684
4187 0.909759 0.909257 0.910261 0.909684
4191 0.909759 0.909257 0.910261 0.909684
4195 0.909759 0.909257 0.910261 0.909684
4200 0.909757 0.909255 0.910259 0.909684
4204 0.909758 0.909257 0.91026 0.909684
4208 0.909759 0.909257 0.91026 0.909684
4212 0.909758 0.909256 0.91026 0.909684
4216 0.909757 0.909255 0.910259 0.909684
4221 0.90976 0.909258 0.910262 0.909684
4225 0.90976 0.909258 0.910262 0.909684
4229 0.909761 0.90926 0.910263 0.909684
4233 0.909761 0.909259 0.910263 0.909684
4237 0.909759 0.909257 0.910261 0.909684
4242 0.909761 0.909259 0.910263 0.909684
4246 0.909761 0.909259 0.910263 0.909684
4250 0.909763 0.909261 0.910264 0.909684
4254 0.90976 0.909259 0.910262 0.909684
4258 0.909762 0.90926 0.910263 0.909685
4263 0.909762 0.90926 0.910264 0.909685
4267 0.909763 0.909262 0.910265 0.909685
4271 0.909762 0.90926 0.910264 0.909685
4275 0.909762 0.90926 0.910264 0.909685
4279 0.909762 0.90926 0.910264 0.909685
4284 0.909764 0.909262 0.910266 0.909685
4288 0.909766 0.909264 0.910268 0.909685
4292 0.909766 0.909264 0.910268 0.909685
4296 0.90977 0.909268 0.910272 0.909685
4300 0.909775 0.909273 0.910277 0.909685
4305 0.909774 0.909272 0.910276 0.909685
4309 0.909773 0.909271 0.910275 0.909685
4313 0.909773 0.909271 0.910275 0.909685
4317 0.909774 0.909272 0.910276 0.909685
4321 0.909774 0.909272 0.910276 0.909685
4326 0.909774 0.909272 0.910276 0.909685
4330 0.909774 0.909272 0.910276 0.909685
4334 0.909773 0.909271 0.910275 0.909685
4338 0.909775 0.909273 0.910277 0.909685
4342 0.909774 0.909272 0.910276 0.909685
4347 0.909771 0.909269 0.910274 0.909685
4351 0.909773 0.90927 0.910275 0.909685
4355 0.909779 0.909276 0.910281 0.909685
4359 0.909778 0.909276 0.910281 0.909685
4363 0.909779 0.909277 0.910282 0.909686
4368 0.90978 0.909278 0.910282 0.909686
4372 0.909778 0.909275 0.91028 0.909686
4376 0.90978 0.909278 0.910282 0.909686
4380 0.909782 0.90928 0.910285 0.909686
4384 0.909785 0.909283 0.910287 0.909686
4389 0.909787 0.909285 0.910289 0.909686
4393 0.909789 0.909287 0.910292 0.909686
4397 0.90979 0.909287 0.910292 0.909686
4401 0.909789 0.909287 0.910292 0.909686
4405 0.90979 0.909287 0.910292 0.909686
