//total_population estimated_relatedness lower_bound upper_bound relatedness
60 0.491525 0.491525 0.491525 0.491525
61 0.491803 0.491803 0.491803 0.491803
62 0.492074 0.492068 0.492079 0.492072
63 0.492335 0.492326 0.492344 0.492332
64 0.49259 0.492578 0.492602 0.492584
66 0.493061 0.493043 0.49308 0.493064
67 0.493286 0.493264 0.493308 0.493294
68 0.49351 0.493486 0.493535 0.493516
69 0.49373 0.493702 0.493758 0.493732
70 0.493934 0.493904 0.493965 0.493942
72 0.494341 0.494305 0.494377 0.494343
73 0.49452 0.494481 0.494558 0.494536
74 0.4947 0.494659 0.494741 0.494723
75 0.494877 0.494833 0.49492 0.494905
76 0.495055 0.495009 0.495101 0.495082
78 0.495402 0.495352 0.495453 0.495423
79 0.495567 0.495515 0.495619 0.495586
80 0.495735 0.49568 0.495789 0.495746
81 0.495889 0.495832 0.495945 0.495902
82 0.496046 0.495987 0.496104 0.496053
84 0.496331 0.496269 0.496392 0.496346
85 0.496456 0.496392 0.496519 0.496487
86 0.496596 0.496531 0.496661 0.496625
87 0.496728 0.49666 0.496795 0.496759
88 0.496863 0.496794 0.496933 0.496891
90 0.497105 0.497033 0.497178 0.497145
91 0.497243 0.497169 0.497318 0.497268
92 0.497371 0.497295 0.497447 0.497388
93 0.497477 0.4974 0.497555 0.497505
94 0.497587 0.497508 0.497667 0.49762
96 0.497805 0.497723 0.497887 0.497843
97 0.497916 0.497832 0.497999 0.497951
98 0.498021 0.497936 0.498106 0.498056
99 0.498123 0.498037 0.49821 0.49816
100 0.498226 0.498138 0.498314 0.498261
102 0.498429 0.498338 0.49852 0.498458
103 0.498519 0.498427 0.498611 0.498554
104 0.498619 0.498525 0.498712 0.498647
105 0.498717 0.498622 0.498812 0.498739
106 0.498814 0.498717 0.498911 0.498829
108 0.498997 0.498898 0.499096 0.499004
109 0.499077 0.498977 0.499177 0.499089
110 0.499154 0.499053 0.499255 0.499173
111 0.499232 0.49913 0.499333 0.499255
112 0.499305 0.499202 0.499408 0.499335
114 0.499451 0.499347 0.499556 0.499492
115 0.499531 0.499425 0.499636 0.499569
116 0.499614 0.499507 0.499721 0.499644
117 0.49968 0.499572 0.499787 0.499717
118 0.499757 0.499648 0.499866 0.49979
120 0.499899 0.499789 0.50001 0.499931
121 0.499973 0.499862 0.500085 0.5
122 0.500045 0.499933 0.500158 0.500068
123 0.500105 0.499991 0.500218 0.500134
124 0.50017 0.500055 0.500284 0.5002
126 0.500295 0.500179 0.50041 0.500328
127 0.500353 0.500236 0.500469 0.50039
128 0.500429 0.500312 0.500547 0.500452
129 0.50049 0.500372 0.500609 0.500512
130 0.500554 0.500435 0.500674 0.500572
132 0.500675 0.500554 0.500797 0.500688
133 0.500723 0.500601 0.500845 0.500745
134 0.500773 0.500651 0.500896 0.500801
135 0.500827 0.500704 0.500951 0.500856
136 0.500875 0.500751 0.500999 0.500911
138 0.500989 0.500863 0.501115 0.501017
139 0.501045 0.500919 0.501171 0.501069
140 0.501098 0.500971 0.501225 0.50112
141 0.501149 0.501022 0.501276 0.501171
142 0.501193 0.501065 0.501321 0.501221
144 0.501286 0.501158 0.501414 0.501318
145 0.501327 0.501199 0.501456 0.501366
146 0.501368 0.501239 0.501497 0.501413
147 0.501409 0.501279 0.501539 0.50146
148 0.501459 0.501328 0.501589 0.501506
150 0.501557 0.501425 0.501688 0.501595
151 0.501605 0.501472 0.501737 0.501639
152 0.501644 0.501511 0.501777 0.501683
153 0.501684 0.501551 0.501817 0.501726
154 0.501735 0.501601 0.501869 0.501768
156 0.501807 0.501673 0.501942 0.501851
157 0.501851 0.501717 0.501986 0.501892
158 0.501894 0.501759 0.502029 0.501932
159 0.501932 0.501796 0.502067 0.501971
160 0.50197 0.501834 0.502106 0.502011
162 0.502048 0.501911 0.502184 0.502087
163 0.502069 0.501932 0.502206 0.502125
164 0.502108 0.50197 0.502246 0.502162
165 0.502145 0.502006 0.502283 0.502199
166 0.502188 0.502049 0.502327 0.502235
168 0.502256 0.502115 0.502396 0.502307
169 0.502298 0.502157 0.502439 0.502342
170 0.502338 0.502196 0.50248 0.502377
171 0.502372 0.50223 0.502514 0.502411
172 0.502399 0.502257 0.502541 0.502445
174 0.502468 0.502324 0.502611 0.502511
175 0.502499 0.502355 0.502642 0.502544
176 0.502529 0.502385 0.502673 0.502576
177 0.502552 0.502408 0.502696 0.502608
178 0.502583 0.502439 0.502728 0.50264
180 0.502649 0.502503 0.502795 0.502702
181 0.502686 0.50254 0.502833 0.502732
182 0.502709 0.502562 0.502856 0.502762
183 0.502737 0.50259 0.502885 0.502792
184 0.502768 0.50262 0.502915 0.502822
186 0.502824 0.502676 0.502973 0.50288
187 0.502854 0.502706 0.503003 0.502909
188 0.502878 0.502729 0.503028 0.502937
189 0.502904 0.502755 0.503054 0.502965
190 0.502927 0.502777 0.503077 0.502992
192 0.502976 0.502825 0.503127 0.503047
193 0.502996 0.502845 0.503148 0.503074
194 0.503027 0.502875 0.50318 0.5031
195 0.503047 0.502895 0.503199 0.503127
196 0.503065 0.502913 0.503217 0.503153
198 0.503126 0.502973 0.503279 0.503204
199 0.503168 0.503014 0.503321 0.503229
200 0.503192 0.503038 0.503345 0.503254
201 0.503219 0.503064 0.503373 0.503279
202 0.503241 0.503086 0.503396 0.503303
204 0.503274 0.503119 0.503429 0.503351
205 0.503295 0.50314 0.503451 0.503375
206 0.50333 0.503175 0.503486 0.503399
207 0.503355 0.503199 0.503512 0.503422
208 0.503387 0.50323 0.503544 0.503445
210 0.503442 0.503285 0.5036 0.50349
211 0.503468 0.50331 0.503626 0.503513
212 0.503494 0.503336 0.503652 0.503535
213 0.503523 0.503365 0.503682 0.503557
214 0.503552 0.503393 0.503711 0.503579
216 0.503601 0.503441 0.503761 0.503622
217 0.503626 0.503466 0.503786 0.503643
218 0.503649 0.503489 0.503809 0.503664
219 0.503674 0.503514 0.503835 0.503685
220 0.503688 0.503528 0.503849 0.503705
222 0.503714 0.503553 0.503875 0.503746
223 0.503733 0.503572 0.503893 0.503766
224 0.503754 0.503594 0.503915 0.503786
225 0.503773 0.503612 0.503934 0.503806
226 0.503799 0.503638 0.503961 0.503825
228 0.503834 0.503672 0.503996 0.503864
229 0.503851 0.503689 0.504013 0.503883
230 0.503862 0.5037 0.504025 0.503901
231 0.503883 0.503721 0.504046 0.50392
232 0.503901 0.503738 0.504064 0.503939
234 0.503932 0.503769 0.504095 0.503975
235 0.503943 0.50378 0.504106 0.503993
236 0.503952 0.503789 0.504115 0.504011
237 0.503972 0.503809 0.504135 0.504029
238 0.50399 0.503826 0.504153 0.504046
240 0.504022 0.503858 0.504186 0.504081
241 0.50404 0.503876 0.504204 0.504098
242 0.504062 0.503898 0.504227 0.504115
243 0.504076 0.503912 0.504241 0.504132
244 0.504088 0.503923 0.504252 0.504149
246 0.504121 0.503956 0.504286 0.504182
247 0.504129 0.503964 0.504294 0.504198
248 0.504133 0.503968 0.504298 0.504215
249 0.504142 0.503977 0.504307 0.504231
250 0.504158 0.503993 0.504323 0.504246
252 0.504196 0.504031 0.504362 0.504278
253 0.504205 0.504039 0.50437 0.504294
254 0.504223 0.504057 0.504389 0.504309
255 0.504242 0.504076 0.504408 0.504324
256 0.504256 0.50409 0.504422 0.504339
258 0.504275 0.504109 0.504441 0.504369
259 0.504294 0.504127 0.50446 0.504384
260 0.504307 0.50414 0.504473 0.504399
261 0.50433 0.504163 0.504497 0.504414
262 0.504357 0.50419 0.504525 0.504428
264 0.504386 0.504218 0.504553 0.504457
265 0.504402 0.504234 0.50457 0.504471
266 0.504411 0.504243 0.504579 0.504485
267 0.504426 0.504258 0.504594 0.504499
268 0.504438 0.504269 0.504606 0.504513
270 0.504471 0.504302 0.504639 0.50454
271 0.504484 0.504315 0.504653 0.504554
272 0.504494 0.504325 0.504663 0.504567
273 0.504499 0.50433 0.504669 0.504581
274 0.504514 0.504344 0.504683 0.504594
276 0.504541 0.504372 0.504711 0.50462
277 0.50455 0.50438 0.50472 0.504633
278 0.50457 0.5044 0.50474 0.504646
279 0.504579 0.504409 0.50475 0.504659
280 0.504593 0.504422 0.504763 0.504671
282 0.504614 0.504443 0.504785 0.504696
283 0.504621 0.50445 0.504791 0.504709
284 0.50463 0.50446 0.504801 0.504721
285 0.504642 0.504471 0.504813 0.504733
286 0.504657 0.504486 0.504828 0.504745
288 0.504678 0.504506 0.504849 0.50477
289 0.50469 0.504518 0.504861 0.504781
290 0.504693 0.504521 0.504865 0.504793
291 0.504701 0.504529 0.504873 0.504805
292 0.504709 0.504536 0.504881 0.504817
294 0.504736 0.504564 0.504909 0.50484
295 0.504747 0.504574 0.50492 0.504851
296 0.504754 0.504581 0.504927 0.504862
297 0.504768 0.504595 0.504941 0.504874
298 0.504784 0.50461 0.504957 0.504885
300 0.504804 0.50463 0.504978 0.504907
301 0.504815 0.504641 0.504989 0.504918
302 0.504828 0.504654 0.505002 0.504929
303 0.504844 0.504669 0.505018 0.50494
304 0.504855 0.504681 0.50503 0.50495
306 0.504874 0.504699 0.505048 0.504972
307 0.504887 0.504712 0.505062 0.504982
308 0.504893 0.504718 0.505067 0.504993
309 0.504906 0.504731 0.50508 0.505003
310 0.504919 0.504744 0.505094 0.505014
312 0.504945 0.50477 0.505121 0.505034
313 0.504957 0.504782 0.505133 0.505044
314 0.504969 0.504793 0.505145 0.505054
315 0.504982 0.504805 0.505158 0.505064
316 0.504995 0.504819 0.505171 0.505074
318 0.505018 0.504842 0.505194 0.505094
319 0.505024 0.504847 0.5052 0.505104
320 0.505032 0.504856 0.505209 0.505113
321 0.505044 0.504867 0.505221 0.505123
322 0.505055 0.504878 0.505232 0.505133
324 0.505077 0.5049 0.505254 0.505151
325 0.505086 0.504909 0.505263 0.505161
326 0.505094 0.504917 0.505271 0.50517
327 0.505106 0.504929 0.505284 0.50518
328 0.505112 0.504934 0.505289 0.505189
330 0.505125 0.504947 0.505303 0.505207
331 0.505138 0.50496 0.505316 0.505216
332 0.50515 0.504971 0.505328 0.505225
333 0.50516 0.504981 0.505339 0.505234
334 0.505164 0.504986 0.505343 0.505243
336 0.505183 0.505003 0.505362 0.505261
337 0.505196 0.505016 0.505375 0.505269
338 0.505207 0.505027 0.505387 0.505278
339 0.505213 0.505033 0.505392 0.505287
340 0.505222 0.505042 0.505402 0.505295
342 0.505244 0.505063 0.505425 0.505312
343 0.505256 0.505075 0.505436 0.505321
344 0.505258 0.505077 0.505438 0.505329
345 0.505263 0.505082 0.505443 0.505337
346 0.505267 0.505087 0.505448 0.505346
348 0.505291 0.50511 0.505472 0.505362
349 0.505296 0.505114 0.505477 0.50537
350 0.505304 0.505122 0.505485 0.505378
351 0.505311 0.50513 0.505492 0.505386
352 0.505323 0.505141 0.505504 0.505394
354 0.505349 0.505167 0.505531 0.50541
355 0.505356 0.505174 0.505538 0.505418
356 0.505359 0.505177 0.505541 0.505426
357 0.505366 0.505184 0.505547 0.505434
358 0.505382 0.5052 0.505564 0.505442
360 0.505399 0.505217 0.505582 0.505457
361 0.505404 0.505222 0.505587 0.505464
362 0.505412 0.505229 0.505595 0.505472
363 0.50542 0.505237 0.505603 0.50548
364 0.505428 0.505245 0.505611 0.505487
366 0.505445 0.505261 0.505628 0.505502
367 0.505451 0.505267 0.505635 0.505509
368 0.505458 0.505275 0.505642 0.505517
369 0.50546 0.505276 0.505644 0.505524
370 0.505468 0.505284 0.505652 0.505531
372 0.505478 0.505294 0.505662 0.505545
373 0.50549 0.505306 0.505674 0.505553
374 0.505498 0.505314 0.505683 0.50556
375 0.505503 0.505318 0.505687 0.505567
376 0.505514 0.50533 0.505699 0.505574
378 0.505536 0.505351 0.505721 0.505588
379 0.505543 0.505357 0.505728 0.505595
380 0.505551 0.505365 0.505736 0.505601
381 0.505564 0.505379 0.50575 0.505608
382 0.505574 0.505388 0.50576 0.505615
384 0.505588 0.505402 0.505773 0.505629
385 0.505597 0.505411 0.505783 0.505635
386 0.505598 0.505412 0.505784 0.505642
387 0.505601 0.505415 0.505788 0.505649
388 0.505605 0.505419 0.505791 0.505655
390 0.505612 0.505426 0.505798 0.505668
391 0.505623 0.505436 0.505809 0.505675
392 0.505634 0.505448 0.505821 0.505681
393 0.505642 0.505456 0.505829 0.505688
394 0.505649 0.505462 0.505835 0.505694
396 0.505656 0.505469 0.505842 0.505707
397 0.50566 0.505473 0.505846 0.505713
398 0.50567 0.505483 0.505856 0.505719
399 0.505675 0.505489 0.505862 0.505725
400 0.505683 0.505496 0.50587 0.505732
402 0.5057 0.505513 0.505887 0.505744
403 0.505706 0.505519 0.505893 0.50575
404 0.505711 0.505524 0.505898 0.505756
405 0.505717 0.505529 0.505904 0.505762
406 0.505716 0.505529 0.505904 0.505768
408 0.505726 0.505538 0.505913 0.50578
409 0.505732 0.505545 0.50592 0.505786
410 0.505739 0.505551 0.505926 0.505792
411 0.505738 0.505551 0.505926 0.505798
412 0.505745 0.505557 0.505933 0.505804
414 0.50575 0.505562 0.505938 0.505815
415 0.505751 0.505563 0.505939 0.505821
416 0.505753 0.505565 0.505941 0.505827
417 0.505762 0.505573 0.50595 0.505832
418 0.505763 0.505575 0.505952 0.505838
420 0.50577 0.505581 0.505958 0.505849
421 0.50578 0.505591 0.505968 0.505855
422 0.505788 0.505599 0.505976 0.50586
423 0.505791 0.505602 0.505979 0.505866
424 0.505795 0.505606 0.505983 0.505871
426 0.505807 0.505618 0.505996 0.505882
427 0.50581 0.505622 0.505999 0.505888
428 0.505819 0.50563 0.506008 0.505893
429 0.505826 0.505637 0.506015 0.505899
430 0.505832 0.505643 0.506022 0.505904
432 0.505844 0.505655 0.506033 0.505915
433 0.505856 0.505667 0.506045 0.50592
434 0.50586 0.50567 0.506049 0.505925
435 0.505866 0.505677 0.506056 0.50593
436 0.505873 0.505683 0.506062 0.505936
438 0.505882 0.505692 0.506071 0.505946
439 0.505886 0.505696 0.506075 0.505951
440 0.505892 0.505702 0.506081 0.505956
441 0.505893 0.505703 0.506082 0.505961
442 0.505898 0.505708 0.506088 0.505966
444 0.505903 0.505713 0.506093 0.505976
445 0.505911 0.505721 0.506101 0.505981
446 0.505916 0.505726 0.506107 0.505986
447 0.505918 0.505729 0.506108 0.505991
448 0.505926 0.505736 0.506116 0.505996
450 0.505934 0.505744 0.506125 0.506006
451 0.505941 0.50575 0.506131 0.506011
452 0.505949 0.505759 0.50614 0.506016
453 0.505957 0.505767 0.506148 0.506021
454 0.505964 0.505773 0.506155 0.506025
456 0.505967 0.505776 0.506157 0.506035
457 0.50597 0.505779 0.50616 0.50604
458 0.505972 0.505782 0.506163 0.506044
459 0.50598 0.505789 0.506171 0.506049
460 0.505984 0.505792 0.506175 0.506054
462 0.505997 0.505806 0.506189 0.506063
463 0.506005 0.505813 0.506196 0.506068
464 0.506005 0.505813 0.506196 0.506072
465 0.506014 0.505822 0.506205 0.506077
466 0.506023 0.505831 0.506216 0.506081
468 0.506038 0.505845 0.50623 0.50609
469 0.506041 0.505848 0.506233 0.506095
470 0.506044 0.505852 0.506236 0.506099
471 0.506051 0.505859 0.506244 0.506104
472 0.506054 0.505862 0.506247 0.506108
474 0.506061 0.505868 0.506253 0.506117
475 0.50607 0.505877 0.506262 0.506122
476 0.50607 0.505877 0.506263 0.506126
477 0.506075 0.505883 0.506268 0.50613
478 0.506077 0.505885 0.50627 0.506135
480 0.506077 0.505885 0.50627 0.506143
481 0.50608 0.505887 0.506272 0.506148
482 0.506085 0.505893 0.506278 0.506152
483 0.50609 0.505898 0.506283 0.506156
484 0.506091 0.505898 0.506284 0.50616
486 0.5061 0.505907 0.506292 0.506169
487 0.506101 0.505908 0.506293 0.506173
488 0.506105 0.505912 0.506298 0.506177
489 0.506112 0.505919 0.506305 0.506181
490 0.506116 0.505923 0.506308 0.506185
492 0.50612 0.505927 0.506312 0.506193
493 0.506124 0.505931 0.506317 0.506198
494 0.506126 0.505933 0.506318 0.506202
495 0.50613 0.505938 0.506323 0.506206
496 0.506136 0.505942 0.506329 0.50621
498 0.506147 0.505954 0.506341 0.506218
499 0.506152 0.505958 0.506345 0.506222
500 0.506153 0.50596 0.506347 0.506226
501 0.506157 0.505964 0.506351 0.50623
502 0.506161 0.505967 0.506354 0.506233
504 0.506163 0.50597 0.506357 0.506241
505 0.506165 0.505971 0.506359 0.506245
506 0.506171 0.505977 0.506365 0.506249
507 0.506176 0.505982 0.506369 0.506253
508 0.50618 0.505987 0.506374 0.506257
510 0.506191 0.505997 0.506385 0.506264
511 0.506196 0.506002 0.50639 0.506268
512 0.506198 0.506004 0.506392 0.506272
513 0.5062 0.506006 0.506395 0.506276
514 0.506204 0.506009 0.506398 0.506279
516 0.506211 0.506017 0.506406 0.506287
517 0.506214 0.506019 0.506408 0.506291
518 0.506219 0.506024 0.506413 0.506294
519 0.506225 0.50603 0.50642 0.506298
520 0.50623 0.506035 0.506425 0.506302
522 0.506235 0.50604 0.50643 0.506309
523 0.506237 0.506042 0.506432 0.506312
524 0.506237 0.506042 0.506432 0.506316
525 0.506238 0.506043 0.506433 0.50632
526 0.506244 0.506049 0.506439 0.506323
528 0.506247 0.506052 0.506442 0.50633
529 0.506248 0.506053 0.506443 0.506334
530 0.506255 0.50606 0.50645 0.506337
531 0.50626 0.506065 0.506455 0.506341
532 0.50626 0.506065 0.506455 0.506344
534 0.506265 0.50607 0.50646 0.506351
535 0.506266 0.506071 0.506461 0.506355
536 0.506271 0.506076 0.506466 0.506358
537 0.506274 0.50608 0.506469 0.506362
538 0.506278 0.506083 0.506473 0.506365
540 0.506284 0.506088 0.506479 0.506372
541 0.506289 0.506094 0.506484 0.506375
542 0.506293 0.506097 0.506488 0.506379
543 0.506298 0.506103 0.506494 0.506382
544 0.506305 0.506109 0.506501 0.506385
546 0.506317 0.506121 0.506512 0.506392
547 0.506322 0.506126 0.506518 0.506395
548 0.506325 0.506129 0.506521 0.506399
549 0.506329 0.506133 0.506525 0.506402
550 0.506331 0.506135 0.506527 0.506405
552 0.506337 0.506141 0.506533 0.506412
553 0.506339 0.506142 0.506535 0.506415
554 0.506342 0.506146 0.506538 0.506418
555 0.506343 0.506147 0.50654 0.506421
556 0.506346 0.50615 0.506542 0.506424
558 0.506349 0.506153 0.506546 0.506431
559 0.506351 0.506154 0.506547 0.506434
560 0.506351 0.506155 0.506548 0.506437
561 0.506356 0.506159 0.506553 0.50644
562 0.506356 0.50616 0.506553 0.506443
564 0.506366 0.506169 0.506563 0.50645
565 0.506369 0.506173 0.506566 0.506453
566 0.506369 0.506172 0.506565 0.506456
567 0.506376 0.506179 0.506573 0.506459
568 0.50638 0.506183 0.506577 0.506462
570 0.506384 0.506187 0.506581 0.506468
571 0.506389 0.506191 0.506586 0.506471
572 0.506389 0.506192 0.506586 0.506474
573 0.506392 0.506194 0.506589 0.506477
574 0.506397 0.506199 0.506594 0.50648
576 0.506399 0.506201 0.506596 0.506486
577 0.506403 0.506206 0.5066 0.506489
578 0.506406 0.506209 0.506603 0.506492
579 0.50641 0.506213 0.506608 0.506495
580 0.506412 0.506215 0.50661 0.506498
582 0.506419 0.506221 0.506616 0.506504
583 0.506419 0.506222 0.506617 0.506507
584 0.506425 0.506227 0.506622 0.50651
585 0.506431 0.506233 0.506629 0.506512
586 0.506431 0.506233 0.506628 0.506515
588 0.506438 0.50624 0.506636 0.506521
589 0.506441 0.506244 0.506639 0.506524
590 0.506445 0.506248 0.506643 0.506527
591 0.506449 0.506251 0.506647 0.50653
592 0.506453 0.506256 0.506651 0.506532
594 0.506457 0.506259 0.506655 0.506538
595 0.506459 0.506262 0.506657 0.506541
596 0.506461 0.506263 0.506659 0.506544
597 0.506463 0.506265 0.506661 0.506546
598 0.50647 0.506272 0.506668 0.506549
600 0.506474 0.506276 0.506673 0.506555
601 0.506476 0.506278 0.506674 0.506557
602 0.506476 0.506277 0.506674 0.50656
603 0.506478 0.50628 0.506677 0.506563
604 0.506481 0.506283 0.506679 0.506566
606 0.506485 0.506287 0.506684 0.506571
607 0.506488 0.506289 0.506686 0.506574
608 0.506494 0.506296 0.506693 0.506576
609 0.5065 0.506301 0.506698 0.506579
610 0.506502 0.506304 0.506701 0.506582
612 0.506509 0.506311 0.506708 0.506587
613 0.506512 0.506314 0.506711 0.50659
614 0.506511 0.506312 0.50671 0.506592
615 0.506512 0.506313 0.506711 0.506595
616 0.506517 0.506318 0.506716 0.506597
618 0.506521 0.506322 0.50672 0.506603
619 0.506524 0.506325 0.506723 0.506605
620 0.506526 0.506327 0.506725 0.506608
621 0.506529 0.50633 0.506728 0.50661
622 0.506532 0.506333 0.506731 0.506613
624 0.506536 0.506337 0.506735 0.506618
625 0.506538 0.506339 0.506737 0.50662
626 0.50654 0.506341 0.506739 0.506623
627 0.506543 0.506344 0.506742 0.506625
628 0.506543 0.506344 0.506742 0.506628
630 0.506547 0.506348 0.506746 0.506633
631 0.50655 0.506351 0.506749 0.506635
632 0.506556 0.506357 0.506755 0.506638
633 0.506558 0.506359 0.506757 0.50664
634 0.506561 0.506362 0.50676 0.506643
636 0.506569 0.50637 0.506768 0.506648
637 0.506573 0.506374 0.506772 0.50665
638 0.506574 0.506375 0.506773 0.506653
639 0.506575 0.506376 0.506774 0.506655
640 0.506578 0.506379 0.506777 0.506657
642 0.506584 0.506385 0.506784 0.506662
643 0.50659 0.50639 0.506789 0.506665
644 0.506592 0.506393 0.506792 0.506667
645 0.506596 0.506397 0.506796 0.506669
646 0.506598 0.506398 0.506797 0.506672
648 0.506607 0.506407 0.506807 0.506676
649 0.506611 0.506411 0.50681 0.506679
650 0.506612 0.506413 0.506812 0.506681
651 0.506614 0.506414 0.506814 0.506683
652 0.506618 0.506418 0.506818 0.506686
654 0.506623 0.506423 0.506823 0.50669
655 0.506627 0.506427 0.506828 0.506693
656 0.506631 0.50643 0.506831 0.506695
657 0.506634 0.506433 0.506834 0.506697
658 0.506636 0.506436 0.506837 0.5067
660 0.506639 0.506439 0.50684 0.506704
661 0.506643 0.506443 0.506844 0.506706
662 0.506646 0.506446 0.506847 0.506709
663 0.506649 0.506448 0.506849 0.506711
664 0.506648 0.506447 0.506849 0.506713
666 0.50665 0.50645 0.506851 0.506718
667 0.506653 0.506452 0.506854 0.50672
668 0.506656 0.506455 0.506857 0.506722
669 0.506659 0.506458 0.50686 0.506724
670 0.50666 0.506459 0.506861 0.506726
672 0.506661 0.50646 0.506862 0.506731
673 0.506665 0.506464 0.506866 0.506733
674 0.506667 0.506466 0.506868 0.506735
675 0.506666 0.506465 0.506867 0.506737
676 0.506667 0.506466 0.506867 0.50674
678 0.506672 0.506471 0.506873 0.506744
679 0.506673 0.506472 0.506874 0.506746
680 0.506676 0.506475 0.506877 0.506748
681 0.50668 0.506478 0.506881 0.50675
682 0.506684 0.506482 0.506885 0.506752
684 0.506685 0.506484 0.506886 0.506757
685 0.506687 0.506486 0.506888 0.506759
686 0.506689 0.506488 0.50689 0.506761
687 0.506693 0.506492 0.506894 0.506763
688 0.506695 0.506494 0.506896 0.506765
690 0.506703 0.506502 0.506904 0.506769
691 0.506707 0.506505 0.506908 0.506771
692 0.50671 0.506508 0.506912 0.506773
693 0.506712 0.50651 0.506914 0.506775
694 0.506714 0.506513 0.506916 0.506777
696 0.50672 0.506519 0.506922 0.506781
697 0.506724 0.506522 0.506926 0.506783
698 0.506726 0.506524 0.506928 0.506786
699 0.506728 0.506526 0.50693 0.506788
700 0.506731 0.506529 0.506933 0.50679
702 0.506738 0.506536 0.50694 0.506794
703 0.50674 0.506538 0.506942 0.506796
704 0.506742 0.50654 0.506945 0.506798
705 0.506743 0.506541 0.506945 0.5068
706 0.506744 0.506542 0.506946 0.506802
708 0.506749 0.506547 0.506952 0.506805
709 0.506751 0.506549 0.506953 0.506807
710 0.506757 0.506555 0.506959 0.506809
711 0.506761 0.506559 0.506963 0.506811
712 0.506766 0.506563 0.506968 0.506813
714 0.506768 0.506566 0.506971 0.506817
715 0.50677 0.506567 0.506972 0.506819
716 0.506776 0.506573 0.506978 0.506821
717 0.506776 0.506574 0.506979 0.506823
718 0.506776 0.506573 0.506978 0.506825
720 0.50678 0.506577 0.506982 0.506829
721 0.506782 0.506579 0.506985 0.506831
722 0.506785 0.506582 0.506988 0.506832
723 0.506785 0.506582 0.506987 0.506834
724 0.506787 0.506584 0.50699 0.506836
726 0.506789 0.506587 0.506992 0.50684
727 0.50679 0.506587 0.506993 0.506842
728 0.506794 0.506591 0.506997 0.506844
729 0.506793 0.506591 0.506996 0.506846
730 0.506793 0.506591 0.506996 0.506847
732 0.506797 0.506594 0.506999 0.506851
733 0.506799 0.506596 0.507002 0.506853
734 0.506802 0.506599 0.507005 0.506855
735 0.506806 0.506603 0.507009 0.506857
736 0.50681 0.506606 0.507013 0.506858
738 0.506816 0.506612 0.507019 0.506862
739 0.506817 0.506614 0.507021 0.506864
740 0.506821 0.506618 0.507024 0.506866
741 0.506823 0.506619 0.507026 0.506868
742 0.506825 0.506621 0.507028 0.506869
744 0.506829 0.506626 0.507033 0.506873
745 0.506832 0.506628 0.507035 0.506875
746 0.506833 0.50663 0.507036 0.506876
747 0.506835 0.506632 0.507039 0.506878
748 0.506838 0.506634 0.507041 0.50688
750 0.506842 0.506638 0.507045 0.506883
751 0.506842 0.506638 0.507045 0.506885
752 0.506842 0.506639 0.507046 0.506887
753 0.506841 0.506638 0.507045 0.506889
754 0.506842 0.506638 0.507046 0.50689
756 0.506851 0.506647 0.507055 0.506894
757 0.506851 0.506647 0.507056 0.506896
758 0.506854 0.50665 0.507058 0.506897
759 0.506853 0.506649 0.507058 0.506899
760 0.506853 0.506649 0.507057 0.506901
762 0.506857 0.506653 0.507061 0.506904
763 0.506856 0.506652 0.50706 0.506906
764 0.506858 0.506654 0.507062 0.506908
765 0.506861 0.506656 0.507065 0.506909
766 0.506866 0.506661 0.50707 0.506911
768 0.506872 0.506667 0.507076 0.506914
769 0.506873 0.506668 0.507077 0.506916
770 0.506874 0.506669 0.507078 0.506918
771 0.506875 0.50667 0.507079 0.506919
772 0.506874 0.50667 0.507079 0.506921
774 0.506877 0.506673 0.507082 0.506924
775 0.506881 0.506676 0.507085 0.506926
776 0.506883 0.506678 0.507088 0.506928
777 0.506883 0.506678 0.507087 0.506929
778 0.506888 0.506683 0.507092 0.506931
780 0.506893 0.506688 0.507098 0.506934
781 0.506895 0.50669 0.5071 0.506936
782 0.506898 0.506693 0.507103 0.506937
783 0.506899 0.506694 0.507104 0.506939
784 0.506901 0.506696 0.507106 0.506941
786 0.506902 0.506697 0.507107 0.506944
787 0.506903 0.506698 0.507108 0.506945
788 0.506904 0.506699 0.50711 0.506947
789 0.506908 0.506703 0.507114 0.506948
790 0.506911 0.506705 0.507116 0.50695
792 0.506914 0.506709 0.507119 0.506953
793 0.506918 0.506713 0.507124 0.506955
794 0.506921 0.506716 0.507126 0.506956
795 0.506924 0.506718 0.507129 0.506958
796 0.506928 0.506722 0.507133 0.506959
798 0.506929 0.506724 0.507135 0.506963
799 0.506932 0.506727 0.507138 0.506964
800 0.506934 0.506729 0.50714 0.506966
801 0.506936 0.50673 0.507142 0.506967
802 0.506936 0.50673 0.507142 0.506969
804 0.50694 0.506734 0.507145 0.506972
805 0.506941 0.506736 0.507147 0.506973
806 0.506942 0.506736 0.507147 0.506975
807 0.506944 0.506738 0.50715 0.506976
808 0.506946 0.50674 0.507152 0.506978
810 0.506945 0.506739 0.50715 0.506981
811 0.506945 0.506739 0.507151 0.506982
812 0.506946 0.50674 0.507152 0.506984
813 0.506948 0.506742 0.507153 0.506985
814 0.50695 0.506744 0.507156 0.506987
816 0.506952 0.506746 0.507158 0.50699
817 0.506956 0.50675 0.507162 0.506991
818 0.50696 0.506754 0.507166 0.506993
819 0.506961 0.506756 0.507167 0.506994
820 0.506963 0.506757 0.507169 0.506996
822 0.506968 0.506762 0.507174 0.506999
823 0.506971 0.506765 0.507177 0.507
824 0.50697 0.506764 0.507176 0.507002
825 0.506973 0.506767 0.507179 0.507003
826 0.506976 0.50677 0.507182 0.507004
828 0.506979 0.506773 0.507186 0.507007
829 0.506981 0.506775 0.507188 0.507009
830 0.506983 0.506776 0.507189 0.50701
831 0.506981 0.506775 0.507188 0.507012
832 0.506981 0.506775 0.507188 0.507013
834 0.506986 0.506779 0.507192 0.507016
835 0.506988 0.506781 0.507194 0.507017
836 0.506989 0.506782 0.507196 0.507019
837 0.506991 0.506784 0.507198 0.50702
838 0.506992 0.506785 0.507199 0.507022
840 0.506995 0.506788 0.507202 0.507024
841 0.506997 0.50679 0.507204 0.507026
842 0.506997 0.50679 0.507204 0.507027
843 0.506996 0.50679 0.507203 0.507029
844 0.507 0.506793 0.507207 0.50703
846 0.507001 0.506794 0.507208 0.507033
847 0.507001 0.506794 0.507208 0.507034
848 0.507004 0.506797 0.507211 0.507035
849 0.507007 0.5068 0.507214 0.507037
850 0.507007 0.5068 0.507214 0.507038
852 0.507012 0.506805 0.50722 0.507041
853 0.507012 0.506805 0.507219 0.507042
854 0.507011 0.506804 0.507218 0.507044
855 0.507012 0.506805 0.507219 0.507045
856 0.507014 0.506806 0.507221 0.507046
858 0.507016 0.506809 0.507224 0.507049
859 0.507018 0.50681 0.507225 0.50705
860 0.50702 0.506813 0.507227 0.507052
861 0.50702 0.506813 0.507228 0.507053
862 0.507022 0.506815 0.507229 0.507054
864 0.507023 0.506815 0.50723 0.507057
865 0.507024 0.506817 0.507232 0.507058
866 0.507025 0.506817 0.507232 0.50706
867 0.507027 0.50682 0.507234 0.507061
868 0.507029 0.506821 0.507236 0.507062
870 0.50703 0.506823 0.507238 0.507065
871 0.507031 0.506824 0.507239 0.507066
872 0.507031 0.506824 0.507238 0.507067
873 0.507031 0.506823 0.507238 0.507069
874 0.50703 0.506822 0.507237 0.50707
876 0.507032 0.506824 0.507239 0.507073
877 0.507031 0.506823 0.507238 0.507074
878 0.507032 0.506825 0.507239 0.507075
879 0.507034 0.506826 0.507241 0.507076
880 0.507036 0.506829 0.507244 0.507078
882 0.50704 0.506832 0.507247 0.50708
883 0.507041 0.506833 0.507249 0.507082
884 0.507041 0.506834 0.507249 0.507083
885 0.507042 0.506835 0.50725 0.507084
886 0.507044 0.506836 0.507252 0.507085
888 0.507046 0.506838 0.507254 0.507088
889 0.507045 0.506837 0.507252 0.507089
890 0.507046 0.506838 0.507253 0.50709
891 0.507048 0.50684 0.507255 0.507092
892 0.50705 0.506842 0.507258 0.507093
894 0.507054 0.506846 0.507262 0.507095
895 0.507054 0.506846 0.507262 0.507096
896 0.507057 0.506849 0.507265 0.507098
897 0.507057 0.506849 0.507265 0.507099
898 0.50706 0.506851 0.507268 0.5071
900 0.507063 0.506855 0.507271 0.507103
901 0.507064 0.506856 0.507272 0.507104
902 0.507064 0.506856 0.507272 0.507105
903 0.507065 0.506857 0.507274 0.507106
904 0.507068 0.506859 0.507276 0.507107
906 0.507071 0.506862 0.507279 0.50711
907 0.507073 0.506864 0.507281 0.507111
908 0.507075 0.506867 0.507284 0.507112
909 0.507076 0.506867 0.507284 0.507113
910 0.507078 0.506869 0.507286 0.507115
912 0.507082 0.506874 0.50729 0.507117
913 0.507083 0.506875 0.507291 0.507118
914 0.507083 0.506875 0.507292 0.507119
915 0.507086 0.506877 0.507294 0.507121
916 0.507087 0.506879 0.507296 0.507122
918 0.507091 0.506882 0.507299 0.507124
919 0.507091 0.506883 0.5073 0.507125
920 0.507093 0.506884 0.507302 0.507126
921 0.507095 0.506886 0.507303 0.507128
922 0.507097 0.506888 0.507306 0.507129
924 0.507098 0.506889 0.507306 0.507131
925 0.507099 0.50689 0.507307 0.507132
926 0.507099 0.506891 0.507308 0.507133
927 0.507101 0.506893 0.50731 0.507135
928 0.507103 0.506894 0.507311 0.507136
930 0.507106 0.506898 0.507315 0.507138
931 0.507106 0.506897 0.507314 0.507139
932 0.507107 0.506898 0.507315 0.50714
933 0.507108 0.5069 0.507317 0.507141
934 0.507109 0.5069 0.507318 0.507142
936 0.507111 0.506902 0.50732 0.507145
937 0.507114 0.506905 0.507323 0.507146
938 0.507115 0.506907 0.507324 0.507147
939 0.507118 0.506909 0.507327 0.507148
940 0.507119 0.506911 0.507328 0.507149
942 0.50712 0.506911 0.507329 0.507151
943 0.50712 0.506912 0.507329 0.507153
944 0.507122 0.506913 0.507331 0.507154
945 0.507122 0.506914 0.507331 0.507155
946 0.507123 0.506915 0.507332 0.507156
948 0.507126 0.506918 0.507335 0.507158
949 0.50713 0.506921 0.507339 0.507159
950 0.50713 0.506921 0.507339 0.50716
951 0.507132 0.506923 0.507341 0.507161
952 0.507131 0.506923 0.50734 0.507162
954 0.507134 0.506925 0.507343 0.507165
955 0.507134 0.506925 0.507343 0.507166
956 0.507135 0.506926 0.507344 0.507167
957 0.507137 0.506928 0.507346 0.507168
958 0.507137 0.506928 0.507346 0.507169
960 0.507142 0.506933 0.507351 0.507171
961 0.507141 0.506932 0.50735 0.507172
962 0.507139 0.50693 0.507348 0.507173
963 0.507141 0.506932 0.50735 0.507174
964 0.507143 0.506934 0.507352 0.507175
966 0.507146 0.506937 0.507355 0.507177
967 0.507148 0.506939 0.507357 0.507178
968 0.507151 0.506941 0.50736 0.50718
969 0.507151 0.506942 0.507361 0.507181
970 0.507155 0.506946 0.507364 0.507182
972 0.507157 0.506947 0.507366 0.507184
973 0.507159 0.50695 0.507368 0.507185
974 0.507159 0.50695 0.507369 0.507186
975 0.50716 0.50695 0.507369 0.507187
976 0.507159 0.50695 0.507369 0.507188
978 0.507164 0.506955 0.507373 0.50719
979 0.507166 0.506957 0.507376 0.507191
980 0.507167 0.506957 0.507376 0.507192
981 0.507169 0.50696 0.507378 0.507193
982 0.50717 0.506961 0.507379 0.507194
984 0.507173 0.506964 0.507382 0.507196
985 0.507175 0.506965 0.507384 0.507197
986 0.507176 0.506967 0.507385 0.507198
987 0.507175 0.506966 0.507384 0.507199
988 0.507174 0.506965 0.507383 0.5072
990 0.507177 0.506968 0.507387 0.507202
991 0.507178 0.506968 0.507387 0.507203
992 0.50718 0.506971 0.507389 0.507204
993 0.507181 0.506972 0.50739 0.507205
994 0.50718 0.506971 0.50739 0.507206
996 0.507183 0.506974 0.507392 0.507208
997 0.507185 0.506976 0.507394 0.507209
998 0.507187 0.506977 0.507396 0.50721
999 0.507187 0.506978 0.507396 0.507211
1000 0.507188 0.506979 0.507398 0.507212
1002 0.507189 0.50698 0.507399 0.507214
1003 0.50719 0.50698 0.507399 0.507215
1004 0.507191 0.506981 0.507401 0.507216
1005 0.507193 0.506983 0.507402 0.507217
1006 0.507193 0.506984 0.507403 0.507218
1008 0.507195 0.506986 0.507405 0.50722
1009 0.507199 0.506989 0.507408 0.507221
1010 0.5072 0.50699 0.50741 0.507222
1011 0.5072 0.506991 0.50741 0.507223
1012 0.507201 0.506992 0.507411 0.507224
1014 0.507205 0.506995 0.507414 0.507226
1015 0.507206 0.506996 0.507415 0.507227
1016 0.507208 0.506998 0.507417 0.507228
1017 0.50721 0.507001 0.50742 0.507229
1018 0.50721 0.507 0.50742 0.50723
1020 0.507213 0.507003 0.507423 0.507231
1021 0.507215 0.507005 0.507424 0.507232
1022 0.507218 0.507008 0.507428 0.507233
1023 0.507218 0.507008 0.507428 0.507234
1024 0.507217 0.507008 0.507427 0.507235
1026 0.507217 0.507007 0.507427 0.507237
1027 0.507217 0.507007 0.507427 0.507238
1028 0.507215 0.507006 0.507425 0.507239
1029 0.507216 0.507006 0.507426 0.50724
1030 0.507218 0.507008 0.507427 0.507241
1032 0.507219 0.507009 0.507429 0.507243
1033 0.50722 0.50701 0.50743 0.507244
1034 0.507223 0.507013 0.507432 0.507245
1035 0.507226 0.507016 0.507436 0.507245
1036 0.507228 0.507018 0.507438 0.507246
1038 0.507227 0.507018 0.507437 0.507248
1039 0.507228 0.507019 0.507438 0.507249
1040 0.507232 0.507022 0.507442 0.50725
1041 0.507232 0.507022 0.507442 0.507251
1042 0.507232 0.507022 0.507442 0.507252
1044 0.507232 0.507022 0.507441 0.507254
1045 0.507233 0.507023 0.507443 0.507255
1046 0.507234 0.507024 0.507444 0.507255
1047 0.507235 0.507025 0.507445 0.507256
1048 0.507236 0.507026 0.507446 0.507257
1050 0.507241 0.507031 0.507451 0.507259
1051 0.507243 0.507033 0.507453 0.50726
1052 0.507245 0.507035 0.507455 0.507261
1053 0.507247 0.507036 0.507457 0.507262
1054 0.507246 0.507036 0.507457 0.507263
1056 0.507248 0.507038 0.507458 0.507264
1057 0.507248 0.507038 0.507459 0.507265
1058 0.507249 0.507038 0.507459 0.507266
1059 0.507248 0.507037 0.507458 0.507267
1060 0.507249 0.507039 0.507459 0.507268
1062 0.507252 0.507042 0.507462 0.50727
1063 0.507254 0.507044 0.507465 0.507271
1064 0.507254 0.507044 0.507464 0.507271
1065 0.507255 0.507045 0.507466 0.507272
1066 0.507257 0.507046 0.507467 0.507273
1068 0.507256 0.507046 0.507466 0.507275
1069 0.507255 0.507045 0.507465 0.507276
1070 0.507255 0.507045 0.507466 0.507277
1071 0.507256 0.507046 0.507466 0.507277
1072 0.507254 0.507043 0.507464 0.507278
1074 0.507258 0.507048 0.507468 0.50728
1075 0.507259 0.507048 0.507469 0.507281
1076 0.507258 0.507048 0.507468 0.507282
1077 0.507258 0.507048 0.507468 0.507283
1078 0.507261 0.507051 0.507471 0.507283
1080 0.507261 0.507051 0.507472 0.507285
1081 0.507262 0.507051 0.507472 0.507286
1082 0.507264 0.507053 0.507474 0.507287
1083 0.507264 0.507053 0.507474 0.507288
1084 0.507265 0.507055 0.507476 0.507288
1086 0.507266 0.507055 0.507476 0.50729
1087 0.507267 0.507057 0.507477 0.507291
1088 0.50727 0.50706 0.507481 0.507292
1089 0.50727 0.50706 0.507481 0.507293
1090 0.50727 0.507059 0.50748 0.507294
1092 0.507273 0.507063 0.507484 0.507295
1093 0.507275 0.507065 0.507486 0.507296
1094 0.507277 0.507066 0.507487 0.507297
1095 0.507276 0.507066 0.507487 0.507298
1096 0.507278 0.507068 0.507489 0.507298
1098 0.507283 0.507072 0.507493 0.5073
1099 0.507284 0.507073 0.507495 0.507301
1100 0.507283 0.507073 0.507494 0.507302
1101 0.507283 0.507072 0.507494 0.507303
1102 0.507285 0.507075 0.507496 0.507303
1104 0.507289 0.507078 0.507499 0.507305
1105 0.50729 0.50708 0.507501 0.507306
1106 0.507292 0.507081 0.507502 0.507307
1107 0.507292 0.507082 0.507503 0.507307
1108 0.507293 0.507082 0.507503 0.507308
1110 0.507295 0.507084 0.507505 0.50731
1111 0.507296 0.507085 0.507507 0.507311
1112 0.507297 0.507086 0.507508 0.507311
1113 0.507294 0.507084 0.507505 0.507312
1114 0.507296 0.507085 0.507506 0.507313
1116 0.507297 0.507086 0.507507 0.507315
1117 0.507297 0.507086 0.507507 0.507315
1118 0.507297 0.507086 0.507507 0.507316
1119 0.507297 0.507087 0.507508 0.507317
1120 0.507298 0.507087 0.507508 0.507318
1122 0.507301 0.507091 0.507512 0.507319
1123 0.507303 0.507093 0.507513 0.50732
1124 0.507303 0.507093 0.507514 0.507321
1125 0.507304 0.507094 0.507515 0.507322
1126 0.507306 0.507095 0.507516 0.507322
1128 0.507306 0.507096 0.507517 0.507324
1129 0.507307 0.507097 0.507517 0.507325
1130 0.507306 0.507095 0.507516 0.507326
1131 0.507308 0.507098 0.507519 0.507326
1132 0.507309 0.507098 0.507519 0.507327
1134 0.507312 0.507102 0.507522 0.507329
1135 0.507313 0.507102 0.507523 0.507329
1136 0.507315 0.507104 0.507525 0.50733
1137 0.507313 0.507102 0.507523 0.507331
1138 0.507313 0.507102 0.507523 0.507332
1140 0.507314 0.507104 0.507525 0.507333
1141 0.507315 0.507105 0.507526 0.507334
1142 0.507318 0.507107 0.507528 0.507335
1143 0.507318 0.507107 0.507528 0.507335
1144 0.507317 0.507107 0.507528 0.507336
1146 0.50732 0.50711 0.507531 0.507338
1147 0.50732 0.50711 0.507531 0.507338
1148 0.507321 0.507111 0.507532 0.507339
1149 0.507322 0.507111 0.507533 0.50734
1150 0.507322 0.507112 0.507533 0.507341
1152 0.507322 0.507111 0.507532 0.507342
1153 0.507322 0.507112 0.507533 0.507343
1154 0.507323 0.507112 0.507533 0.507344
1155 0.507323 0.507112 0.507534 0.507344
1156 0.507323 0.507112 0.507533 0.507345
1158 0.507325 0.507114 0.507535 0.507347
1159 0.507325 0.507114 0.507535 0.507347
1160 0.507328 0.507118 0.507539 0.507348
1161 0.507328 0.507118 0.507539 0.507349
1162 0.50733 0.507119 0.50754 0.50735
1164 0.50733 0.507119 0.50754 0.507351
1165 0.507331 0.50712 0.507541 0.507352
1166 0.507332 0.507121 0.507543 0.507352
1167 0.507333 0.507122 0.507543 0.507353
1168 0.507334 0.507124 0.507545 0.507354
1170 0.507337 0.507127 0.507548 0.507355
1171 0.507339 0.507128 0.50755 0.507356
1172 0.507342 0.507132 0.507553 0.507357
1173 0.507342 0.507132 0.507553 0.507357
1174 0.507342 0.507132 0.507553 0.507358
1176 0.507343 0.507132 0.507553 0.50736
1177 0.507345 0.507134 0.507555 0.50736
1178 0.507345 0.507134 0.507555 0.507361
1179 0.507345 0.507134 0.507556 0.507362
1180 0.507346 0.507135 0.507557 0.507362
1182 0.507349 0.507138 0.50756 0.507364
1183 0.507349 0.507138 0.507559 0.507365
1184 0.507349 0.507138 0.50756 0.507365
1185 0.50735 0.50714 0.507561 0.507366
1186 0.50735 0.50714 0.507561 0.507367
1188 0.50735 0.507139 0.507561 0.507368
1189 0.507351 0.50714 0.507561 0.507369
1190 0.507352 0.507141 0.507563 0.507369
1191 0.507352 0.507141 0.507562 0.50737
1192 0.507353 0.507142 0.507564 0.507371
1194 0.507355 0.507144 0.507566 0.507372
1195 0.507357 0.507147 0.507568 0.507373
1196 0.507359 0.507148 0.507569 0.507374
1197 0.50736 0.507149 0.507571 0.507374
1198 0.507363 0.507152 0.507575 0.507375
1200 0.507369 0.507157 0.50758 0.507376
1201 0.507368 0.507157 0.50758 0.507377
1202 0.507371 0.50716 0.507582 0.507378
1203 0.507372 0.50716 0.507583 0.507378
1204 0.507371 0.50716 0.507583 0.507379
1206 0.507374 0.507163 0.507585 0.50738
1207 0.507374 0.507163 0.507585 0.507381
1208 0.507375 0.507164 0.507587 0.507382
1209 0.507374 0.507163 0.507585 0.507382
1210 0.507374 0.507163 0.507586 0.507383
1212 0.507375 0.507163 0.507586 0.507384
1213 0.507375 0.507164 0.507586 0.507385
1214 0.507375 0.507164 0.507587 0.507386
1215 0.507377 0.507166 0.507588 0.507387
1216 0.507379 0.507168 0.507591 0.507387
1218 0.507382 0.507171 0.507594 0.507388
1219 0.507385 0.507173 0.507596 0.507389
1220 0.507384 0.507172 0.507595 0.50739
1221 0.507385 0.507173 0.507596 0.50739
1222 0.507385 0.507173 0.507596 0.507391
1224 0.507387 0.507175 0.507598 0.507392
1225 0.507388 0.507176 0.507599 0.507393
1226 0.507389 0.507177 0.507601 0.507394
1227 0.507392 0.50718 0.507604 0.507394
1228 0.507393 0.507182 0.507605 0.507395
1230 0.507395 0.507183 0.507607 0.507396
1231 0.507396 0.507184 0.507608 0.507397
1232 0.507396 0.507185 0.507608 0.507398
1233 0.507395 0.507184 0.507607 0.507398
1234 0.507396 0.507185 0.507608 0.507399
1236 0.507398 0.507187 0.50761 0.5074
1237 0.507398 0.507186 0.50761 0.507401
1238 0.507401 0.507189 0.507613 0.507402
1239 0.507404 0.507192 0.507616 0.507402
1240 0.507406 0.507194 0.507618 0.507403
1242 0.507407 0.507195 0.507619 0.507404
1243 0.507408 0.507196 0.50762 0.507405
1244 0.507408 0.507196 0.50762 0.507405
1245 0.507409 0.507197 0.507621 0.507406
1246 0.507411 0.507199 0.507623 0.507407
1248 0.507414 0.507202 0.507626 0.507408
1249 0.507416 0.507203 0.507628 0.507409
1250 0.507416 0.507204 0.507629 0.507409
1251 0.507418 0.507205 0.50763 0.50741
1252 0.507418 0.507206 0.50763 0.50741
1254 0.507417 0.507205 0.50763 0.507412
1255 0.507418 0.507206 0.507631 0.507412
1256 0.507419 0.507206 0.507631 0.507413
1257 0.50742 0.507208 0.507632 0.507414
1258 0.507421 0.507208 0.507633 0.507414
