//total_population estimated_relatedness lower_bound upper_bound relatedness
40 0.615385 nan nan 0.615385
40 0.615385 nan nan 0.615385
41 0.615951 0.615745 0.616157 0.615854
42 0.616313 0.616024 0.616602 0.6163
43 0.616775 0.616425 0.617125 0.616725
44 0.617028 0.616627 0.617429 0.61713
44 0.617028 0.616627 0.617429 0.61713
45 0.617439 0.616997 0.61788 0.617517
46 0.617837 0.617361 0.618314 0.617886
47 0.618217 0.617708 0.618725 0.61824
48 0.618446 0.617907 0.618985 0.618578
48 0.618446 0.617907 0.618985 0.618578
49 0.618832 0.618268 0.619397 0.618902
50 0.619094 0.618508 0.61968 0.619214
51 0.619353 0.618744 0.619962 0.619512
52 0.619794 0.619163 0.620424 0.619799
52 0.619794 0.619163 0.620424 0.619799
53 0.620153 0.619501 0.620804 0.620075
54 0.620673 0.620001 0.621344 0.620341
55 0.620817 0.62013 0.621503 0.620596
56 0.621032 0.620331 0.621733 0.620843
56 0.621032 0.620331 0.621733 0.620843
57 0.621302 0.620585 0.622019 0.62108
58 0.621546 0.620816 0.622277 0.621309
59 0.621674 0.62093 0.622419 0.621531
60 0.621802 0.621044 0.622561 0.621745
60 0.621802 0.621044 0.622561 0.621745
61 0.621966 0.621194 0.622738 0.621951
62 0.622236 0.621452 0.623021 0.622151
63 0.622452 0.621655 0.623248 0.622345
64 0.622655 0.621849 0.623461 0.622532
64 0.622655 0.621849 0.623461 0.622532
65 0.62278 0.621964 0.623597 0.622713
66 0.623047 0.622219 0.623875 0.622889
67 0.623314 0.622477 0.624151 0.62306
68 0.623389 0.622544 0.624234 0.623225
68 0.623389 0.622544 0.624234 0.623225
69 0.623427 0.622576 0.624277 0.623386
70 0.62355 0.622692 0.624408 0.623542
71 0.623654 0.622789 0.624519 0.623693
72 0.623726 0.622853 0.6246 0.623841
72 0.623726 0.622853 0.6246 0.623841
73 0.62383 0.622949 0.624711 0.623984
74 0.623987 0.6231 0.624875 0.624123
75 0.62421 0.623315 0.625104 0.624258
76 0.624308 0.623406 0.625209 0.62439
76 0.624308 0.623406 0.625209 0.62439
77 0.624459 0.623552 0.625367 0.624519
78 0.624613 0.623698 0.625528 0.624644
79 0.624724 0.623802 0.625646 0.624765
80 0.624887 0.623959 0.625814 0.624884
80 0.624887 0.623959 0.625814 0.624884
81 0.62505 0.624118 0.625982 0.625
82 0.625199 0.624262 0.626135 0.625113
83 0.625367 0.624424 0.62631 0.625223
84 0.625466 0.624519 0.626413 0.625331
84 0.625466 0.624519 0.626413 0.625331
85 0.625537 0.624585 0.626489 0.625436
86 0.625643 0.624686 0.6266 0.625538
87 0.625706 0.624745 0.626667 0.625638
88 0.625806 0.624843 0.62677 0.625736
88 0.625806 0.624843 0.62677 0.625736
89 0.625912 0.624945 0.626879 0.625831
90 0.62609 0.625119 0.627061 0.625925
91 0.62614 0.625164 0.627115 0.626016
92 0.626206 0.625227 0.627185 0.626106
92 0.626206 0.625227 0.627185 0.626106
93 0.626235 0.625251 0.627218 0.626193
94 0.626325 0.625338 0.627312 0.626279
95 0.626469 0.625478 0.627459 0.626362
96 0.62653 0.625534 0.627525 0.626444
96 0.62653 0.625534 0.627525 0.626444
97 0.626656 0.625657 0.627656 0.626524
98 0.626752 0.625749 0.627755 0.626603
99 0.626818 0.625812 0.627823 0.62668
100 0.626912 0.625902 0.627921 0.626755
100 0.626912 0.625902 0.627921 0.626755
101 0.626986 0.625973 0.627999 0.626829
102 0.627037 0.626021 0.628052 0.626902
103 0.627079 0.62606 0.628099 0.626973
104 0.627128 0.626107 0.62815 0.627042
104 0.627128 0.626107 0.62815 0.627042
105 0.627165 0.62614 0.62819 0.627111
106 0.627199 0.626171 0.628227 0.627178
107 0.627292 0.62626 0.628323 0.627243
108 0.627304 0.626271 0.628338 0.627308
108 0.627304 0.626271 0.628338 0.627308
109 0.62739 0.626355 0.628425 0.627371
110 0.627427 0.62639 0.628464 0.627433
111 0.62745 0.626411 0.62849 0.627494
112 0.627569 0.626526 0.628612 0.627554
112 0.627569 0.626526 0.628612 0.627554
113 0.627655 0.62661 0.628701 0.627613
114 0.627689 0.626643 0.628736 0.627671
115 0.627753 0.626703 0.628804 0.627728
116 0.62776 0.626708 0.628813 0.627784
116 0.62776 0.626708 0.628813 0.627784
117 0.627746 0.626692 0.6288 0.627839
118 0.627859 0.626802 0.628915 0.627892
119 0.627962 0.626902 0.629022 0.627945
120 0.628042 0.626981 0.629104 0.627998
120 0.628042 0.626981 0.629104 0.627998
121 0.628106 0.627042 0.629171 0.628049
122 0.628218 0.627151 0.629285 0.628099
123 0.628258 0.627189 0.629326 0.628149
124 0.628286 0.627215 0.629357 0.628198
124 0.628286 0.627215 0.629357 0.628198
125 0.628299 0.627226 0.629371 0.628245
126 0.628321 0.627246 0.629395 0.628293
127 0.628392 0.627316 0.629469 0.628339
128 0.628403 0.627326 0.629481 0.628385
128 0.628403 0.627326 0.629481 0.628385
129 0.628397 0.627317 0.629476 0.62843
130 0.628455 0.627374 0.629537 0.628474
131 0.628531 0.627447 0.629615 0.628518
132 0.628589 0.627502 0.629675 0.628561
132 0.628589 0.627502 0.629675 0.628561
133 0.628613 0.627526 0.6297 0.628603
134 0.628632 0.627544 0.629719 0.628645
135 0.628674 0.627585 0.629763 0.628686
136 0.628736 0.627646 0.629826 0.628726
136 0.628736 0.627646 0.629826 0.628726
137 0.628755 0.627664 0.629845 0.628766
138 0.628813 0.62772 0.629906 0.628805
139 0.628851 0.627757 0.629946 0.628844
140 0.628857 0.627761 0.629953 0.628882
140 0.628857 0.627761 0.629953 0.628882
141 0.628867 0.62777 0.629964 0.62892
142 0.628926 0.627828 0.630024 0.628957
143 0.628972 0.627872 0.630072 0.628993
144 0.629072 0.627971 0.630173 0.62903
144 0.629072 0.627971 0.630173 0.62903
145 0.629071 0.627968 0.630174 0.629065
146 0.629105 0.628001 0.630209 0.6291
147 0.629124 0.628019 0.630229 0.629135
148 0.629132 0.628027 0.630237 0.629169
148 0.629132 0.628027 0.630237 0.629169
149 0.629123 0.628016 0.630231 0.629202
150 0.629197 0.628089 0.630305 0.629236
151 0.629245 0.628135 0.630355 0.629268
152 0.629303 0.628192 0.630415 0.629301
152 0.629303 0.628192 0.630415 0.629301
153 0.629361 0.628248 0.630474 0.629332
154 0.629422 0.628308 0.630536 0.629364
155 0.629448 0.628333 0.630563 0.629395
156 0.629493 0.628378 0.630608 0.629426
156 0.629493 0.628378 0.630608 0.629426
157 0.629503 0.628387 0.630618 0.629456
158 0.629553 0.628436 0.630671 0.629486
159 0.629559 0.62844 0.630678 0.629515
160 0.629594 0.628474 0.630713 0.629544
160 0.629594 0.628474 0.630713 0.629544
161 0.629596 0.628475 0.630717 0.629573
162 0.629612 0.62849 0.630735 0.629602
163 0.629614 0.628491 0.630737 0.62963
164 0.62965 0.628525 0.630774 0.629657
164 0.62965 0.628525 0.630774 0.629657
165 0.629686 0.628561 0.630812 0.629685
166 0.629712 0.628585 0.630839 0.629712
167 0.629775 0.628646 0.630904 0.629738
168 0.629813 0.628684 0.630943 0.629765
168 0.629813 0.628684 0.630943 0.629765
169 0.629849 0.628718 0.63098 0.629791
170 0.629852 0.62872 0.630983 0.629817
171 0.629914 0.628781 0.631047 0.629842
172 0.629964 0.62883 0.631098 0.629867
172 0.629964 0.62883 0.631098 0.629867
173 0.629938 0.628803 0.631073 0.629892
174 0.629968 0.628831 0.631105 0.629917
175 0.629996 0.628858 0.631135 0.629941
176 0.630041 0.628903 0.63118 0.629965
176 0.630041 0.628903 0.63118 0.629965
177 0.630073 0.628933 0.631213 0.629989
178 0.630096 0.628956 0.631235 0.630012
179 0.630077 0.628937 0.631218 0.630036
180 0.630065 0.628924 0.631206 0.630059
180 0.630065 0.628924 0.631206 0.630059
181 0.630099 0.628957 0.631241 0.630081
182 0.63017 0.629028 0.631313 0.630104
183 0.630205 0.629062 0.631349 0.630126
184 0.630237 0.629093 0.631381 0.630148
184 0.630237 0.629093 0.631381 0.630148
185 0.630251 0.629106 0.631395 0.63017
186 0.630249 0.629104 0.631394 0.630191
187 0.630266 0.629121 0.631412 0.630212
188 0.630303 0.629156 0.63145 0.630233
188 0.630303 0.629156 0.63145 0.630233
189 0.630297 0.62915 0.631444 0.630254
190 0.630311 0.629164 0.631459 0.630275
191 0.630329 0.629181 0.631476 0.630295
192 0.630371 0.629223 0.63152 0.630315
192 0.630371 0.629223 0.63152 0.630315
193 0.630382 0.629233 0.631532 0.630335
194 0.630422 0.629272 0.631572 0.630355
195 0.630436 0.629284 0.631587 0.630375
196 0.630455 0.629302 0.631607 0.630394
196 0.630455 0.629302 0.631607 0.630394
197 0.630467 0.629313 0.63162 0.630413
198 0.63047 0.629315 0.631624 0.630432
199 0.630478 0.629322 0.631634 0.630451
200 0.63048 0.629323 0.631636 0.630469
200 0.63048 0.629323 0.631636 0.630469
201 0.630485 0.629327 0.631643 0.630488
202 0.630527 0.629368 0.631686 0.630506
203 0.630545 0.629386 0.631704 0.630524
204 0.630557 0.629396 0.631717 0.630542
204 0.630557 0.629396 0.631717 0.630542
205 0.63062 0.629459 0.631781 0.63056
206 0.630606 0.629444 0.631767 0.630577
207 0.630625 0.629463 0.631788 0.630594
208 0.630651 0.629488 0.631814 0.630612
208 0.630651 0.629488 0.631814 0.630612
209 0.630682 0.629518 0.631846 0.630629
210 0.630713 0.629548 0.631878 0.630645
211 0.630731 0.629565 0.631897 0.630662
212 0.630742 0.629576 0.631908 0.630679
212 0.630742 0.629576 0.631908 0.630679
213 0.630785 0.629618 0.631952 0.630695
214 0.630839 0.629672 0.632007 0.630711
215 0.630858 0.62969 0.632027 0.630727
216 0.630877 0.629708 0.632047 0.630743
216 0.630877 0.629708 0.632047 0.630743
217 0.630909 0.629738 0.632079 0.630759
218 0.63093 0.62976 0.6321 0.630774
219 0.630943 0.629773 0.632114 0.63079
220 0.630934 0.629763 0.632105 0.630805
220 0.630934 0.629763 0.632105 0.630805
221 0.630954 0.629783 0.632126 0.63082
222 0.63101 0.629838 0.632182 0.630835
223 0.631041 0.629868 0.632214 0.63085
224 0.63107 0.629897 0.632244 0.630865
224 0.63107 0.629897 0.632244 0.630865
225 0.631108 0.629934 0.632282 0.63088
226 0.63112 0.629945 0.632295 0.630894
227 0.63111 0.629935 0.632285 0.630909
228 0.631123 0.629947 0.632298 0.630923
228 0.631123 0.629947 0.632298 0.630923
229 0.631149 0.629973 0.632325 0.630937
230 0.631179 0.630003 0.632355 0.630951
231 0.631206 0.630029 0.632382 0.630965
232 0.631231 0.630054 0.632408 0.630979
232 0.631231 0.630054 0.632408 0.630979
233 0.631254 0.630076 0.632432 0.630992
234 0.631277 0.630098 0.632455 0.631006
235 0.631288 0.630109 0.632468 0.631019
236 0.631318 0.630138 0.632498 0.631033
236 0.631318 0.630138 0.632498 0.631033
237 0.631343 0.630162 0.632523 0.631046
238 0.631333 0.630152 0.632514 0.631059
239 0.631353 0.630172 0.632534 0.631072
240 0.631382 0.6302 0.632563 0.631085
240 0.631382 0.6302 0.632563 0.631085
241 0.631396 0.630213 0.632578 0.631098
242 0.631414 0.630231 0.632597 0.63111
243 0.63142 0.630237 0.632603 0.631123
244 0.631436 0.630252 0.632619 0.631135
244 0.631436 0.630252 0.632619 0.631135
245 0.631443 0.630259 0.632628 0.631148
246 0.631487 0.630301 0.632672 0.63116
247 0.631518 0.630332 0.632705 0.631172
248 0.631498 0.630312 0.632685 0.631184
248 0.631498 0.630312 0.632685 0.631184
249 0.631508 0.630321 0.632695 0.631196
250 0.631516 0.630329 0.632703 0.631208
251 0.631536 0.630348 0.632723 0.63122
252 0.631573 0.630385 0.632762 0.631231
252 0.631573 0.630385 0.632762 0.631231
253 0.63159 0.630401 0.632779 0.631243
254 0.631609 0.630419 0.632798 0.631254
255 0.631611 0.630421 0.6328 0.631266
256 0.631625 0.630436 0.632815 0.631277
256 0.631625 0.630436 0.632815 0.631277
257 0.63161 0.63042 0.6328 0.631288
258 0.631632 0.630442 0.632822 0.631299
259 0.631627 0.630436 0.632818 0.63131
260 0.631632 0.630441 0.632824 0.631321
260 0.631632 0.630441 0.632824 0.631321
261 0.631643 0.630451 0.632835 0.631332
262 0.63165 0.630458 0.632843 0.631343
263 0.631662 0.630469 0.632854 0.631354
264 0.631655 0.630462 0.632849 0.631364
264 0.631655 0.630462 0.632849 0.631364
265 0.631688 0.630494 0.632882 0.631375
266 0.631676 0.630481 0.63287 0.631385
267 0.631662 0.630468 0.632857 0.631396
268 0.63166 0.630465 0.632855 0.631406
268 0.63166 0.630465 0.632855 0.631406
269 0.631661 0.630466 0.632857 0.631416
270 0.631674 0.630478 0.632871 0.631426
271 0.631703 0.630506 0.6329 0.631436
272 0.631723 0.630526 0.63292 0.631446
272 0.631723 0.630526 0.63292 0.631446
273 0.631717 0.63052 0.632914 0.631456
274 0.63171 0.630512 0.632907 0.631466
275 0.63171 0.630513 0.632908 0.631476
276 0.631717 0.63052 0.632915 0.631486
276 0.631717 0.63052 0.632915 0.631486
277 0.631721 0.630523 0.632919 0.631495
278 0.631729 0.630531 0.632928 0.631505
279 0.631715 0.630516 0.632913 0.631514
280 0.63171 0.630511 0.632909 0.631524
280 0.63171 0.630511 0.632909 0.631524
281 0.631725 0.630526 0.632925 0.631533
282 0.631715 0.630516 0.632915 0.631542
283 0.631715 0.630515 0.632916 0.631552
284 0.631713 0.630513 0.632913 0.631561
284 0.631713 0.630513 0.632913 0.631561
285 0.631715 0.630514 0.632915 0.63157
286 0.631714 0.630513 0.632915 0.631579
287 0.63173 0.630528 0.632931 0.631588
288 0.631729 0.630528 0.632931 0.631597
288 0.631729 0.630528 0.632931 0.631597
289 0.631763 0.630561 0.632965 0.631606
290 0.631785 0.630583 0.632988 0.631614
291 0.631802 0.630599 0.633004 0.631623
292 0.631803 0.6306 0.633006 0.631632
292 0.631803 0.6306 0.633006 0.631632
293 0.631822 0.630619 0.633025 0.63164
294 0.63181 0.630606 0.633014 0.631649
295 0.631812 0.630607 0.633016 0.631658
296 0.631811 0.630606 0.633016 0.631666
296 0.631811 0.630606 0.633016 0.631666
297 0.631826 0.630621 0.633032 0.631674
298 0.63185 0.630644 0.633056 0.631683
299 0.631888 0.630681 0.633095 0.631691
300 0.631877 0.63067 0.633085 0.631699
300 0.631877 0.63067 0.633085 0.631699
301 0.631875 0.630666 0.633083 0.631707
302 0.631871 0.630662 0.633079 0.631715
303 0.631894 0.630685 0.633103 0.631723
304 0.631912 0.630702 0.633121 0.631731
304 0.631912 0.630702 0.633121 0.631731
305 0.631902 0.630693 0.633112 0.631739
306 0.631907 0.630697 0.633117 0.631747
307 0.631922 0.630711 0.633132 0.631755
308 0.631929 0.630718 0.633139 0.631763
308 0.631929 0.630718 0.633139 0.631763
309 0.631931 0.63072 0.633141 0.631771
310 0.631955 0.630744 0.633165 0.631778
311 0.63197 0.63076 0.633181 0.631786
312 0.631972 0.630761 0.633182 0.631794
312 0.631972 0.630761 0.633182 0.631794
313 0.631963 0.630752 0.633174 0.631801
314 0.631979 0.630767 0.63319 0.631809
315 0.631972 0.630761 0.633183 0.631816
316 0.631979 0.630768 0.63319 0.631823
316 0.631979 0.630768 0.63319 0.631823
317 0.63198 0.630769 0.633191 0.631831
318 0.631983 0.630772 0.633194 0.631838
319 0.631969 0.630758 0.63318 0.631845
320 0.631985 0.630773 0.633197 0.631853
320 0.631985 0.630773 0.633197 0.631853
321 0.631993 0.630781 0.633206 0.63186
322 0.632021 0.630808 0.633234 0.631867
323 0.632032 0.630818 0.633245 0.631874
324 0.63204 0.630826 0.633253 0.631881
324 0.63204 0.630826 0.633253 0.631881
325 0.63204 0.630826 0.633255 0.631888
326 0.632037 0.630823 0.633251 0.631895
327 0.632037 0.630822 0.633251 0.631902
328 0.632033 0.630818 0.633248 0.631909
328 0.632033 0.630818 0.633248 0.631909
329 0.632035 0.630819 0.63325 0.631916
330 0.632035 0.630819 0.63325 0.631922
331 0.632064 0.630848 0.63328 0.631929
332 0.632072 0.630855 0.633288 0.631936
332 0.632072 0.630855 0.633288 0.631936
333 0.632089 0.630872 0.633306 0.631942
334 0.632105 0.630888 0.633322 0.631949
335 0.632116 0.630898 0.633333 0.631956
336 0.632147 0.63093 0.633365 0.631962
336 0.632147 0.63093 0.633365 0.631962
337 0.632139 0.630921 0.633357 0.631969
338 0.632142 0.630924 0.63336 0.631975
339 0.632169 0.63095 0.633387 0.631982
340 0.63219 0.630972 0.633409 0.631988
340 0.63219 0.630972 0.633409 0.631988
341 0.632194 0.630975 0.633413 0.631994
342 0.632198 0.630978 0.633417 0.632001
343 0.632199 0.630979 0.633419 0.632007
344 0.632199 0.630979 0.633419 0.632013
344 0.632199 0.630979 0.633419 0.632013
345 0.632203 0.630983 0.633423 0.632019
346 0.632211 0.630991 0.633431 0.632025
347 0.632215 0.630995 0.633436 0.632032
348 0.632223 0.631002 0.633443 0.632038
348 0.632223 0.631002 0.633443 0.632038
349 0.632243 0.631022 0.633464 0.632044
350 0.632265 0.631044 0.633485 0.63205
351 0.632262 0.631041 0.633482 0.632056
352 0.632278 0.631057 0.633498 0.632062
352 0.632278 0.631057 0.633498 0.632062
353 0.632271 0.631051 0.633492 0.632068
354 0.632285 0.631064 0.633506 0.632074
355 0.632308 0.631087 0.633529 0.632079
356 0.632316 0.631095 0.633538 0.632085
356 0.632316 0.631095 0.633538 0.632085
357 0.632309 0.631087 0.633531 0.632091
358 0.63234 0.631118 0.633562 0.632097
359 0.63233 0.631108 0.633552 0.632102
360 0.632322 0.631099 0.633544 0.632108
360 0.632322 0.631099 0.633544 0.632108
361 0.632323 0.6311 0.633545 0.632114
362 0.632328 0.631105 0.63355 0.632119
363 0.632334 0.631112 0.633557 0.632125
364 0.632334 0.631111 0.633556 0.632131
364 0.632334 0.631111 0.633556 0.632131
365 0.632334 0.631111 0.633557 0.632136
366 0.632364 0.631141 0.633587 0.632142
367 0.632366 0.631142 0.633589 0.632147
368 0.63239 0.631167 0.633614 0.632153
368 0.63239 0.631167 0.633614 0.632153
369 0.632382 0.631158 0.633605 0.632158
370 0.632385 0.631161 0.633608 0.632163
371 0.632367 0.631144 0.633591 0.632169
372 0.632389 0.631165 0.633613 0.632174
372 0.632389 0.631165 0.633613 0.632174
373 0.632403 0.631178 0.633627 0.632179
374 0.632403 0.631178 0.633628 0.632185
375 0.632405 0.63118 0.63363 0.63219
376 0.63241 0.631185 0.633636 0.632195
376 0.63241 0.631185 0.633636 0.632195
377 0.632422 0.631197 0.633648 0.6322
378 0.632404 0.631179 0.63363 0.632205
379 0.632413 0.631187 0.633638 0.632211
380 0.632418 0.631192 0.633644 0.632216
380 0.632418 0.631192 0.633644 0.632216
381 0.632421 0.631195 0.633647 0.632221
382 0.632414 0.631188 0.63364 0.632226
383 0.632425 0.631199 0.633651 0.632231
384 0.632449 0.631223 0.633675 0.632236
384 0.632449 0.631223 0.633675 0.632236
385 0.632449 0.631223 0.633675 0.632241
386 0.632466 0.631239 0.633692 0.632246
387 0.63247 0.631243 0.633697 0.632251
388 0.632458 0.631231 0.633685 0.632256
388 0.632458 0.631231 0.633685 0.632256
389 0.632472 0.631244 0.633699 0.63226
390 0.632471 0.631243 0.633699 0.632265
391 0.632481 0.631253 0.633709 0.63227
392 0.632476 0.631247 0.633704 0.632275
392 0.632476 0.631247 0.633704 0.632275
393 0.632473 0.631244 0.633702 0.63228
394 0.632492 0.631263 0.633721 0.632284
395 0.63249 0.631261 0.63372 0.632289
396 0.632478 0.631249 0.633708 0.632294
396 0.632478 0.631249 0.633708 0.632294
397 0.632492 0.631262 0.633722 0.632299
398 0.632491 0.631261 0.633722 0.632303
399 0.632494 0.631263 0.633724 0.632308
400 0.632503 0.631273 0.633734 0.632312
400 0.632503 0.631273 0.633734 0.632312
401 0.632501 0.63127 0.633732 0.632317
402 0.632504 0.631273 0.633735 0.632322
403 0.632531 0.631299 0.633763 0.632326
404 0.63254 0.631309 0.633772 0.632331
404 0.63254 0.631309 0.633772 0.632331
405 0.632552 0.63132 0.633783 0.632335
406 0.632556 0.631324 0.633788 0.63234
407 0.632562 0.63133 0.633794 0.632344
408 0.632577 0.631345 0.63381 0.632349
408 0.632577 0.631345 0.63381 0.632349
409 0.632578 0.631346 0.633811 0.632353
410 0.632575 0.631343 0.633808 0.632357
411 0.63259 0.631358 0.633822 0.632362
412 0.632606 0.631373 0.633838 0.632366
412 0.632606 0.631373 0.633838 0.632366
413 0.632614 0.631382 0.633847 0.63237
414 0.632625 0.631392 0.633858 0.632375
415 0.632633 0.6314 0.633866 0.632379
416 0.632649 0.631415 0.633883 0.632383
416 0.632649 0.631415 0.633883 0.632383
417 0.632644 0.631411 0.633878 0.632387
418 0.632654 0.63142 0.633888 0.632392
419 0.632656 0.631422 0.63389 0.632396
420 0.632665 0.631431 0.6339 0.6324
420 0.632665 0.631431 0.6339 0.6324
421 0.632683 0.631448 0.633917 0.632404
422 0.632684 0.63145 0.633919 0.632408
423 0.632709 0.631474 0.633943 0.632412
424 0.632721 0.631486 0.633956 0.632417
424 0.632721 0.631486 0.633956 0.632417
425 0.63271 0.631475 0.633945 0.632421
426 0.632693 0.631458 0.633928 0.632425
427 0.63269 0.631455 0.633925 0.632429
428 0.632683 0.631448 0.633919 0.632433
428 0.632683 0.631448 0.633919 0.632433
429 0.632689 0.631454 0.633925 0.632437
430 0.632699 0.631463 0.633935 0.632441
431 0.632704 0.631468 0.63394 0.632445
432 0.632704 0.631468 0.63394 0.632449
432 0.632704 0.631468 0.63394 0.632449
433 0.632725 0.631488 0.633961 0.632453
434 0.632741 0.631505 0.633978 0.632456
435 0.632736 0.631499 0.633972 0.63246
436 0.632753 0.631517 0.633989 0.632464
436 0.632753 0.631517 0.633989 0.632464
437 0.632756 0.631519 0.633992 0.632468
438 0.632774 0.631537 0.634011 0.632472
439 0.632788 0.631551 0.634025 0.632476
440 0.63279 0.631553 0.634026 0.63248
440 0.63279 0.631553 0.634026 0.63248
441 0.632779 0.631542 0.634016 0.632483
442 0.632776 0.631539 0.634013 0.632487
443 0.63277 0.631533 0.634007 0.632491
444 0.632753 0.631516 0.63399 0.632495
444 0.632753 0.631516 0.63399 0.632495
445 0.632754 0.631516 0.633991 0.632498
446 0.632759 0.631521 0.633997 0.632502
447 0.632762 0.631524 0.634 0.632506
448 0.632772 0.631534 0.63401 0.632509
448 0.632772 0.631534 0.63401 0.632509
449 0.632773 0.631535 0.63401 0.632513
450 0.632795 0.631557 0.634033 0.632517
451 0.6328 0.631562 0.634038 0.63252
452 0.632787 0.631549 0.634026 0.632524
452 0.632787 0.631549 0.634026 0.632524
453 0.632793 0.631555 0.634032 0.632528
454 0.632813 0.631574 0.634052 0.632531
455 0.632814 0.631575 0.634054 0.632535
456 0.632817 0.631578 0.634056 0.632538
456 0.632817 0.631578 0.634056 0.632538
457 0.632819 0.63158 0.634059 0.632542
458 0.632823 0.631583 0.634062 0.632545
459 0.632844 0.631604 0.634083 0.632549
460 0.632851 0.631612 0.634091 0.632552
460 0.632851 0.631612 0.634091 0.632552
461 0.63286 0.63162 0.6341 0.632556
462 0.632856 0.631615 0.634096 0.632559
463 0.632849 0.631609 0.634089 0.632563
464 0.632875 0.631634 0.634115 0.632566
464 0.632875 0.631634 0.634115 0.632566
465 0.632861 0.631621 0.634101 0.632569
466 0.632864 0.631623 0.634104 0.632573
467 0.632878 0.631637 0.634119 0.632576
468 0.632876 0.631635 0.634117 0.63258
468 0.632876 0.631635 0.634117 0.63258
469 0.63288 0.631639 0.634121 0.632583
470 0.632873 0.631632 0.634114 0.632586
471 0.632879 0.631638 0.634121 0.63259
472 0.632879 0.631638 0.634121 0.632593
472 0.632879 0.631638 0.634121 0.632593
473 0.632886 0.631644 0.634127 0.632596
474 0.632882 0.63164 0.634124 0.632599
475 0.632869 0.631628 0.634111 0.632603
476 0.632873 0.631631 0.634115 0.632606
476 0.632873 0.631631 0.634115 0.632606
477 0.632874 0.631632 0.634117 0.632609
478 0.632876 0.631633 0.634118 0.632612
479 0.63289 0.631647 0.634132 0.632616
480 0.632877 0.631634 0.634119 0.632619
480 0.632877 0.631634 0.634119 0.632619
481 0.632886 0.631644 0.634129 0.632622
482 0.632903 0.631661 0.634146 0.632625
483 0.632909 0.631667 0.634151 0.632628
484 0.632916 0.631674 0.634158 0.632631
484 0.632916 0.631674 0.634158 0.632631
485 0.632917 0.631675 0.63416 0.632635
486 0.632918 0.631675 0.63416 0.632638
487 0.632917 0.631674 0.634159 0.632641
488 0.632925 0.631682 0.634168 0.632644
488 0.632925 0.631682 0.634168 0.632644
489 0.632933 0.63169 0.634176 0.632647
490 0.632936 0.631693 0.63418 0.63265
491 0.632954 0.631711 0.634197 0.632653
492 0.632953 0.63171 0.634197 0.632656
492 0.632953 0.63171 0.634197 0.632656
493 0.632941 0.631697 0.634185 0.632659
494 0.632953 0.631708 0.634197 0.632662
495 0.632953 0.631709 0.634197 0.632665
496 0.632947 0.631703 0.634192 0.632668
496 0.632947 0.631703 0.634192 0.632668
497 0.632943 0.631698 0.634187 0.632671
498 0.632957 0.631712 0.634201 0.632674
499 0.632962 0.631717 0.634207 0.632677
500 0.632968 0.631723 0.634212 0.63268
500 0.632968 0.631723 0.634212 0.63268
501 0.632986 0.631741 0.634231 0.632683
502 0.632987 0.631742 0.634232 0.632686
503 0.632981 0.631736 0.634226 0.632689
504 0.632997 0.631751 0.634242 0.632692
504 0.632997 0.631751 0.634242 0.632692
505 0.633003 0.631757 0.634248 0.632695
506 0.633003 0.631757 0.634249 0.632697
507 0.633009 0.631763 0.634255 0.6327
508 0.63302 0.631774 0.634266 0.632703
508 0.63302 0.631774 0.634266 0.632703
509 0.633025 0.631778 0.634271 0.632706
510 0.633019 0.631773 0.634266 0.632709
511 0.633009 0.631763 0.634255 0.632712
512 0.633021 0.631775 0.634268 0.632714
512 0.633021 0.631775 0.634268 0.632714
513 0.633011 0.631765 0.634257 0.632717
514 0.632997 0.631751 0.634243 0.63272
515 0.632995 0.631749 0.634241 0.632723
516 0.633016 0.63177 0.634263 0.632726
516 0.633016 0.63177 0.634263 0.632726
517 0.633006 0.631759 0.634252 0.632728
518 0.633023 0.631776 0.634269 0.632731
519 0.633032 0.631785 0.634279 0.632734
520 0.633038 0.631791 0.634285 0.632737
520 0.633038 0.631791 0.634285 0.632737
521 0.633041 0.631794 0.634289 0.632739
522 0.633062 0.631814 0.634309 0.632742
523 0.633053 0.631805 0.6343 0.632745
524 0.63307 0.631822 0.634317 0.632747
524 0.63307 0.631822 0.634317 0.632747
525 0.633069 0.631822 0.634317 0.63275
526 0.633069 0.631821 0.634316 0.632753
527 0.633075 0.631827 0.634323 0.632755
528 0.63306 0.631813 0.634308 0.632758
528 0.63306 0.631813 0.634308 0.632758
529 0.633055 0.631808 0.634303 0.632761
530 0.633069 0.631821 0.634317 0.632763
531 0.633074 0.631826 0.634321 0.632766
532 0.63308 0.631832 0.634328 0.632768
532 0.63308 0.631832 0.634328 0.632768
533 0.633085 0.631837 0.634333 0.632771
534 0.633092 0.631844 0.634339 0.632774
535 0.63309 0.631842 0.634338 0.632776
536 0.633085 0.631837 0.634333 0.632779
536 0.633085 0.631837 0.634333 0.632779
537 0.633087 0.631839 0.634335 0.632781
538 0.633089 0.631841 0.634337 0.632784
539 0.633084 0.631836 0.634332 0.632786
540 0.633082 0.631834 0.63433 0.632789
540 0.633082 0.631834 0.63433 0.632789
541 0.633091 0.631843 0.634339 0.632791
542 0.633088 0.63184 0.634336 0.632794
543 0.633089 0.631841 0.634338 0.632796
544 0.633089 0.631841 0.634337 0.632799
544 0.633089 0.631841 0.634337 0.632799
545 0.63309 0.631842 0.634338 0.632801
546 0.63309 0.631842 0.634338 0.632804
547 0.633092 0.631844 0.63434 0.632806
548 0.633095 0.631847 0.634343 0.632809
548 0.633095 0.631847 0.634343 0.632809
549 0.633109 0.631861 0.634357 0.632811
550 0.633114 0.631865 0.634362 0.632814
551 0.63311 0.631862 0.634359 0.632816
552 0.63312 0.631872 0.634369 0.632818
552 0.63312 0.631872 0.634369 0.632818
553 0.633123 0.631874 0.634372 0.632821
554 0.633116 0.631867 0.634365 0.632823
555 0.633119 0.63187 0.634368 0.632826
556 0.633118 0.631869 0.634367 0.632828
556 0.633118 0.631869 0.634367 0.632828
557 0.633129 0.63188 0.634378 0.63283
558 0.633136 0.631887 0.634386 0.632833
559 0.633135 0.631885 0.634384 0.632835
560 0.633147 0.631897 0.634396 0.632837
560 0.633147 0.631897 0.634396 0.632837
561 0.633146 0.631896 0.634396 0.63284
562 0.633145 0.631894 0.634395 0.632842
563 0.63315 0.6319 0.634401 0.632844
564 0.633147 0.631896 0.634397 0.632847
564 0.633147 0.631896 0.634397 0.632847
565 0.633147 0.631897 0.634398 0.632849
566 0.633155 0.631905 0.634406 0.632851
567 0.633162 0.631911 0.634413 0.632854
568 0.633167 0.631916 0.634418 0.632856
568 0.633167 0.631916 0.634418 0.632856
569 0.633171 0.631921 0.634422 0.632858
570 0.633173 0.631922 0.634424 0.63286
571 0.633166 0.631915 0.634416 0.632863
572 0.633173 0.631922 0.634424 0.632865
572 0.633173 0.631922 0.634424 0.632865
573 0.633184 0.631933 0.634435 0.632867
574 0.633178 0.631927 0.634429 0.632869
575 0.633182 0.631931 0.634433 0.632872
576 0.633194 0.631943 0.634445 0.632874
576 0.633194 0.631943 0.634445 0.632874
577 0.633191 0.63194 0.634442 0.632876
578 0.63319 0.631939 0.634441 0.632878
579 0.633187 0.631936 0.634438 0.63288
580 0.633191 0.63194 0.634442 0.632883
580 0.633191 0.63194 0.634442 0.632883
581 0.633195 0.631944 0.634446 0.632885
582 0.633195 0.631944 0.634446 0.632887
583 0.633201 0.63195 0.634452 0.632889
584 0.633205 0.631954 0.634456 0.632891
584 0.633205 0.631954 0.634456 0.632891
585 0.63321 0.631959 0.634462 0.632893
586 0.633214 0.631962 0.634465 0.632896
587 0.63321 0.631959 0.634462 0.632898
588 0.633222 0.63197 0.634473 0.6329
588 0.633222 0.63197 0.634473 0.6329
589 0.633218 0.631967 0.63447 0.632902
590 0.633221 0.631969 0.634473 0.632904
591 0.633233 0.631981 0.634485 0.632906
592 0.63324 0.631988 0.634491 0.632908
592 0.63324 0.631988 0.634491 0.632908
593 0.633244 0.631992 0.634496 0.63291
594 0.633255 0.632002 0.634507 0.632912
595 0.633248 0.631995 0.6345 0.632915
596 0.633238 0.631985 0.63449 0.632917
596 0.633238 0.631985 0.63449 0.632917
597 0.63325 0.631998 0.634503 0.632919
598 0.633255 0.632002 0.634508 0.632921
599 0.633261 0.632008 0.634515 0.632923
600 0.63328 0.632026 0.634533 0.632925
600 0.63328 0.632026 0.634533 0.632925
601 0.633274 0.632021 0.634527 0.632927
602 0.633283 0.632029 0.634536 0.632929
603 0.633285 0.632031 0.634539 0.632931
604 0.633276 0.632022 0.634529 0.632933
604 0.633276 0.632022 0.634529 0.632933
605 0.633282 0.632028 0.634535 0.632935
606 0.633281 0.632026 0.634535 0.632937
607 0.633272 0.632018 0.634526 0.632939
608 0.633265 0.632011 0.634519 0.632941
608 0.633265 0.632011 0.634519 0.632941
609 0.633267 0.632012 0.634521 0.632943
610 0.633278 0.632023 0.634532 0.632945
611 0.633286 0.632032 0.634541 0.632947
612 0.633281 0.632027 0.634536 0.632949
612 0.633281 0.632027 0.634536 0.632949
613 0.633278 0.632023 0.634532 0.632951
614 0.633296 0.632041 0.634551 0.632953
615 0.633279 0.632025 0.634534 0.632955
616 0.633269 0.632014 0.634523 0.632957
616 0.633269 0.632014 0.634523 0.632957
617 0.633272 0.632017 0.634527 0.632959
618 0.633279 0.632024 0.634534 0.63296
619 0.63328 0.632026 0.634535 0.632962
620 0.633289 0.632033 0.634544 0.632964
620 0.633289 0.632033 0.634544 0.632964
621 0.63329 0.632035 0.634545 0.632966
622 0.633289 0.632035 0.634544 0.632968
623 0.633291 0.632036 0.634546 0.63297
624 0.633291 0.632036 0.634546 0.632972
624 0.633291 0.632036 0.634546 0.632972
625 0.633305 0.63205 0.63456 0.632974
626 0.633317 0.632062 0.634572 0.632976
627 0.633316 0.63206 0.634571 0.632977
628 0.633321 0.632065 0.634576 0.632979
628 0.633321 0.632065 0.634576 0.632979
629 0.633326 0.63207 0.634581 0.632981
630 0.633333 0.632077 0.634588 0.632983
631 0.633336 0.632081 0.634592 0.632985
632 0.633349 0.632093 0.634605 0.632987
632 0.633349 0.632093 0.634605 0.632987
633 0.633347 0.632092 0.634603 0.632989
634 0.633337 0.632082 0.634593 0.63299
635 0.633349 0.632093 0.634605 0.632992
636 0.633355 0.632098 0.634611 0.632994
636 0.633355 0.632098 0.634611 0.632994
637 0.633368 0.632112 0.634624 0.632996
638 0.63337 0.632114 0.634626 0.632998
639 0.63337 0.632114 0.634626 0.632999
640 0.633366 0.63211 0.634623 0.633001
640 0.633366 0.63211 0.634623 0.633001
641 0.633372 0.632116 0.634629 0.633003
642 0.633373 0.632116 0.634629 0.633005
643 0.633374 0.632118 0.63463 0.633007
644 0.633365 0.632108 0.634621 0.633008
644 0.633365 0.632108 0.634621 0.633008
645 0.633368 0.632111 0.634625 0.63301
646 0.633367 0.63211 0.634624 0.633012
647 0.633359 0.632103 0.634616 0.633014
648 0.633349 0.632092 0.634605 0.633015
648 0.633349 0.632092 0.634605 0.633015
649 0.633349 0.632093 0.634606 0.633017
650 0.633351 0.632094 0.634608 0.633019
651 0.633355 0.632099 0.634612 0.633021
652 0.633353 0.632096 0.63461 0.633022
652 0.633353 0.632096 0.63461 0.633022
653 0.633356 0.632099 0.634612 0.633024
654 0.633366 0.632109 0.634623 0.633026
655 0.633376 0.632119 0.634633 0.633028
656 0.633377 0.63212 0.634634 0.633029
656 0.633377 0.63212 0.634634 0.633029
657 0.633374 0.632117 0.634631 0.633031
658 0.633382 0.632124 0.634639 0.633033
659 0.633384 0.632127 0.634642 0.633034
660 0.633383 0.632126 0.63464 0.633036
660 0.633383 0.632126 0.63464 0.633036
661 0.633394 0.632136 0.634651 0.633038
662 0.633393 0.632135 0.634651 0.633039
663 0.633398 0.63214 0.634656 0.633041
664 0.633396 0.632138 0.634654 0.633043
664 0.633396 0.632138 0.634654 0.633043
665 0.633391 0.632133 0.634649 0.633044
666 0.63339 0.632133 0.634648 0.633046
667 0.633389 0.632131 0.634647 0.633048
668 0.633391 0.632133 0.634649 0.633049
668 0.633391 0.632133 0.634649 0.633049
669 0.633393 0.632135 0.634651 0.633051
670 0.633395 0.632137 0.634654 0.633053
671 0.633399 0.63214 0.634657 0.633054
672 0.633415 0.632156 0.634673 0.633056
672 0.633415 0.632156 0.634673 0.633056
673 0.633421 0.632162 0.63468 0.633057
674 0.633412 0.632153 0.634671 0.633059
675 0.633416 0.632157 0.634675 0.633061
676 0.63341 0.632151 0.634669 0.633062
676 0.63341 0.632151 0.634669 0.633062
677 0.633413 0.632154 0.634672 0.633064
678 0.633411 0.632152 0.63467 0.633066
679 0.63341 0.632151 0.634668 0.633067
680 0.633412 0.632153 0.634671 0.633069
680 0.633412 0.632153 0.634671 0.633069
681 0.633419 0.63216 0.634678 0.63307
682 0.633415 0.632156 0.634674 0.633072
683 0.633414 0.632156 0.634673 0.633073
684 0.633415 0.632156 0.634674 0.633075
684 0.633415 0.632156 0.634674 0.633075
685 0.633416 0.632157 0.634675 0.633077
686 0.633409 0.632149 0.634668 0.633078
687 0.633421 0.632162 0.63468 0.63308
688 0.633427 0.632167 0.634686 0.633081
688 0.633427 0.632167 0.634686 0.633081
689 0.633431 0.632172 0.634691 0.633083
690 0.633442 0.632182 0.634701 0.633084
691 0.633435 0.632175 0.634695 0.633086
692 0.633441 0.632182 0.634701 0.633087
692 0.633441 0.632182 0.634701 0.633087
693 0.633452 0.632192 0.634712 0.633089
694 0.633445 0.632185 0.634705 0.63309
695 0.633452 0.632192 0.634712 0.633092
696 0.633452 0.632192 0.634713 0.633094
696 0.633452 0.632192 0.634713 0.633094
697 0.633456 0.632196 0.634716 0.633095
698 0.633454 0.632194 0.634714 0.633097
699 0.633446 0.632185 0.634706 0.633098
700 0.633447 0.632186 0.634707 0.6331
700 0.633447 0.632186 0.634707 0.6331
701 0.633451 0.632191 0.634711 0.633101
702 0.633453 0.632193 0.634713 0.633103
703 0.633455 0.632194 0.634715 0.633104
704 0.633466 0.632206 0.634727 0.633106
704 0.633466 0.632206 0.634727 0.633106
705 0.633467 0.632207 0.634728 0.633107
706 0.633471 0.63221 0.634731 0.633108
707 0.633475 0.632215 0.634736 0.63311
708 0.633479 0.632218 0.634739 0.633111
708 0.633479 0.632218 0.634739 0.633111
709 0.633485 0.632225 0.634746 0.633113
710 0.633487 0.632226 0.634748 0.633114
711 0.633486 0.632225 0.634746 0.633116
712 0.633487 0.632226 0.634747 0.633117
712 0.633487 0.632226 0.634747 0.633117
713 0.633486 0.632226 0.634747 0.633119
714 0.633493 0.632233 0.634754 0.63312
715 0.633494 0.632233 0.634755 0.633122
716 0.633501 0.63224 0.634761 0.633123
716 0.633501 0.63224 0.634761 0.633123
717 0.633494 0.632233 0.634754 0.633124
718 0.633499 0.632238 0.63476 0.633126
719 0.633494 0.632233 0.634754 0.633127
720 0.633491 0.63223 0.634751 0.633129
720 0.633491 0.63223 0.634751 0.633129
721 0.633503 0.632242 0.634763 0.63313
722 0.6335 0.632239 0.63476 0.633131
723 0.633496 0.632235 0.634757 0.633133
724 0.633489 0.632229 0.63475 0.633134
724 0.633489 0.632229 0.63475 0.633134
725 0.633493 0.632232 0.634754 0.633136
726 0.633496 0.632235 0.634757 0.633137
727 0.633493 0.632233 0.634754 0.633138
728 0.6335 0.632239 0.63476 0.63314
728 0.6335 0.632239 0.63476 0.63314
729 0.633506 0.632245 0.634767 0.633141
730 0.63351 0.632249 0.634771 0.633143
731 0.633509 0.632248 0.63477 0.633144
732 0.633518 0.632256 0.634779 0.633145
732 0.633518 0.632256 0.634779 0.633145
733 0.633516 0.632254 0.634777 0.633147
734 0.633512 0.632251 0.634773 0.633148
735 0.633524 0.632262 0.634785 0.633149
736 0.633525 0.632264 0.634786 0.633151
736 0.633525 0.632264 0.634786 0.633151
737 0.633539 0.632278 0.634801 0.633152
738 0.63355 0.632288 0.634811 0.633154
739 0.633552 0.632291 0.634814 0.633155
740 0.63355 0.632288 0.634812 0.633156
740 0.63355 0.632288 0.634812 0.633156
741 0.633544 0.632282 0.634806 0.633158
742 0.633544 0.632282 0.634806 0.633159
743 0.633538 0.632276 0.634799 0.63316
744 0.633544 0.632283 0.634806 0.633162
744 0.633544 0.632283 0.634806 0.633162
745 0.633547 0.632285 0.634809 0.633163
746 0.633548 0.632287 0.63481 0.633164
747 0.633555 0.632293 0.634817 0.633166
748 0.633559 0.632297 0.634821 0.633167
748 0.633559 0.632297 0.634821 0.633167
749 0.633554 0.632292 0.634816 0.633168
750 0.633557 0.632295 0.634819 0.633169
751 0.633558 0.632296 0.63482 0.633171
752 0.633553 0.63229 0.634815 0.633172
752 0.633553 0.63229 0.634815 0.633172
753 0.63355 0.632288 0.634812 0.633173
754 0.633546 0.632284 0.634808 0.633175
755 0.633544 0.632282 0.634807 0.633176
756 0.633549 0.632286 0.634811 0.633177
756 0.633549 0.632286 0.634811 0.633177
757 0.633552 0.632289 0.634814 0.633178
758 0.633553 0.632291 0.634816 0.63318
759 0.633557 0.632295 0.63482 0.633181
760 0.633555 0.632293 0.634818 0.633182
760 0.633555 0.632293 0.634818 0.633182
761 0.633556 0.632293 0.634819 0.633184
762 0.633563 0.6323 0.634826 0.633185
763 0.633553 0.63229 0.634815 0.633186
764 0.633547 0.632284 0.63481 0.633187
764 0.633547 0.632284 0.63481 0.633187
765 0.63355 0.632287 0.634813 0.633189
766 0.633558 0.632295 0.634821 0.63319
767 0.633565 0.632302 0.634828 0.633191
768 0.633569 0.632306 0.634833 0.633192
768 0.633569 0.632306 0.634833 0.633192
769 0.633562 0.632298 0.634825 0.633194
770 0.633567 0.632304 0.634831 0.633195
771 0.633569 0.632306 0.634833 0.633196
772 0.633573 0.63231 0.634837 0.633197
772 0.633573 0.63231 0.634837 0.633197
773 0.63358 0.632316 0.634844 0.633199
774 0.633574 0.63231 0.634838 0.6332
775 0.633584 0.63232 0.634848 0.633201
776 0.63359 0.632326 0.634854 0.633202
776 0.63359 0.632326 0.634854 0.633202
777 0.633593 0.632329 0.634857 0.633203
778 0.633591 0.632326 0.634855 0.633205
779 0.633589 0.632325 0.634853 0.633206
780 0.633591 0.632327 0.634856 0.633207
780 0.633591 0.632327 0.634856 0.633207
781 0.633595 0.632331 0.634859 0.633208
782 0.6336 0.632336 0.634864 0.633209
783 0.633602 0.632338 0.634867 0.633211
784 0.633599 0.632334 0.634863 0.633212
784 0.633599 0.632334 0.634863 0.633212
785 0.633603 0.632338 0.634867 0.633213
786 0.633605 0.63234 0.63487 0.633214
787 0.633607 0.632342 0.634872 0.633215
788 0.633612 0.632347 0.634877 0.633217
788 0.633612 0.632347 0.634877 0.633217
789 0.633616 0.632351 0.634881 0.633218
790 0.63361 0.632345 0.634875 0.633219
791 0.633599 0.632335 0.634864 0.63322
792 0.633599 0.632334 0.634864 0.633221
792 0.633599 0.632334 0.634864 0.633221
793 0.633597 0.632332 0.634863 0.633222
794 0.633604 0.632339 0.634869 0.633224
795 0.633598 0.632332 0.634863 0.633225
796 0.633598 0.632332 0.634863 0.633226
796 0.633598 0.632332 0.634863 0.633226
797 0.633603 0.632338 0.634869 0.633227
798 0.633601 0.632335 0.634866 0.633228
799 0.633608 0.632342 0.634873 0.633229
800 0.633616 0.632351 0.634882 0.633231
800 0.633616 0.632351 0.634882 0.633231
801 0.633613 0.632347 0.634878 0.633232
802 0.633607 0.632341 0.634872 0.633233
803 0.633604 0.632338 0.634869 0.633234
804 0.633601 0.632336 0.634867 0.633235
804 0.633601 0.632336 0.634867 0.633235
805 0.633612 0.632346 0.634877 0.633236
806 0.633612 0.632347 0.634878 0.633237
807 0.633621 0.632355 0.634887 0.633239
808 0.633616 0.632351 0.634882 0.63324
808 0.633616 0.632351 0.634882 0.63324
809 0.633625 0.632359 0.634891 0.633241
810 0.63363 0.632364 0.634896 0.633242
811 0.633633 0.632367 0.634899 0.633243
812 0.633638 0.632372 0.634904 0.633244
812 0.633638 0.632372 0.634904 0.633244
813 0.633642 0.632376 0.634908 0.633245
814 0.633648 0.632381 0.634914 0.633246
815 0.633659 0.632393 0.634926 0.633247
816 0.633657 0.632391 0.634924 0.633249
816 0.633657 0.632391 0.634924 0.633249
817 0.633649 0.632383 0.634916 0.63325
818 0.63365 0.632383 0.634917 0.633251
819 0.633656 0.632389 0.634922 0.633252
820 0.633659 0.632393 0.634926 0.633253
820 0.633659 0.632393 0.634926 0.633253
821 0.633666 0.632399 0.634933 0.633254
822 0.633664 0.632397 0.634931 0.633255
823 0.633664 0.632398 0.634931 0.633256
824 0.63366 0.632393 0.634927 0.633257
824 0.63366 0.632393 0.634927 0.633257
825 0.633667 0.6324 0.634934 0.633258
826 0.633663 0.632396 0.63493 0.633259
827 0.633665 0.632398 0.634932 0.63326
828 0.633665 0.632398 0.634932 0.633262
828 0.633665 0.632398 0.634932 0.633262
829 0.633663 0.632396 0.63493 0.633263
830 0.633657 0.632391 0.634924 0.633264
831 0.633665 0.632398 0.634932 0.633265
832 0.633665 0.632398 0.634932 0.633266
832 0.633665 0.632398 0.634932 0.633266
833 0.633664 0.632397 0.634931 0.633267
834 0.633661 0.632394 0.634928 0.633268
835 0.633665 0.632398 0.634932 0.633269
836 0.633666 0.632399 0.634932 0.63327
836 0.633666 0.632399 0.634932 0.63327
837 0.633679 0.632411 0.634946 0.633271
838 0.63368 0.632413 0.634947 0.633272
839 0.633685 0.632418 0.634952 0.633273
