//total_population estimated_relatedness lower_bound upper_bound relatedness
1030 0.943389 nan nan 0.943389
1050 0.943391 0.943364 0.943417 0.943391
1071 0.9434 0.943362 0.943437 0.943393
1091 0.943385 0.943339 0.94343 0.943395
1112 0.94339 0.943338 0.943442 0.943397
1133 0.943406 0.943349 0.943464 0.943399
1153 0.943407 0.943345 0.94347 0.943401
1174 0.943397 0.94333 0.943464 0.943403
1194 0.943405 0.943334 0.943476 0.943404
1215 0.943422 0.943348 0.943497 0.943406
1236 0.943429 0.943351 0.943507 0.943408
1256 0.94343 0.943348 0.943511 0.943409
1277 0.943432 0.943347 0.943516 0.943411
1297 0.943434 0.943347 0.943521 0.943412
1318 0.943431 0.943341 0.943521 0.943413
1339 0.943433 0.94334 0.943525 0.943415
1359 0.943437 0.943343 0.943532 0.943416
1380 0.943416 0.943319 0.943513 0.943417
1400 0.943425 0.943326 0.943523 0.943418
1421 0.943431 0.94333 0.943532 0.94342
1442 0.94343 0.943327 0.943533 0.943421
1462 0.943434 0.943329 0.943539 0.943422
1483 0.943446 0.943339 0.943552 0.943423
1503 0.943458 0.943351 0.943566 0.943424
1524 0.943459 0.94335 0.943569 0.943425
1545 0.943467 0.943356 0.943578 0.943426
1565 0.943463 0.943351 0.943576 0.943427
1586 0.943477 0.943363 0.943591 0.943428
1606 0.94347 0.943354 0.943585 0.943429
1627 0.943472 0.943356 0.943589 0.94343
1648 0.943469 0.943351 0.943586 0.94343
1668 0.943467 0.943349 0.943585 0.943431
1689 0.943463 0.943343 0.943583 0.943432
1709 0.943467 0.943346 0.943587 0.943433
1730 0.943469 0.943347 0.943591 0.943434
1751 0.943471 0.943348 0.943594 0.943435
1771 0.943469 0.943345 0.943593 0.943435
1792 0.943481 0.943356 0.943607 0.943436
1812 0.943479 0.943353 0.943606 0.943437
1833 0.943471 0.943343 0.943598 0.943437
1854 0.943478 0.94335 0.943606 0.943438
1874 0.943473 0.943344 0.943602 0.943439
1895 0.943479 0.943349 0.943609 0.943439
1915 0.943484 0.943353 0.943614 0.94344
1936 0.94349 0.943359 0.943622 0.943441
1957 0.943477 0.943345 0.943609 0.943441
1977 0.943479 0.943347 0.943612 0.943442
1998 0.943481 0.943348 0.943615 0.943443
2018 0.943488 0.943354 0.943623 0.943443
2039 0.943496 0.943361 0.943631 0.943444
2060 0.943495 0.943359 0.94363 0.943444
2080 0.943503 0.943366 0.943639 0.943445
2101 0.943495 0.943358 0.943632 0.943445
2121 0.943492 0.943354 0.94363 0.943446
2142 0.943496 0.943357 0.943634 0.943446
2163 0.943495 0.943356 0.943634 0.943447
2183 0.943498 0.943358 0.943637 0.943447
2204 0.943509 0.943369 0.943649 0.943448
2224 0.943493 0.943353 0.943634 0.943448
2245 0.943493 0.943352 0.943635 0.943449
2266 0.943501 0.94336 0.943643 0.943449
2286 0.943513 0.943371 0.943656 0.94345
2307 0.943505 0.943363 0.943648 0.94345
2327 0.94352 0.943377 0.943664 0.943451
2348 0.943525 0.943381 0.943669 0.943451
2369 0.943526 0.943382 0.943671 0.943451
2389 0.943523 0.943377 0.943668 0.943452
2410 0.943514 0.943368 0.943659 0.943452
2430 0.943508 0.943362 0.943654 0.943453
2451 0.943522 0.943375 0.943668 0.943453
2472 0.943522 0.943375 0.943668 0.943453
2492 0.943521 0.943374 0.943668 0.943454
2513 0.943505 0.943358 0.943653 0.943454
2533 0.943507 0.943359 0.943655 0.943454
2554 0.943503 0.943355 0.943652 0.943455
2575 0.943503 0.943354 0.943653 0.943455
2595 0.943511 0.943362 0.943661 0.943456
2616 0.943516 0.943366 0.943666 0.943456
2636 0.943516 0.943366 0.943666 0.943456
2657 0.943518 0.943367 0.943668 0.943457
2678 0.943521 0.94337 0.943672 0.943457
2698 0.943518 0.943367 0.943669 0.943457
2719 0.943532 0.94338 0.943684 0.943458
2739 0.943527 0.943374 0.943679 0.943458
2760 0.943529 0.943377 0.943682 0.943458
2781 0.94354 0.943388 0.943693 0.943458
2801 0.94354 0.943387 0.943693 0.943459
2822 0.943544 0.94339 0.943697 0.943459
2842 0.943535 0.943381 0.943689 0.943459
2863 0.943536 0.943382 0.943691 0.94346
2884 0.943535 0.94338 0.943689 0.94346
2904 0.94353 0.943375 0.943685 0.94346
2925 0.943534 0.943379 0.943689 0.94346
2945 0.943535 0.943379 0.94369 0.943461
2966 0.943539 0.943383 0.943694 0.943461
2987 0.943534 0.943378 0.94369 0.943461
3007 0.943537 0.943381 0.943693 0.943462
3028 0.943547 0.94339 0.943704 0.943462
3048 0.943549 0.943392 0.943706 0.943462
3069 0.943553 0.943396 0.94371 0.943462
3090 0.943555 0.943398 0.943712 0.943463
3110 0.943544 0.943386 0.943702 0.943463
3131 0.943543 0.943385 0.943702 0.943463
3151 0.943544 0.943386 0.943703 0.943463
3172 0.943539 0.94338 0.943697 0.943463
3193 0.943536 0.943377 0.943695 0.943464
3213 0.94354 0.94338 0.943699 0.943464
3234 0.943534 0.943374 0.943694 0.943464
3254 0.943536 0.943376 0.943696 0.943464
3275 0.943527 0.943366 0.943687 0.943465
3296 0.943523 0.943363 0.943684 0.943465
3316 0.943514 0.943353 0.943674 0.943465
3337 0.943515 0.943354 0.943676 0.943465
3357 0.943516 0.943355 0.943677 0.943465
3378 0.943517 0.943356 0.943678 0.943466
3399 0.943519 0.943357 0.94368 0.943466
3419 0.943519 0.943358 0.943681 0.943466
3440 0.943521 0.943359 0.943683 0.943466
3460 0.943523 0.943361 0.943685 0.943466
3481 0.943516 0.943354 0.943679 0.943467
3502 0.943514 0.943352 0.943677 0.943467
3522 0.943516 0.943353 0.943679 0.943467
3543 0.943516 0.943353 0.943679 0.943467
3563 0.943509 0.943346 0.943673 0.943467
3584 0.943508 0.943345 0.943671 0.943468
3605 0.943505 0.943342 0.943669 0.943468
3625 0.943505 0.943342 0.943669 0.943468
3646 0.943504 0.94334 0.943667 0.943468
3666 0.943502 0.943338 0.943666 0.943468
3687 0.943496 0.943332 0.94366 0.943468
3708 0.943504 0.94334 0.943669 0.943469
3728 0.943503 0.943339 0.943668 0.943469
3749 0.943514 0.94335 0.943678 0.943469
3769 0.94352 0.943356 0.943685 0.943469
3790 0.943517 0.943352 0.943682 0.943469
3811 0.943521 0.943356 0.943686 0.943469
3831 0.94352 0.943354 0.943685 0.94347
3852 0.943519 0.943354 0.943685 0.94347
3872 0.943514 0.943349 0.94368 0.94347
3893 0.943508 0.943342 0.943673 0.94347
3914 0.943507 0.943341 0.943673 0.94347
3934 0.943504 0.943338 0.943671 0.94347
3955 0.943507 0.943341 0.943673 0.943471
3975 0.943505 0.943338 0.943671 0.943471
3996 0.943506 0.943339 0.943672 0.943471
4017 0.943499 0.943332 0.943665 0.943471
4037 0.9435 0.943333 0.943666 0.943471
4058 0.943502 0.943335 0.943669 0.943471
4078 0.943502 0.943335 0.943669 0.943471
4099 0.9435 0.943333 0.943668 0.943472
4120 0.943499 0.943331 0.943666 0.943472
4140 0.943497 0.94333 0.943665 0.943472
4161 0.9435 0.943332 0.943668 0.943472
4181 0.943497 0.943329 0.943665 0.943472
4202 0.943502 0.943334 0.94367 0.943472
4223 0.943504 0.943336 0.943672 0.943472
4243 0.943508 0.943339 0.943676 0.943472
4264 0.943502 0.943334 0.943671 0.943473
4284 0.943504 0.943336 0.943673 0.943473
4305 0.943505 0.943336 0.943674 0.943473
4326 0.943505 0.943336 0.943674 0.943473
4346 0.943506 0.943337 0.943675 0.943473
4367 0.943508 0.943339 0.943677 0.943473
4387 0.943507 0.943338 0.943676 0.943473
4408 0.943508 0.943339 0.943678 0.943473
4429 0.943507 0.943337 0.943676 0.943474
4449 0.943503 0.943334 0.943673 0.943474
4470 0.943506 0.943336 0.943675 0.943474
4490 0.943508 0.943338 0.943678 0.943474
4511 0.943505 0.943335 0.943675 0.943474
4532 0.943507 0.943337 0.943677 0.943474
4552 0.943508 0.943338 0.943678 0.943474
4573 0.943509 0.943339 0.943679 0.943474
4593 0.943508 0.943338 0.943679 0.943474
4614 0.943502 0.943332 0.943673 0.943475
4635 0.943504 0.943333 0.943675 0.943475
4655 0.943504 0.943333 0.943675 0.943475
4676 0.943506 0.943335 0.943677 0.943475
4696 0.943511 0.94334 0.943681 0.943475
4717 0.943513 0.943342 0.943684 0.943475
4738 0.943516 0.943345 0.943687 0.943475
4758 0.943517 0.943346 0.943688 0.943475
4779 0.943511 0.94334 0.943682 0.943475
4799 0.943511 0.94334 0.943682 0.943476
4820 0.943509 0.943338 0.94368 0.943476
4841 0.943513 0.943342 0.943684 0.943476
4861 0.943515 0.943344 0.943687 0.943476
4882 0.943519 0.943348 0.94369 0.943476
4902 0.943522 0.943351 0.943694 0.943476
4923 0.943521 0.943349 0.943692 0.943476
4944 0.943521 0.94335 0.943693 0.943476
4964 0.943515 0.943344 0.943687 0.943476
4985 0.943511 0.943339 0.943683 0.943476
5005 0.943509 0.943338 0.943681 0.943477
5026 0.943511 0.943339 0.943683 0.943477
5047 0.943515 0.943343 0.943687 0.943477
5067 0.943514 0.943342 0.943686 0.943477
5088 0.943511 0.943339 0.943683 0.943477
5108 0.943509 0.943337 0.943681 0.943477
5129 0.94351 0.943338 0.943683 0.943477
5150 0.943512 0.94334 0.943685 0.943477
5170 0.943512 0.943339 0.943684 0.943477
5191 0.943513 0.943341 0.943685 0.943477
5211 0.943518 0.943345 0.94369 0.943477
5232 0.943516 0.943344 0.943689 0.943477
5253 0.943518 0.943345 0.94369 0.943478
5273 0.943519 0.943347 0.943692 0.943478
5294 0.943521 0.943348 0.943694 0.943478
5314 0.943521 0.943348 0.943694 0.943478
5335 0.943522 0.943349 0.943694 0.943478
5356 0.94352 0.943348 0.943693 0.943478
5376 0.94352 0.943347 0.943693 0.943478
5397 0.943521 0.943348 0.943694 0.943478
5417 0.943519 0.943346 0.943693 0.943478
5438 0.94352 0.943347 0.943693 0.943478
5459 0.94352 0.943347 0.943694 0.943478
5479 0.943517 0.943344 0.943691 0.943478
5500 0.943516 0.943342 0.943689 0.943479
5520 0.943517 0.943343 0.94369 0.943479
5541 0.943517 0.943344 0.943691 0.943479
5562 0.943521 0.943347 0.943695 0.943479
5582 0.943525 0.943351 0.943699 0.943479
5603 0.943528 0.943354 0.943702 0.943479
5623 0.943528 0.943354 0.943702 0.943479
5644 0.943529 0.943355 0.943703 0.943479
5665 0.943527 0.943353 0.943702 0.943479
5685 0.943526 0.943352 0.943701 0.943479
5706 0.943525 0.94335 0.943699 0.943479
5726 0.943524 0.943349 0.943698 0.943479
5747 0.943526 0.943351 0.9437 0.943479
5768 0.943526 0.943351 0.943701 0.94348
5788 0.943527 0.943352 0.943701 0.94348
5809 0.94353 0.943355 0.943705 0.94348
5829 0.943535 0.94336 0.94371 0.94348
5850 0.943534 0.943359 0.943709 0.94348
5871 0.943534 0.943359 0.943709 0.94348
5891 0.943531 0.943355 0.943706 0.94348
5912 0.943527 0.943351 0.943702 0.94348
5932 0.943525 0.943349 0.9437 0.94348
5953 0.943525 0.943349 0.9437 0.94348
5974 0.943525 0.94335 0.943701 0.94348
5994 0.943523 0.943348 0.943699 0.94348
6015 0.943521 0.943346 0.943697 0.94348
6035 0.943522 0.943347 0.943698 0.94348
6056 0.943524 0.943348 0.9437 0.94348
6077 0.943523 0.943347 0.943699 0.943481
6097 0.943524 0.943348 0.9437 0.943481
6118 0.943525 0.943349 0.943701 0.943481
6138 0.943524 0.943348 0.9437 0.943481
6159 0.943526 0.94335 0.943702 0.943481
6180 0.943525 0.943349 0.943701 0.943481
6200 0.943527 0.943351 0.943704 0.943481
6221 0.94353 0.943354 0.943707 0.943481
6241 0.943533 0.943357 0.94371 0.943481
6262 0.943535 0.943359 0.943712 0.943481
6283 0.943533 0.943357 0.94371 0.943481
6303 0.943531 0.943354 0.943708 0.943481
6324 0.943531 0.943355 0.943708 0.943481
6344 0.943528 0.943351 0.943705 0.943481
6365 0.943533 0.943356 0.94371 0.943481
6386 0.943536 0.943359 0.943713 0.943481
6406 0.943538 0.943361 0.943714 0.943481
6427 0.943535 0.943359 0.943712 0.943482
6447 0.943532 0.943355 0.943709 0.943482
6468 0.943532 0.943355 0.943709 0.943482
6489 0.943532 0.943355 0.943709 0.943482
6509 0.94353 0.943353 0.943707 0.943482
6530 0.943532 0.943355 0.943709 0.943482
6550 0.943532 0.943355 0.94371 0.943482
6571 0.943533 0.943355 0.94371 0.943482
6592 0.943535 0.943357 0.943712 0.943482
6612 0.943537 0.94336 0.943714 0.943482
6633 0.943537 0.94336 0.943715 0.943482
6653 0.943531 0.943354 0.943708 0.943482
6674 0.943534 0.943356 0.943711 0.943482
6695 0.943531 0.943354 0.943709 0.943482
6715 0.94353 0.943352 0.943707 0.943482
6736 0.943529 0.943352 0.943707 0.943482
6756 0.943532 0.943354 0.943709 0.943482
6777 0.943532 0.943355 0.94371 0.943482
6798 0.943534 0.943357 0.943712 0.943482
6818 0.943536 0.943359 0.943714 0.943483
6839 0.943537 0.943359 0.943714 0.943483
6859 0.943537 0.943359 0.943714 0.943483
6880 0.943538 0.943361 0.943716 0.943483
6901 0.943536 0.943358 0.943714 0.943483
6921 0.943534 0.943356 0.943712 0.943483
6942 0.943535 0.943357 0.943713 0.943483
6962 0.943536 0.943358 0.943714 0.943483
6983 0.943536 0.943358 0.943714 0.943483
7004 0.943535 0.943357 0.943713 0.943483
7024 0.943537 0.943359 0.943715 0.943483
7045 0.943535 0.943357 0.943713 0.943483
7065 0.943533 0.943355 0.943712 0.943483
7086 0.943535 0.943356 0.943713 0.943483
7107 0.943536 0.943357 0.943714 0.943483
7127 0.943535 0.943356 0.943713 0.943483
7148 0.943534 0.943355 0.943712 0.943483
7168 0.943537 0.943358 0.943715 0.943483
7189 0.943535 0.943357 0.943714 0.943483
7210 0.943531 0.943352 0.94371 0.943483
7230 0.94353 0.943351 0.943708 0.943483
7251 0.943532 0.943353 0.94371 0.943484
7271 0.943534 0.943355 0.943713 0.943484
7292 0.943534 0.943355 0.943713 0.943484
7313 0.943533 0.943354 0.943712 0.943484
7333 0.943532 0.943353 0.943711 0.943484
7354 0.943535 0.943356 0.943714 0.943484
7374 0.943532 0.943353 0.943712 0.943484
7395 0.943534 0.943355 0.943713 0.943484
7416 0.943535 0.943356 0.943714 0.943484
7436 0.943531 0.943352 0.94371 0.943484
7457 0.943527 0.943348 0.943706 0.943484
7477 0.943526 0.943347 0.943706 0.943484
7498 0.943528 0.943348 0.943707 0.943484
7519 0.943527 0.943348 0.943707 0.943484
7539 0.943531 0.943352 0.94371 0.943484
7560 0.943531 0.943351 0.94371 0.943484
7580 0.943532 0.943352 0.943711 0.943484
7601 0.943533 0.943354 0.943713 0.943484
7622 0.943532 0.943352 0.943711 0.943484
7642 0.943532 0.943353 0.943712 0.943484
7663 0.943533 0.943353 0.943712 0.943484
7683 0.94353 0.943351 0.94371 0.943484
7704 0.943531 0.943351 0.943711 0.943484
7725 0.943531 0.943352 0.943711 0.943484
7745 0.943532 0.943353 0.943712 0.943485
7766 0.943532 0.943352 0.943712 0.943485
7786 0.943536 0.943357 0.943716 0.943485
7807 0.943536 0.943356 0.943716 0.943485
7828 0.943537 0.943357 0.943717 0.943485
7848 0.943538 0.943358 0.943718 0.943485
7869 0.943536 0.943356 0.943716 0.943485
7889 0.943535 0.943355 0.943716 0.943485
7910 0.943534 0.943354 0.943714 0.943485
7931 0.943534 0.943354 0.943714 0.943485
7951 0.943531 0.943351 0.943712 0.943485
7972 0.943533 0.943353 0.943714 0.943485
7992 0.943534 0.943353 0.943714 0.943485
8013 0.943535 0.943354 0.943715 0.943485
8034 0.943536 0.943355 0.943716 0.943485
8054 0.94354 0.94336 0.94372 0.943485
8075 0.943541 0.943361 0.943721 0.943485
8095 0.943543 0.943363 0.943724 0.943485
8116 0.943544 0.943363 0.943724 0.943485
8137 0.943544 0.943363 0.943725 0.943485
8157 0.943544 0.943364 0.943725 0.943485
8178 0.94354 0.943359 0.943721 0.943485
8198 0.943538 0.943357 0.943719 0.943485
8219 0.943539 0.943358 0.943719 0.943485
8240 0.943539 0.943358 0.943719 0.943485
8260 0.943539 0.943358 0.94372 0.943485
8281 0.943537 0.943356 0.943718 0.943485
8301 0.943537 0.943356 0.943718 0.943485
8322 0.943538 0.943357 0.943719 0.943486
8343 0.943533 0.943352 0.943714 0.943486
8363 0.943533 0.943352 0.943714 0.943486
8384 0.94353 0.943349 0.943711 0.943486
8404 0.943531 0.94335 0.943712 0.943486
8425 0.943529 0.943348 0.94371 0.943486
8446 0.943529 0.943348 0.943711 0.943486
8466 0.943531 0.94335 0.943712 0.943486
8487 0.943531 0.94335 0.943712 0.943486
8507 0.943529 0.943348 0.94371 0.943486
8528 0.943529 0.943348 0.94371 0.943486
8549 0.943532 0.943351 0.943713 0.943486
8569 0.943531 0.943349 0.943712 0.943486
8590 0.943532 0.943351 0.943714 0.943486
8610 0.94353 0.943349 0.943711 0.943486
8631 0.943531 0.94335 0.943712 0.943486
8652 0.943529 0.943347 0.94371 0.943486
8672 0.943526 0.943345 0.943708 0.943486
8693 0.943527 0.943346 0.943709 0.943486
8713 0.943527 0.943346 0.943709 0.943486
8734 0.943527 0.943345 0.943708 0.943486
8755 0.943525 0.943344 0.943707 0.943486
8775 0.943522 0.943341 0.943704 0.943486
8796 0.943523 0.943341 0.943704 0.943486
8816 0.943524 0.943342 0.943705 0.943486
8837 0.943523 0.943342 0.943705 0.943486
8858 0.943523 0.943341 0.943704 0.943486
8878 0.943523 0.943342 0.943705 0.943486
8899 0.943524 0.943342 0.943705 0.943486
8919 0.943523 0.943341 0.943705 0.943486
8940 0.943524 0.943343 0.943706 0.943486
8961 0.943528 0.943346 0.943709 0.943486
8981 0.943529 0.943347 0.94371 0.943487
9002 0.943527 0.943346 0.943709 0.943487
9022 0.943529 0.943347 0.943711 0.943487
9043 0.943528 0.943347 0.94371 0.943487
9064 0.943528 0.943346 0.94371 0.943487
9084 0.943526 0.943344 0.943708 0.943487
9105 0.943529 0.943347 0.94371 0.943487
9125 0.943529 0.943347 0.943711 0.943487
9146 0.94353 0.943348 0.943712 0.943487
9167 0.943532 0.943351 0.943714 0.943487
9187 0.943532 0.94335 0.943714 0.943487
9208 0.943532 0.94335 0.943714 0.943487
9228 0.94353 0.943348 0.943712 0.943487
9249 0.943534 0.943352 0.943716 0.943487
9270 0.943532 0.94335 0.943714 0.943487
9290 0.943532 0.94335 0.943714 0.943487
9311 0.94353 0.943348 0.943712 0.943487
9331 0.943529 0.943347 0.943711 0.943487
9352 0.943527 0.943345 0.943709 0.943487
9373 0.943526 0.943344 0.943708 0.943487
9393 0.943526 0.943344 0.943708 0.943487
9414 0.943523 0.943341 0.943705 0.943487
9434 0.943522 0.94334 0.943705 0.943487
9455 0.943522 0.94334 0.943704 0.943487
9476 0.943522 0.94334 0.943704 0.943487
9496 0.943524 0.943342 0.943706 0.943487
9517 0.943526 0.943343 0.943708 0.943487
9537 0.943527 0.943345 0.943709 0.943487
9558 0.943527 0.943345 0.943709 0.943487
9579 0.943526 0.943344 0.943708 0.943487
9599 0.943528 0.943345 0.94371 0.943487
9620 0.943528 0.943345 0.94371 0.943487
9640 0.943527 0.943345 0.943709 0.943487
9661 0.943527 0.943345 0.943709 0.943487
9682 0.943528 0.943346 0.94371 0.943487
9702 0.943528 0.943345 0.94371 0.943487
9723 0.943526 0.943344 0.943708 0.943487
9743 0.943523 0.94334 0.943705 0.943488
9764 0.943522 0.943339 0.943704 0.943488
9785 0.943523 0.943341 0.943706 0.943488
9805 0.943522 0.94334 0.943705 0.943488
9826 0.943522 0.943339 0.943704 0.943488
9846 0.943524 0.943341 0.943706 0.943488
9867 0.943523 0.943341 0.943706 0.943488
9888 0.943522 0.94334 0.943705 0.943488
9908 0.943524 0.943342 0.943707 0.943488
9929 0.943525 0.943343 0.943708 0.943488
9949 0.943525 0.943342 0.943708 0.943488
9970 0.943527 0.943344 0.94371 0.943488
9991 0.943527 0.943344 0.94371 0.943488
10011 0.943528 0.943345 0.943711 0.943488
10032 0.943526 0.943344 0.943709 0.943488
10052 0.943527 0.943344 0.943709 0.943488
10073 0.943528 0.943345 0.943711 0.943488
10094 0.943529 0.943346 0.943711 0.943488
10114 0.943529 0.943346 0.943712 0.943488
10135 0.94353 0.943348 0.943713 0.943488
10155 0.943532 0.943349 0.943715 0.943488
10176 0.94353 0.943348 0.943713 0.943488
10197 0.94353 0.943348 0.943713 0.943488
10217 0.943531 0.943348 0.943714 0.943488
10238 0.943529 0.943346 0.943712 0.943488
10258 0.943526 0.943344 0.943709 0.943488
10279 0.943525 0.943342 0.943707 0.943488
10300 0.943525 0.943342 0.943707 0.943488
10320 0.943525 0.943342 0.943708 0.943488
10341 0.943526 0.943343 0.943709 0.943488
10361 0.943523 0.94334 0.943706 0.943488
10382 0.943521 0.943338 0.943704 0.943488
10403 0.94352 0.943337 0.943703 0.943488
10423 0.943519 0.943336 0.943702 0.943488
10444 0.943519 0.943336 0.943702 0.943488
10464 0.943517 0.943334 0.9437 0.943488
10485 0.943515 0.943332 0.943698 0.943488
10506 0.943513 0.94333 0.943696 0.943488
10526 0.943514 0.943331 0.943697 0.943488
10547 0.943511 0.943328 0.943694 0.943488
10567 0.943513 0.94333 0.943696 0.943488
10588 0.943512 0.943329 0.943695 0.943488
10609 0.943511 0.943328 0.943694 0.943488
10629 0.943511 0.943328 0.943694 0.943488
10650 0.943513 0.94333 0.943697 0.943488
10670 0.943515 0.943331 0.943698 0.943489
10691 0.943513 0.94333 0.943697 0.943489
10712 0.943516 0.943332 0.943699 0.943489
10732 0.943517 0.943333 0.9437 0.943489
10753 0.943516 0.943333 0.943699 0.943489
10773 0.943516 0.943332 0.943699 0.943489
10794 0.943517 0.943334 0.9437 0.943489
10815 0.943517 0.943334 0.943701 0.943489
10835 0.943518 0.943334 0.943701 0.943489
10856 0.943517 0.943334 0.943701 0.943489
10876 0.943516 0.943333 0.9437 0.943489
10897 0.943515 0.943332 0.943699 0.943489
10918 0.943517 0.943333 0.9437 0.943489
10938 0.943518 0.943334 0.943701 0.943489
10959 0.943514 0.943331 0.943698 0.943489
10979 0.943512 0.943329 0.943696 0.943489
11000 0.943513 0.943329 0.943696 0.943489
11021 0.943512 0.943329 0.943696 0.943489
11041 0.943513 0.943329 0.943696 0.943489
11062 0.943513 0.94333 0.943697 0.943489
11082 0.943513 0.943329 0.943696 0.943489
11103 0.943509 0.943325 0.943693 0.943489
11124 0.943509 0.943326 0.943693 0.943489
11144 0.943509 0.943326 0.943693 0.943489
11165 0.94351 0.943326 0.943694 0.943489
11185 0.943511 0.943327 0.943694 0.943489
11206 0.943512 0.943328 0.943695 0.943489
11227 0.943513 0.943329 0.943697 0.943489
11247 0.943513 0.943329 0.943696 0.943489
11268 0.943516 0.943332 0.9437 0.943489
11288 0.943515 0.943331 0.943698 0.943489
11309 0.943513 0.943329 0.943697 0.943489
11330 0.943513 0.943329 0.943696 0.943489
11350 0.943514 0.943331 0.943698 0.943489
11371 0.943515 0.943331 0.943699 0.943489
11391 0.943514 0.94333 0.943697 0.943489
11412 0.943511 0.943327 0.943695 0.943489
11433 0.943513 0.943329 0.943696 0.943489
11453 0.943511 0.943327 0.943695 0.943489
11474 0.943511 0.943327 0.943695 0.943489
11494 0.943513 0.943329 0.943697 0.943489
11515 0.94351 0.943326 0.943694 0.943489
11536 0.943511 0.943327 0.943695 0.943489
11556 0.943511 0.943327 0.943695 0.943489
11577 0.943513 0.943329 0.943697 0.943489
11597 0.943511 0.943327 0.943695 0.943489
11618 0.943509 0.943325 0.943692 0.943489
11639 0.943506 0.943322 0.94369 0.943489
11659 0.943505 0.943321 0.943689 0.943489
11680 0.943504 0.94332 0.943687 0.943489
11700 0.943502 0.943319 0.943686 0.943489
11721 0.943503 0.943319 0.943687 0.943489
11742 0.943503 0.943319 0.943687 0.943489
11762 0.943504 0.94332 0.943688 0.943489
11783 0.943506 0.943322 0.94369 0.94349
11803 0.943507 0.943323 0.943691 0.94349
11824 0.943505 0.943321 0.943689 0.94349
11845 0.943504 0.94332 0.943688 0.94349
11865 0.943503 0.943318 0.943687 0.94349
11886 0.943501 0.943317 0.943686 0.94349
11906 0.943501 0.943317 0.943685 0.94349
11927 0.943502 0.943317 0.943686 0.94349
11948 0.943501 0.943316 0.943685 0.94349
11968 0.9435 0.943316 0.943685 0.94349
11989 0.9435 0.943316 0.943684 0.94349
12009 0.943501 0.943317 0.943686 0.94349
12030 0.943501 0.943317 0.943685 0.94349
12051 0.943502 0.943318 0.943686 0.94349
12071 0.943503 0.943318 0.943687 0.94349
12092 0.943501 0.943317 0.943686 0.94349
12112 0.9435 0.943316 0.943685 0.94349
12133 0.9435 0.943316 0.943684 0.94349
12154 0.943502 0.943318 0.943686 0.94349
12174 0.943502 0.943318 0.943686 0.94349
12195 0.9435 0.943316 0.943685 0.94349
12215 0.943501 0.943316 0.943685 0.94349
12236 0.943502 0.943318 0.943687 0.94349
12257 0.943502 0.943318 0.943687 0.94349
12277 0.943504 0.94332 0.943689 0.94349
12298 0.943503 0.943319 0.943688 0.94349
12318 0.943503 0.943318 0.943687 0.94349
12339 0.943504 0.943319 0.943688 0.94349
12360 0.943504 0.94332 0.943689 0.94349
12380 0.943504 0.943319 0.943688 0.94349
12401 0.943503 0.943319 0.943688 0.94349
12421 0.943504 0.943319 0.943688 0.94349
12442 0.943502 0.943318 0.943687 0.94349
12463 0.943502 0.943318 0.943687 0.94349
12483 0.943504 0.943319 0.943688 0.94349
12504 0.943503 0.943318 0.943687 0.94349
12524 0.943504 0.943319 0.943688 0.94349
12545 0.943504 0.94332 0.943689 0.94349
12566 0.943503 0.943319 0.943688 0.94349
12586 0.943503 0.943318 0.943688 0.94349
12607 0.943502 0.943318 0.943687 0.94349
12627 0.943503 0.943318 0.943688 0.94349
12648 0.943502 0.943317 0.943687 0.94349
12669 0.943502 0.943317 0.943686 0.94349
12689 0.9435 0.943316 0.943685 0.94349
12710 0.943499 0.943314 0.943684 0.94349
12730 0.9435 0.943315 0.943685 0.94349
12751 0.943501 0.943316 0.943686 0.94349
12772 0.943499 0.943315 0.943684 0.94349
12792 0.943499 0.943314 0.943684 0.94349
12813 0.943501 0.943317 0.943686 0.94349
12833 0.9435 0.943315 0.943685 0.94349
12854 0.9435 0.943316 0.943685 0.94349
12875 0.943501 0.943316 0.943686 0.94349
12895 0.9435 0.943315 0.943685 0.94349
12916 0.943501 0.943316 0.943686 0.94349
12936 0.9435 0.943315 0.943685 0.94349
12957 0.943502 0.943317 0.943687 0.94349
12978 0.943504 0.943319 0.943689 0.94349
12998 0.943502 0.943317 0.943687 0.94349
13019 0.943499 0.943314 0.943684 0.94349
13039 0.9435 0.943316 0.943685 0.94349
13060 0.943498 0.943313 0.943683 0.94349
13081 0.943499 0.943314 0.943684 0.94349
13101 0.943498 0.943313 0.943683 0.94349
13122 0.943498 0.943313 0.943683 0.94349
13142 0.9435 0.943315 0.943685 0.943491
13163 0.9435 0.943315 0.943685 0.943491
13184 0.9435 0.943315 0.943685 0.943491
13204 0.943499 0.943313 0.943684 0.943491
13225 0.943498 0.943313 0.943683 0.943491
13245 0.943497 0.943312 0.943683 0.943491
13266 0.943498 0.943313 0.943683 0.943491
13287 0.9435 0.943315 0.943685 0.943491
13307 0.943501 0.943316 0.943686 0.943491
13328 0.943501 0.943316 0.943686 0.943491
13348 0.943503 0.943317 0.943688 0.943491
13369 0.943503 0.943318 0.943688 0.943491
13390 0.943503 0.943318 0.943688 0.943491
13410 0.943503 0.943318 0.943688 0.943491
13431 0.943503 0.943317 0.943688 0.943491
13451 0.943503 0.943318 0.943689 0.943491
13472 0.943505 0.943319 0.94369 0.943491
13493 0.943505 0.94332 0.94369 0.943491
13513 0.943507 0.943322 0.943692 0.943491
13534 0.943508 0.943322 0.943693 0.943491
13554 0.943508 0.943323 0.943693 0.943491
13575 0.943507 0.943322 0.943693 0.943491
13596 0.943506 0.943321 0.943692 0.943491
13616 0.943505 0.94332 0.943691 0.943491
13637 0.943506 0.943321 0.943692 0.943491
13657 0.943507 0.943322 0.943693 0.943491
13678 0.943507 0.943322 0.943693 0.943491
13699 0.943507 0.943322 0.943692 0.943491
13719 0.943507 0.943322 0.943693 0.943491
13740 0.943508 0.943322 0.943694 0.943491
13760 0.943509 0.943323 0.943694 0.943491
13781 0.943509 0.943323 0.943694 0.943491
13802 0.943509 0.943323 0.943695 0.943491
13822 0.94351 0.943325 0.943696 0.943491
13843 0.94351 0.943324 0.943695 0.943491
13863 0.94351 0.943324 0.943696 0.943491
13884 0.943509 0.943324 0.943695 0.943491
13905 0.94351 0.943325 0.943696 0.943491
13925 0.943511 0.943325 0.943697 0.943491
13946 0.943511 0.943325 0.943697 0.943491
13966 0.943511 0.943326 0.943697 0.943491
13987 0.943511 0.943325 0.943696 0.943491
14008 0.94351 0.943324 0.943695 0.943491
14028 0.94351 0.943324 0.943695 0.943491
14049 0.94351 0.943324 0.943695 0.943491
14069 0.943509 0.943323 0.943695 0.943491
14090 0.94351 0.943324 0.943695 0.943491
14111 0.943511 0.943325 0.943696 0.943491
14131 0.94351 0.943325 0.943696 0.943491
14152 0.94351 0.943324 0.943696 0.943491
14172 0.94351 0.943325 0.943696 0.943491
14193 0.943508 0.943322 0.943694 0.943491
14214 0.943508 0.943322 0.943694 0.943491
14234 0.943507 0.943321 0.943693 0.943491
14255 0.943508 0.943322 0.943694 0.943491
14275 0.943508 0.943322 0.943694 0.943491
14296 0.943509 0.943323 0.943694 0.943491
14317 0.943508 0.943322 0.943694 0.943491
14337 0.943509 0.943323 0.943695 0.943491
14358 0.943509 0.943323 0.943695 0.943491
14378 0.943508 0.943322 0.943694 0.943491
14399 0.943509 0.943323 0.943695 0.943491
14420 0.943508 0.943322 0.943694 0.943491
14440 0.943506 0.94332 0.943692 0.943491
14461 0.943507 0.943321 0.943693 0.943491
14481 0.943505 0.943319 0.943691 0.943491
14502 0.943505 0.943319 0.943691 0.943491
14523 0.943503 0.943317 0.943689 0.943491
14543 0.943503 0.943317 0.943689 0.943491
14564 0.943503 0.943316 0.943689 0.943491
14584 0.943502 0.943316 0.943689 0.943491
14605 0.943501 0.943315 0.943687 0.943491
14626 0.943501 0.943315 0.943687 0.943491
14646 0.943502 0.943316 0.943688 0.943491
14667 0.943503 0.943317 0.94369 0.943491
14687 0.943502 0.943315 0.943688 0.943491
14708 0.943502 0.943316 0.943688 0.943491
14729 0.943502 0.943315 0.943688 0.943491
14749 0.943502 0.943315 0.943688 0.943491
14770 0.943502 0.943315 0.943688 0.943491
14790 0.943502 0.943316 0.943688 0.943491
14811 0.943501 0.943314 0.943687 0.943491
14832 0.943499 0.943313 0.943686 0.943491
14852 0.943502 0.943315 0.943688 0.943491
14873 0.943501 0.943315 0.943687 0.943492
14893 0.943501 0.943315 0.943687 0.943492
14914 0.943503 0.943316 0.943689 0.943492
14935 0.943501 0.943315 0.943688 0.943492
14955 0.943503 0.943316 0.943689 0.943492
14976 0.943504 0.943318 0.94369 0.943492
14996 0.943504 0.943317 0.94369 0.943492
15017 0.943502 0.943315 0.943688 0.943492
15038 0.943501 0.943315 0.943688 0.943492
15058 0.943501 0.943315 0.943688 0.943492
15079 0.943502 0.943316 0.943688 0.943492
15099 0.943504 0.943318 0.943691 0.943492
15120 0.943504 0.943318 0.943691 0.943492
15141 0.943503 0.943317 0.94369 0.943492
15161 0.943504 0.943318 0.943691 0.943492
15182 0.943503 0.943317 0.943689 0.943492
15202 0.943504 0.943318 0.943691 0.943492
15223 0.943504 0.943317 0.94369 0.943492
15244 0.943504 0.943317 0.94369 0.943492
15264 0.943505 0.943318 0.943691 0.943492
15285 0.943503 0.943316 0.943689 0.943492
15305 0.943503 0.943317 0.94369 0.943492
15326 0.943504 0.943317 0.94369 0.943492
15347 0.943504 0.943317 0.94369 0.943492
15367 0.943505 0.943318 0.943691 0.943492
15388 0.943504 0.943318 0.943691 0.943492
15408 0.943505 0.943319 0.943692 0.943492
15429 0.943505 0.943319 0.943692 0.943492
15450 0.943505 0.943318 0.943692 0.943492
15470 0.943506 0.943319 0.943692 0.943492
15491 0.943507 0.94332 0.943693 0.943492
15511 0.943507 0.943321 0.943694 0.943492
15532 0.943509 0.943322 0.943695 0.943492
15553 0.943507 0.94332 0.943694 0.943492
15573 0.943508 0.943321 0.943694 0.943492
15594 0.943509 0.943322 0.943695 0.943492
15614 0.943507 0.94332 0.943693 0.943492
15635 0.943506 0.94332 0.943693 0.943492
15656 0.943507 0.943321 0.943694 0.943492
15676 0.943508 0.943322 0.943695 0.943492
15697 0.943508 0.943321 0.943695 0.943492
15717 0.943507 0.94332 0.943694 0.943492
15738 0.943508 0.943321 0.943695 0.943492
15759 0.943507 0.94332 0.943694 0.943492
15779 0.943506 0.943319 0.943693 0.943492
15800 0.943504 0.943317 0.94369 0.943492
15820 0.943503 0.943317 0.94369 0.943492
15841 0.943502 0.943315 0.943689 0.943492
15862 0.943501 0.943314 0.943688 0.943492
15882 0.943501 0.943315 0.943688 0.943492
15903 0.943501 0.943315 0.943688 0.943492
15923 0.9435 0.943314 0.943687 0.943492
15944 0.943499 0.943312 0.943686 0.943492
15965 0.943501 0.943314 0.943687 0.943492
15985 0.9435 0.943313 0.943687 0.943492
16006 0.943499 0.943312 0.943686 0.943492
16026 0.943499 0.943312 0.943686 0.943492
16047 0.943499 0.943312 0.943686 0.943492
16068 0.943499 0.943313 0.943686 0.943492
16088 0.943499 0.943312 0.943685 0.943492
16109 0.943499 0.943312 0.943686 0.943492
16129 0.943499 0.943312 0.943686 0.943492
16150 0.943498 0.943312 0.943685 0.943492
16171 0.943498 0.943311 0.943685 0.943492
16191 0.943498 0.943311 0.943685 0.943492
16212 0.943498 0.943311 0.943685 0.943492
16232 0.943499 0.943312 0.943686 0.943492
16253 0.943498 0.943311 0.943685 0.943492
16274 0.9435 0.943313 0.943686 0.943492
16294 0.9435 0.943313 0.943687 0.943492
16315 0.943499 0.943312 0.943686 0.943492
16335 0.943501 0.943314 0.943687 0.943492
16356 0.943499 0.943312 0.943686 0.943492
16377 0.9435 0.943314 0.943687 0.943492
16397 0.9435 0.943313 0.943687 0.943492
16418 0.9435 0.943313 0.943686 0.943492
16438 0.943501 0.943314 0.943687 0.943492
16459 0.9435 0.943313 0.943687 0.943492
16480 0.943499 0.943313 0.943686 0.943492
16500 0.943501 0.943314 0.943688 0.943492
16521 0.9435 0.943313 0.943687 0.943492
16541 0.943498 0.943311 0.943685 0.943492
16562 0.943498 0.943311 0.943684 0.943492
16583 0.943497 0.94331 0.943684 0.943492
16603 0.943497 0.94331 0.943684 0.943492
16624 0.943497 0.94331 0.943684 0.943492
16644 0.943498 0.943311 0.943685 0.943492
16665 0.943498 0.943311 0.943685 0.943492
16686 0.943498 0.943311 0.943685 0.943492
16706 0.943499 0.943312 0.943686 0.943492
16727 0.9435 0.943313 0.943687 0.943492
16747 0.9435 0.943313 0.943687 0.943492
16768 0.943498 0.943311 0.943685 0.943492
16789 0.943497 0.94331 0.943684 0.943492
16809 0.943497 0.94331 0.943684 0.943492
16830 0.943496 0.943309 0.943684 0.943492
16850 0.943497 0.943309 0.943684 0.943492
16871 0.943496 0.943309 0.943683 0.943492
16892 0.943495 0.943308 0.943682 0.943492
16912 0.943493 0.943306 0.94368 0.943492
16933 0.943495 0.943308 0.943682 0.943492
16953 0.943496 0.943309 0.943683 0.943492
16974 0.943496 0.943309 0.943683 0.943492
16995 0.943496 0.943309 0.943683 0.943492
17015 0.943495 0.943308 0.943682 0.943492
17036 0.943495 0.943308 0.943683 0.943492
17056 0.943495 0.943307 0.943682 0.943492
17077 0.943496 0.943308 0.943683 0.943492
17098 0.943496 0.943309 0.943684 0.943492
17118 0.943496 0.943309 0.943683 0.943492
17139 0.943494 0.943307 0.943682 0.943493
17159 0.943494 0.943307 0.943681 0.943493
17180 0.943494 0.943307 0.943681 0.943493
17201 0.943494 0.943307 0.943681 0.943493
17221 0.943494 0.943307 0.943682 0.943493
17242 0.943495 0.943308 0.943683 0.943493
17262 0.943497 0.94331 0.943684 0.943493
17283 0.943498 0.943311 0.943686 0.943493
17304 0.943498 0.943311 0.943685 0.943493
17324 0.943499 0.943312 0.943687 0.943493
17345 0.943499 0.943312 0.943686 0.943493
17365 0.943499 0.943312 0.943687 0.943493
17386 0.943499 0.943312 0.943687 0.943493
17407 0.9435 0.943313 0.943688 0.943493
17427 0.9435 0.943313 0.943687 0.943493
17448 0.943499 0.943311 0.943686 0.943493
17468 0.9435 0.943313 0.943687 0.943493
17489 0.943499 0.943312 0.943687 0.943493
17510 0.9435 0.943312 0.943687 0.943493
17530 0.943499 0.943312 0.943686 0.943493
17551 0.943499 0.943312 0.943686 0.943493
17571 0.943499 0.943312 0.943686 0.943493
17592 0.943499 0.943312 0.943687 0.943493
17613 0.943502 0.943314 0.943689 0.943493
17633 0.943501 0.943314 0.943689 0.943493
17654 0.943501 0.943314 0.943689 0.943493
17674 0.943502 0.943314 0.943689 0.943493
17695 0.943501 0.943314 0.943689 0.943493
17716 0.943501 0.943314 0.943688 0.943493
17736 0.9435 0.943313 0.943688 0.943493
17757 0.943499 0.943312 0.943686 0.943493
17777 0.943497 0.94331 0.943685 0.943493
17798 0.943496 0.943309 0.943684 0.943493
17819 0.943496 0.943309 0.943683 0.943493
17839 0.943497 0.943309 0.943684 0.943493
17860 0.943497 0.943309 0.943684 0.943493
17880 0.943497 0.943309 0.943684 0.943493
17901 0.943497 0.943309 0.943684 0.943493
17922 0.943496 0.943308 0.943683 0.943493
17942 0.943497 0.943309 0.943684 0.943493
17963 0.943497 0.94331 0.943685 0.943493
17983 0.943497 0.943309 0.943684 0.943493
18004 0.943497 0.94331 0.943685 0.943493
18025 0.943497 0.94331 0.943684 0.943493
18045 0.943497 0.943309 0.943684 0.943493
18066 0.943496 0.943309 0.943684 0.943493
18086 0.943496 0.943308 0.943683 0.943493
18107 0.943495 0.943308 0.943682 0.943493
18128 0.943495 0.943308 0.943682 0.943493
18148 0.943495 0.943308 0.943683 0.943493
18169 0.943495 0.943308 0.943683 0.943493
18189 0.943496 0.943308 0.943683 0.943493
18210 0.943496 0.943308 0.943683 0.943493
18231 0.943497 0.943309 0.943684 0.943493
18251 0.943496 0.943308 0.943683 0.943493
18272 0.943495 0.943308 0.943683 0.943493
18292 0.943496 0.943308 0.943683 0.943493
18313 0.943496 0.943309 0.943684 0.943493
18334 0.943494 0.943306 0.943681 0.943493
18354 0.943493 0.943306 0.943681 0.943493
18375 0.943493 0.943306 0.943681 0.943493
18395 0.943492 0.943305 0.94368 0.943493
18416 0.943493 0.943305 0.943681 0.943493
18437 0.943492 0.943305 0.94368 0.943493
18457 0.943491 0.943304 0.943679 0.943493
18478 0.943492 0.943304 0.943679 0.943493
18498 0.943491 0.943304 0.943679 0.943493
18519 0.943492 0.943305 0.94368 0.943493
18540 0.943493 0.943305 0.943681 0.943493
18560 0.943494 0.943306 0.943681 0.943493
18581 0.943493 0.943305 0.943681 0.943493
18601 0.943492 0.943305 0.94368 0.943493
18622 0.943492 0.943304 0.943679 0.943493
18643 0.943491 0.943303 0.943679 0.943493
18663 0.943492 0.943304 0.943679 0.943493
18684 0.94349 0.943303 0.943678 0.943493
18704 0.94349 0.943302 0.943678 0.943493
18725 0.943492 0.943304 0.943679 0.943493
18746 0.943493 0.943305 0.94368 0.943493
18766 0.943494 0.943306 0.943682 0.943493
18787 0.943495 0.943307 0.943682 0.943493
18807 0.943496 0.943309 0.943684 0.943493
18828 0.943496 0.943308 0.943684 0.943493
18849 0.943496 0.943308 0.943683 0.943493
18869 0.943496 0.943308 0.943683 0.943493
18890 0.943495 0.943308 0.943683 0.943493
18910 0.943495 0.943308 0.943683 0.943493
18931 0.943496 0.943308 0.943683 0.943493
18952 0.943494 0.943307 0.943682 0.943493
18972 0.943495 0.943307 0.943683 0.943493
18993 0.943496 0.943308 0.943684 0.943493
19013 0.943495 0.943308 0.943683 0.943493
19034 0.943495 0.943308 0.943683 0.943493
19055 0.943494 0.943306 0.943681 0.943493
19075 0.943494 0.943306 0.943681 0.943493
19096 0.943494 0.943307 0.943682 0.943493
19116 0.943494 0.943307 0.943682 0.943493
19137 0.943494 0.943306 0.943681 0.943493
19158 0.943495 0.943308 0.943683 0.943493
19178 0.943494 0.943307 0.943682 0.943493
19199 0.943494 0.943306 0.943681 0.943493
19219 0.943493 0.943305 0.943681 0.943493
19240 0.943493 0.943305 0.943681 0.943493
19261 0.943492 0.943305 0.94368 0.943493
19281 0.943492 0.943304 0.94368 0.943493
19302 0.943493 0.943305 0.943681 0.943493
19322 0.943492 0.943305 0.94368 0.943493
19343 0.943495 0.943307 0.943682 0.943493
19364 0.943495 0.943307 0.943683 0.943493
19384 0.943495 0.943308 0.943683 0.943493
19405 0.943495 0.943307 0.943683 0.943493
19425 0.943495 0.943307 0.943683 0.943493
19446 0.943494 0.943306 0.943682 0.943493
19467 0.943494 0.943306 0.943682 0.943493
19487 0.943495 0.943307 0.943683 0.943493
19508 0.943494 0.943306 0.943682 0.943493
19528 0.943495 0.943307 0.943682 0.943493
19549 0.943494 0.943306 0.943682 0.943493
19570 0.943495 0.943307 0.943683 0.943493
19590 0.943495 0.943307 0.943683 0.943493
19611 0.943495 0.943307 0.943683 0.943493
19631 0.943496 0.943308 0.943684 0.943493
19652 0.943498 0.94331 0.943686 0.943493
19673 0.943497 0.943309 0.943685 0.943493
19693 0.943497 0.943309 0.943685 0.943493
19714 0.943497 0.943309 0.943685 0.943493
19734 0.943499 0.943311 0.943687 0.943493
19755 0.943498 0.94331 0.943686 0.943493
19776 0.943496 0.943308 0.943684 0.943493
19796 0.943496 0.943308 0.943684 0.943493
19817 0.943496 0.943308 0.943684 0.943493
19837 0.943496 0.943308 0.943684 0.943493
19858 0.943496 0.943308 0.943684 0.943493
19879 0.943496 0.943308 0.943684 0.943493
19899 0.943495 0.943307 0.943683 0.943493
19920 0.943496 0.943308 0.943684 0.943493
19940 0.943495 0.943307 0.943683 0.943493
19961 0.943496 0.943308 0.943684 0.943493
19982 0.943495 0.943307 0.943683 0.943493
20002 0.943495 0.943307 0.943683 0.943493
20023 0.943496 0.943308 0.943684 0.943493
20043 0.943495 0.943307 0.943683 0.943493
20064 0.943496 0.943308 0.943684 0.943493
20085 0.943496 0.943308 0.943684 0.943493
20105 0.943496 0.943308 0.943684 0.943493
20126 0.943496 0.943308 0.943684 0.943493
20146 0.943496 0.943308 0.943684 0.943493
20167 0.943497 0.943309 0.943685 0.943493
20188 0.943497 0.943309 0.943685 0.943494
20208 0.943497 0.943309 0.943685 0.943494
20229 0.943497 0.943309 0.943685 0.943494
20249 0.943497 0.943309 0.943685 0.943494
20270 0.943497 0.943309 0.943685 0.943494
20291 0.943496 0.943308 0.943684 0.943494
20311 0.943497 0.943309 0.943685 0.943494
20332 0.943496 0.943308 0.943684 0.943494
20352 0.943496 0.943308 0.943684 0.943494
20373 0.943497 0.943309 0.943685 0.943494
20394 0.943497 0.943309 0.943685 0.943494
20414 0.943496 0.943308 0.943684 0.943494
20435 0.943495 0.943307 0.943683 0.943494
20455 0.943495 0.943306 0.943683 0.943494
20476 0.943495 0.943307 0.943683 0.943494
20497 0.943495 0.943307 0.943683 0.943494
20517 0.943495 0.943307 0.943683 0.943494
20538 0.943494 0.943306 0.943682 0.943494
20558 0.943495 0.943307 0.943684 0.943494
20579 0.943496 0.943307 0.943684 0.943494
20600 0.943495 0.943307 0.943683 0.943494
20620 0.943495 0.943307 0.943683 0.943494
20641 0.943495 0.943307 0.943683 0.943494
20661 0.943496 0.943307 0.943684 0.943494
20682 0.943495 0.943307 0.943683 0.943494
20703 0.943495 0.943307 0.943683 0.943494
20723 0.943496 0.943307 0.943684 0.943494
20744 0.943493 0.943305 0.943682 0.943494
20764 0.943494 0.943306 0.943682 0.943494
20785 0.943493 0.943305 0.943681 0.943494
20806 0.943493 0.943304 0.943681 0.943494
20826 0.943492 0.943304 0.94368 0.943494
20847 0.943492 0.943304 0.94368 0.943494
20867 0.943493 0.943305 0.943681 0.943494
20888 0.943493 0.943304 0.943681 0.943494
20909 0.943494 0.943305 0.943682 0.943494
20929 0.943494 0.943306 0.943682 0.943494
20950 0.943495 0.943306 0.943683 0.943494
20970 0.943494 0.943306 0.943683 0.943494
20991 0.943495 0.943306 0.943683 0.943494
21012 0.943493 0.943305 0.943682 0.943494
21032 0.943493 0.943305 0.943682 0.943494
21053 0.943493 0.943305 0.943681 0.943494
21073 0.943494 0.943305 0.943682 0.943494
21094 0.943493 0.943305 0.943682 0.943494
21115 0.943494 0.943306 0.943682 0.943494
21135 0.943494 0.943305 0.943682 0.943494
21156 0.943494 0.943306 0.943683 0.943494
21176 0.943494 0.943306 0.943683 0.943494
21197 0.943495 0.943306 0.943683 0.943494
21218 0.943496 0.943307 0.943684 0.943494
21238 0.943497 0.943309 0.943685 0.943494
21259 0.943498 0.943309 0.943686 0.943494
21279 0.943498 0.94331 0.943686 0.943494
21300 0.943497 0.943308 0.943685 0.943494
21321 0.943498 0.943309 0.943686 0.943494
21341 0.943497 0.943309 0.943685 0.943494
21362 0.943496 0.943307 0.943684 0.943494
21382 0.943495 0.943307 0.943683 0.943494
21403 0.943493 0.943305 0.943682 0.943494
21424 0.943493 0.943305 0.943682 0.943494
21444 0.943492 0.943304 0.943681 0.943494
21465 0.943493 0.943305 0.943682 0.943494
21485 0.943493 0.943304 0.943681 0.943494
21506 0.943493 0.943304 0.943681 0.943494
21527 0.943494 0.943306 0.943683 0.943494
21547 0.943495 0.943306 0.943683 0.943494
21568 0.943494 0.943305 0.943682 0.943494
21588 0.943493 0.943304 0.943681 0.943494
21609 0.943494 0.943305 0.943682 0.943494
