//total_population estimated_relatedness lower_bound upper_bound relatedness
230 0.772166 nan nan 0.772166
234 0.772222 0.772139 0.772306 0.7722
239 0.772321 0.772198 0.772444 0.772241
243 0.772462 0.772314 0.77261 0.772272
248 0.772591 0.772419 0.772763 0.77231
253 0.77263 0.772437 0.772823 0.772346
257 0.772644 0.772437 0.772852 0.772374
262 0.772692 0.772468 0.772915 0.772408
266 0.772748 0.772512 0.772983 0.772434
271 0.77277 0.77252 0.77302 0.772466
276 0.772771 0.772508 0.773033 0.772496
280 0.772786 0.772516 0.773056 0.77252
285 0.772865 0.772584 0.773145 0.772548
289 0.772834 0.772545 0.773123 0.77257
294 0.772849 0.77255 0.773148 0.772597
299 0.772881 0.772574 0.773188 0.772623
303 0.772908 0.772594 0.773222 0.772643
308 0.772924 0.772602 0.773246 0.772667
312 0.772951 0.772623 0.773279 0.772686
317 0.773013 0.772679 0.773347 0.772709
322 0.773036 0.772695 0.773376 0.772732
326 0.773027 0.772683 0.773372 0.772749
331 0.773035 0.772683 0.773386 0.77277
335 0.773081 0.772724 0.773438 0.772786
340 0.773074 0.772712 0.773436 0.772806
345 0.773049 0.772681 0.773417 0.772826
349 0.773072 0.7727 0.773444 0.772841
354 0.773102 0.772724 0.773479 0.772859
358 0.773165 0.772783 0.773548 0.772874
363 0.773159 0.772772 0.773547 0.772891
368 0.773209 0.772817 0.7736 0.772908
372 0.773171 0.772776 0.773565 0.772921
377 0.773143 0.772745 0.773542 0.772938
381 0.773166 0.772763 0.773568 0.77295
386 0.773163 0.772756 0.773571 0.772966
391 0.773165 0.772755 0.773576 0.772981
395 0.773137 0.772723 0.773551 0.772992
400 0.773123 0.772706 0.773541 0.773007
404 0.773144 0.772723 0.773565 0.773018
409 0.773193 0.772768 0.773619 0.773032
414 0.773211 0.772782 0.773639 0.773045
418 0.773194 0.772763 0.773626 0.773056
423 0.773213 0.772779 0.773646 0.773068
427 0.773216 0.77278 0.773653 0.773079
432 0.773222 0.772782 0.773663 0.773091
437 0.773223 0.77278 0.773666 0.773103
441 0.773247 0.772803 0.773692 0.773112
446 0.773259 0.772812 0.773706 0.773124
450 0.773257 0.772808 0.773705 0.773133
455 0.773278 0.772826 0.77373 0.773144
460 0.773264 0.77281 0.773719 0.773155
464 0.773247 0.77279 0.773704 0.773163
469 0.773256 0.772797 0.773716 0.773174
473 0.773241 0.77278 0.773702 0.773182
478 0.773235 0.772772 0.773699 0.773192
483 0.773235 0.772769 0.773702 0.773202
487 0.773244 0.772776 0.773712 0.773209
492 0.773245 0.772776 0.773714 0.773219
496 0.773252 0.772782 0.773723 0.773226
501 0.773257 0.772784 0.773731 0.773235
506 0.77324 0.772764 0.773715 0.773244
510 0.773232 0.772754 0.773709 0.773251
515 0.773242 0.772763 0.773721 0.77326
519 0.773246 0.772766 0.773726 0.773267
524 0.773257 0.772775 0.773739 0.773275
529 0.773249 0.772765 0.773734 0.773283
533 0.77326 0.772774 0.773747 0.77329
538 0.773235 0.772747 0.773724 0.773298
542 0.773207 0.772717 0.773696 0.773304
547 0.773245 0.772753 0.773737 0.773312
552 0.77325 0.772757 0.773744 0.773319
556 0.773258 0.772764 0.773752 0.773325
561 0.773263 0.772768 0.773758 0.773332
565 0.773283 0.772787 0.773779 0.773338
570 0.773278 0.77278 0.773775 0.773345
575 0.773284 0.772784 0.773783 0.773352
579 0.773307 0.772807 0.773807 0.773357
584 0.773297 0.772795 0.773798 0.773364
588 0.773279 0.772776 0.773782 0.773369
593 0.773295 0.772791 0.773798 0.773376
598 0.773319 0.772814 0.773824 0.773382
602 0.773313 0.772807 0.773819 0.773387
607 0.773336 0.772829 0.773843 0.773393
611 0.773341 0.772833 0.773848 0.773398
616 0.773345 0.772836 0.773854 0.773404
621 0.773361 0.772851 0.773871 0.77341
625 0.773361 0.772851 0.773872 0.773415
630 0.773373 0.772861 0.773884 0.773421
634 0.77339 0.772878 0.773902 0.773425
639 0.773392 0.772879 0.773906 0.773431
644 0.773394 0.772879 0.773909 0.773436
648 0.773402 0.772887 0.773917 0.773441
653 0.773379 0.772863 0.773896 0.773446
657 0.773384 0.772866 0.773901 0.77345
662 0.773384 0.772865 0.773903 0.773456
667 0.77338 0.772861 0.7739 0.773461
671 0.773393 0.772872 0.773913 0.773465
676 0.77342 0.772898 0.773942 0.77347
680 0.773438 0.772915 0.773961 0.773474
685 0.773471 0.772947 0.773995 0.773478
690 0.773456 0.772931 0.773981 0.773483
694 0.773478 0.772953 0.774003 0.773487
699 0.773491 0.772965 0.774017 0.773492
703 0.773476 0.772949 0.774003 0.773495
708 0.773485 0.772958 0.774013 0.7735
713 0.773488 0.772959 0.774016 0.773504
717 0.773502 0.772972 0.774031 0.773508
722 0.773508 0.772978 0.774038 0.773512
726 0.773492 0.772961 0.774023 0.773516
731 0.773485 0.772953 0.774017 0.77352
736 0.773507 0.772974 0.774039 0.773524
740 0.773496 0.772963 0.774029 0.773528
745 0.773523 0.772989 0.774056 0.773532
749 0.773519 0.772984 0.774053 0.773535
754 0.773507 0.772971 0.774042 0.773539
759 0.773521 0.772984 0.774057 0.773543
763 0.773515 0.772977 0.774052 0.773546
768 0.773506 0.772968 0.774044 0.77355
772 0.773493 0.772954 0.774031 0.773553
777 0.773483 0.772943 0.774022 0.773557
782 0.773469 0.772929 0.774009 0.773561
786 0.773472 0.772932 0.774013 0.773563
791 0.77348 0.772939 0.774022 0.773567
795 0.773485 0.772944 0.774027 0.77357
800 0.773483 0.77294 0.774025 0.773574
805 0.773505 0.772962 0.774048 0.773577
809 0.773509 0.772965 0.774052 0.77358
814 0.773517 0.772973 0.774061 0.773583
818 0.773526 0.772981 0.77407 0.773586
823 0.773542 0.772996 0.774088 0.773589
828 0.773542 0.772996 0.774089 0.773593
832 0.773561 0.773015 0.774108 0.773595
837 0.77356 0.773013 0.774107 0.773599
841 0.773566 0.773018 0.774113 0.773601
846 0.773546 0.772998 0.774094 0.773604
851 0.773546 0.772998 0.774095 0.773607
855 0.773556 0.773006 0.774105 0.77361
860 0.773533 0.772982 0.774083 0.773613
864 0.773555 0.773004 0.774105 0.773615
869 0.773555 0.773004 0.774107 0.773618
874 0.773557 0.773005 0.77411 0.773621
878 0.773571 0.773019 0.774124 0.773624
883 0.77358 0.773027 0.774133 0.773627
887 0.773587 0.773033 0.77414 0.773629
892 0.773584 0.77303 0.774139 0.773632
897 0.773579 0.773025 0.774134 0.773635
901 0.773579 0.773024 0.774133 0.773637
906 0.773575 0.77302 0.774129 0.77364
910 0.773571 0.773015 0.774126 0.773642
915 0.773571 0.773015 0.774128 0.773645
920 0.773575 0.773018 0.774132 0.773647
924 0.773587 0.773029 0.774144 0.773649
929 0.773585 0.773027 0.774143 0.773652
933 0.773593 0.773035 0.774152 0.773654
938 0.773591 0.773032 0.774149 0.773657
943 0.773613 0.773054 0.774172 0.773659
947 0.773608 0.773048 0.774167 0.773661
952 0.773577 0.773017 0.774138 0.773664
956 0.773561 0.773001 0.774122 0.773666
961 0.773536 0.772974 0.774097 0.773668
966 0.773529 0.772967 0.774091 0.773671
970 0.773517 0.772954 0.774079 0.773673
975 0.773526 0.772963 0.774089 0.773675
979 0.773524 0.77296 0.774087 0.773677
984 0.773541 0.772977 0.774104 0.773679
989 0.773559 0.772995 0.774123 0.773682
993 0.773563 0.772999 0.774128 0.773684
998 0.773562 0.772997 0.774126 0.773686
1002 0.773572 0.773007 0.774137 0.773688
1007 0.773577 0.773012 0.774143 0.77369
1012 0.773575 0.773009 0.774141 0.773692
1016 0.773564 0.772997 0.77413 0.773694
1021 0.77357 0.773003 0.774137 0.773696
1025 0.773577 0.773009 0.774144 0.773698
1030 0.773567 0.772999 0.774134 0.7737
1035 0.773595 0.773026 0.774163 0.773702
1039 0.773618 0.773049 0.774187 0.773704
1044 0.773596 0.773027 0.774165 0.773706
1048 0.773598 0.773029 0.774167 0.773707
1053 0.773575 0.773005 0.774145 0.77371
1058 0.773596 0.773025 0.774166 0.773712
1062 0.773605 0.773034 0.774176 0.773713
1067 0.773617 0.773046 0.774188 0.773715
1071 0.773611 0.773039 0.774182 0.773717
1076 0.77361 0.773038 0.774182 0.773719
1081 0.773608 0.773036 0.77418 0.773721
1085 0.773601 0.773029 0.774173 0.773722
1090 0.773602 0.773029 0.774175 0.773724
1094 0.773601 0.773028 0.774174 0.773726
1099 0.773585 0.773012 0.774158 0.773728
1104 0.773595 0.773021 0.774169 0.773729
1108 0.773584 0.77301 0.774157 0.773731
1113 0.773586 0.773012 0.774159 0.773733
1117 0.773594 0.77302 0.774168 0.773734
1122 0.773588 0.773013 0.774163 0.773736
1127 0.773596 0.77302 0.774171 0.773738
1131 0.773605 0.773029 0.774181 0.773739
1136 0.77361 0.773034 0.774186 0.773741
1140 0.773619 0.773043 0.774196 0.773742
1145 0.773623 0.773046 0.7742 0.773744
1150 0.773637 0.77306 0.774214 0.773746
1154 0.773633 0.773056 0.77421 0.773747
1159 0.773638 0.77306 0.774216 0.773749
1163 0.773645 0.773067 0.774223 0.77375
1168 0.773657 0.773078 0.774235 0.773752
1173 0.773658 0.77308 0.774237 0.773753
1177 0.773664 0.773085 0.774243 0.773755
1182 0.77368 0.773101 0.77426 0.773756
1186 0.773673 0.773094 0.774253 0.773758
1191 0.773663 0.773083 0.774242 0.773759
1196 0.773675 0.773095 0.774255 0.773761
1200 0.773675 0.773095 0.774255 0.773762
1205 0.773689 0.773109 0.77427 0.773764
1209 0.773704 0.773123 0.774284 0.773765
1214 0.773712 0.773131 0.774293 0.773767
1219 0.773709 0.773128 0.77429 0.773768
1223 0.773707 0.773125 0.774288 0.773769
1228 0.773713 0.773132 0.774295 0.773771
1232 0.773714 0.773132 0.774296 0.773772
1237 0.773732 0.773149 0.774314 0.773773
1242 0.773726 0.773143 0.774308 0.773775
1246 0.773724 0.773141 0.774307 0.773776
1251 0.773739 0.773156 0.774322 0.773778
1255 0.773742 0.773159 0.774325 0.773779
1260 0.773742 0.773158 0.774325 0.77378
1265 0.773753 0.773169 0.774338 0.773782
1269 0.77376 0.773175 0.774344 0.773783
1274 0.773776 0.773192 0.774361 0.773784
1278 0.773785 0.7732 0.77437 0.773785
1283 0.773786 0.7732 0.774371 0.773787
1288 0.773794 0.773209 0.77438 0.773788
1292 0.773798 0.773212 0.774383 0.773789
1297 0.773795 0.77321 0.774381 0.77379
1301 0.773811 0.773225 0.774397 0.773791
1306 0.773808 0.773221 0.774394 0.773793
1311 0.773796 0.773209 0.774383 0.773794
1315 0.773795 0.773208 0.774383 0.773795
1320 0.7738 0.773213 0.774388 0.773796
1324 0.773809 0.773221 0.774397 0.773797
1329 0.773822 0.773234 0.774409 0.773799
1334 0.773816 0.773227 0.774404 0.7738
1338 0.773812 0.773223 0.7744 0.773801
1343 0.773814 0.773226 0.774403 0.773802
1347 0.773821 0.773232 0.774409 0.773803
1352 0.773825 0.773237 0.774414 0.773805
1357 0.773834 0.773245 0.774423 0.773806
1361 0.773829 0.77324 0.774418 0.773807
1366 0.773823 0.773234 0.774412 0.773808
1370 0.773831 0.773242 0.774421 0.773809
1375 0.773842 0.773252 0.774432 0.77381
1380 0.773838 0.773248 0.774428 0.773811
1384 0.773849 0.773259 0.77444 0.773812
1389 0.773852 0.773262 0.774443 0.773813
1393 0.773848 0.773257 0.774439 0.773814
1398 0.773858 0.773267 0.774449 0.773816
1403 0.773866 0.773275 0.774458 0.773817
1407 0.773873 0.773282 0.774464 0.773818
1412 0.773871 0.77328 0.774463 0.773819
1416 0.773868 0.773276 0.77446 0.77382
1421 0.773863 0.773271 0.774455 0.773821
1426 0.773858 0.773266 0.77445 0.773822
1430 0.773859 0.773267 0.774451 0.773823
1435 0.773855 0.773263 0.774447 0.773824
1439 0.773858 0.773266 0.77445 0.773825
1444 0.773866 0.773273 0.774458 0.773826
1449 0.773869 0.773276 0.774461 0.773827
1453 0.773871 0.773278 0.774463 0.773828
1458 0.773875 0.773282 0.774468 0.773829
1462 0.773874 0.773281 0.774467 0.77383
1467 0.773871 0.773278 0.774464 0.773831
1472 0.773882 0.773289 0.774475 0.773832
1476 0.773885 0.773292 0.774479 0.773833
1481 0.773891 0.773297 0.774484 0.773834
1485 0.773896 0.773302 0.77449 0.773835
1490 0.773894 0.7733 0.774488 0.773836
1495 0.773885 0.773291 0.77448 0.773837
1499 0.773877 0.773283 0.774472 0.773837
1504 0.773868 0.773274 0.774463 0.773838
1508 0.773879 0.773284 0.774473 0.773839
1513 0.773885 0.77329 0.77448 0.77384
1518 0.773884 0.773289 0.77448 0.773841
1522 0.773889 0.773293 0.774484 0.773842
1527 0.773885 0.773289 0.77448 0.773843
1531 0.773886 0.77329 0.774481 0.773844
1536 0.773871 0.773276 0.774467 0.773845
1541 0.773881 0.773285 0.774476 0.773846
1545 0.773883 0.773288 0.774479 0.773846
1550 0.773894 0.773298 0.774491 0.773847
1554 0.7739 0.773303 0.774496 0.773848
1559 0.773892 0.773296 0.774489 0.773849
1564 0.773899 0.773302 0.774496 0.77385
1568 0.773884 0.773287 0.774481 0.773851
1573 0.773885 0.773287 0.774482 0.773852
1577 0.773879 0.773281 0.774476 0.773852
1582 0.773866 0.773269 0.774464 0.773853
1587 0.773866 0.773268 0.774464 0.773854
1591 0.773885 0.773287 0.774483 0.773855
1596 0.7739 0.773302 0.774497 0.773856
1600 0.773889 0.773291 0.774487 0.773856
1605 0.773895 0.773296 0.774493 0.773857
1610 0.773902 0.773304 0.774501 0.773858
1614 0.7739 0.773301 0.774499 0.773859
1619 0.773895 0.773297 0.774494 0.77386
1623 0.773898 0.773299 0.774497 0.77386
1628 0.773907 0.773308 0.774506 0.773861
1633 0.773909 0.77331 0.774508 0.773862
1637 0.77391 0.773311 0.774508 0.773863
1642 0.773914 0.773315 0.774514 0.773864
1646 0.773912 0.773312 0.774511 0.773864
1651 0.77391 0.773311 0.77451 0.773865
1656 0.773912 0.773312 0.774512 0.773866
1660 0.773911 0.773311 0.774511 0.773867
1665 0.773901 0.773301 0.774501 0.773867
1669 0.773904 0.773304 0.774504 0.773868
1674 0.773909 0.773309 0.774509 0.773869
1679 0.773913 0.773313 0.774514 0.77387
1683 0.773911 0.77331 0.774511 0.77387
1688 0.773906 0.773306 0.774507 0.773871
1692 0.773912 0.773312 0.774512 0.773872
1697 0.773912 0.773311 0.774512 0.773873
1702 0.7739 0.773299 0.774501 0.773873
1706 0.773899 0.773298 0.7745 0.773874
1711 0.773909 0.773308 0.774511 0.773875
1715 0.773912 0.77331 0.774514 0.773875
1720 0.773926 0.773324 0.774527 0.773876
1725 0.773922 0.77332 0.774524 0.773877
1729 0.773932 0.77333 0.774534 0.773877
1734 0.773934 0.773332 0.774535 0.773878
1738 0.773947 0.773345 0.774549 0.773879
1743 0.77396 0.773357 0.774562 0.77388
1748 0.773963 0.773361 0.774565 0.77388
1752 0.773963 0.773361 0.774565 0.773881
1757 0.773966 0.773364 0.774569 0.773882
1761 0.773965 0.773363 0.774567 0.773882
1766 0.773965 0.773363 0.774567 0.773883
1771 0.773963 0.77336 0.774565 0.773884
1775 0.773959 0.773356 0.774561 0.773884
1780 0.773963 0.77336 0.774566 0.773885
1784 0.773964 0.773361 0.774567 0.773886
1789 0.773957 0.773355 0.77456 0.773886
1794 0.773954 0.773351 0.774557 0.773887
1798 0.773953 0.77335 0.774556 0.773888
1803 0.773961 0.773358 0.774564 0.773888
1807 0.773966 0.773363 0.774568 0.773889
1812 0.773966 0.773363 0.774568 0.773889
1817 0.773955 0.773352 0.774558 0.77389
1821 0.773959 0.773357 0.774562 0.773891
1826 0.773963 0.77336 0.774566 0.773891
1830 0.773966 0.773363 0.774569 0.773892
1835 0.773958 0.773355 0.774561 0.773893
1840 0.77395 0.773346 0.774553 0.773893
1844 0.773944 0.77334 0.774547 0.773894
1849 0.773945 0.773342 0.774549 0.773894
1853 0.773946 0.773342 0.774549 0.773895
1858 0.773951 0.773347 0.774555 0.773896
1863 0.773954 0.77335 0.774558 0.773896
1867 0.773946 0.773342 0.77455 0.773897
1872 0.773951 0.773347 0.774554 0.773897
1876 0.773955 0.773351 0.774559 0.773898
1881 0.773952 0.773348 0.774556 0.773899
1886 0.773951 0.773347 0.774555 0.773899
1890 0.773952 0.773348 0.774556 0.7739
1895 0.773962 0.773358 0.774566 0.7739
1899 0.773962 0.773358 0.774567 0.773901
1904 0.773962 0.773357 0.774566 0.773902
1909 0.773965 0.77336 0.77457 0.773902
1913 0.773974 0.773369 0.774579 0.773903
1918 0.773977 0.773372 0.774582 0.773903
1922 0.773988 0.773383 0.774593 0.773904
1927 0.77399 0.773385 0.774596 0.773904
1932 0.773989 0.773383 0.774595 0.773905
1936 0.774 0.773394 0.774606 0.773905
1941 0.773995 0.773389 0.774601 0.773906
1945 0.773994 0.773388 0.7746 0.773907
1950 0.773999 0.773393 0.774605 0.773907
1955 0.774002 0.773395 0.774608 0.773908
1959 0.773999 0.773392 0.774605 0.773908
1964 0.773995 0.773388 0.774602 0.773909
1968 0.773992 0.773386 0.774599 0.773909
1973 0.773988 0.773381 0.774594 0.77391
1978 0.773977 0.77337 0.774583 0.77391
1982 0.773986 0.773379 0.774593 0.773911
1987 0.773983 0.773376 0.77459 0.773911
1991 0.773976 0.773369 0.774583 0.773912
1996 0.773983 0.773376 0.77459 0.773912
2001 0.773986 0.773378 0.774593 0.773913
2005 0.773985 0.773378 0.774593 0.773913
2010 0.773982 0.773375 0.77459 0.773914
2014 0.773989 0.773381 0.774597 0.773915
2019 0.773999 0.773391 0.774607 0.773915
2024 0.773995 0.773387 0.774603 0.773916
2028 0.773999 0.773392 0.774607 0.773916
2033 0.773994 0.773386 0.774602 0.773917
2037 0.773992 0.773384 0.7746 0.773917
2042 0.773999 0.773391 0.774607 0.773918
2047 0.774001 0.773393 0.77461 0.773918
2051 0.774 0.773392 0.774609 0.773919
2056 0.774006 0.773397 0.774614 0.773919
2060 0.774006 0.773398 0.774615 0.77392
2065 0.774005 0.773397 0.774614 0.77392
2070 0.774009 0.773401 0.774618 0.773921
2074 0.774014 0.773405 0.774623 0.773921
2079 0.774014 0.773405 0.774623 0.773922
2083 0.774014 0.773406 0.774623 0.773922
2088 0.77401 0.773401 0.774619 0.773922
2093 0.773999 0.77339 0.774608 0.773923
2097 0.773996 0.773387 0.774605 0.773923
2102 0.774004 0.773395 0.774614 0.773924
2106 0.773998 0.773389 0.774608 0.773924
2111 0.773988 0.773378 0.774597 0.773925
2116 0.773992 0.773382 0.774601 0.773925
2120 0.773992 0.773382 0.774601 0.773926
2125 0.773991 0.773381 0.774601 0.773926
2129 0.774 0.77339 0.77461 0.773927
2134 0.774001 0.77339 0.774611 0.773927
2139 0.774002 0.773392 0.774612 0.773928
2143 0.773996 0.773386 0.774607 0.773928
2148 0.774007 0.773397 0.774618 0.773929
2152 0.774003 0.773393 0.774614 0.773929
2157 0.773998 0.773387 0.774608 0.773929
2162 0.773996 0.773386 0.774607 0.77393
2166 0.773999 0.773388 0.77461 0.77393
2171 0.773994 0.773383 0.774605 0.773931
2175 0.773999 0.773388 0.77461 0.773931
2180 0.774009 0.773398 0.77462 0.773932
2185 0.774009 0.773398 0.77462 0.773932
2189 0.774013 0.773402 0.774624 0.773932
2194 0.774011 0.7734 0.774622 0.773933
2198 0.774014 0.773403 0.774625 0.773933
2203 0.774017 0.773406 0.774628 0.773934
2208 0.77401 0.773398 0.774621 0.773934
2212 0.774008 0.773396 0.774619 0.773935
2217 0.774011 0.7734 0.774623 0.773935
2221 0.774015 0.773403 0.774626 0.773935
2226 0.774012 0.7734 0.774623 0.773936
2231 0.774014 0.773403 0.774626 0.773936
2235 0.774022 0.77341 0.774634 0.773937
2240 0.774021 0.773409 0.774633 0.773937
2244 0.77402 0.773408 0.774632 0.773938
2249 0.774023 0.77341 0.774635 0.773938
2254 0.774022 0.773409 0.774634 0.773938
2258 0.774017 0.773404 0.774629 0.773939
2263 0.774022 0.773409 0.774634 0.773939
2267 0.774019 0.773406 0.774632 0.77394
2272 0.774017 0.773405 0.77463 0.77394
2277 0.774015 0.773402 0.774627 0.77394
2281 0.774012 0.773399 0.774624 0.773941
2286 0.774007 0.773394 0.77462 0.773941
2290 0.77401 0.773397 0.774623 0.773942
2295 0.774012 0.773399 0.774625 0.773942
2300 0.774013 0.7734 0.774626 0.773942
2304 0.77401 0.773396 0.774623 0.773943
2309 0.774017 0.773404 0.774631 0.773943
2313 0.774019 0.773405 0.774632 0.773944
2318 0.774026 0.773412 0.774639 0.773944
2323 0.774028 0.773415 0.774642 0.773944
2327 0.774028 0.773415 0.774641 0.773945
2332 0.774024 0.77341 0.774637 0.773945
2336 0.774022 0.773409 0.774635 0.773945
2341 0.774027 0.773413 0.77464 0.773946
2346 0.774033 0.77342 0.774647 0.773946
2350 0.774034 0.77342 0.774648 0.773947
2355 0.77403 0.773416 0.774644 0.773947
2359 0.774021 0.773407 0.774635 0.773947
2364 0.774026 0.773412 0.77464 0.773948
2369 0.774023 0.773409 0.774637 0.773948
2373 0.774018 0.773404 0.774633 0.773948
2378 0.774017 0.773402 0.774631 0.773949
2382 0.774013 0.773399 0.774627 0.773949
2387 0.77401 0.773396 0.774625 0.77395
2392 0.774018 0.773403 0.774632 0.77395
2396 0.774014 0.773399 0.774629 0.77395
2401 0.774017 0.773402 0.774631 0.773951
2405 0.774011 0.773397 0.774626 0.773951
2410 0.774011 0.773397 0.774625 0.773951
2415 0.774008 0.773394 0.774623 0.773952
2419 0.774011 0.773396 0.774625 0.773952
2424 0.774012 0.773397 0.774626 0.773952
2428 0.774009 0.773394 0.774623 0.773953
2433 0.774008 0.773393 0.774623 0.773953
2438 0.774005 0.773391 0.77462 0.773954
2442 0.774001 0.773386 0.774616 0.773954
2447 0.774009 0.773394 0.774624 0.773954
2451 0.774006 0.773391 0.774621 0.773955
2456 0.774008 0.773393 0.774623 0.773955
2461 0.774008 0.773393 0.774623 0.773955
2465 0.774005 0.77339 0.77462 0.773956
2470 0.774002 0.773387 0.774617 0.773956
2474 0.774002 0.773386 0.774617 0.773956
2479 0.774007 0.773392 0.774623 0.773957
2484 0.774002 0.773387 0.774617 0.773957
2488 0.77401 0.773394 0.774625 0.773957
2493 0.774013 0.773397 0.774628 0.773958
2497 0.774014 0.773398 0.77463 0.773958
2502 0.774024 0.773408 0.774639 0.773958
2507 0.77402 0.773405 0.774636 0.773959
2511 0.77402 0.773405 0.774636 0.773959
2516 0.774027 0.773411 0.774643 0.773959
2520 0.774026 0.77341 0.774642 0.77396
2525 0.77403 0.773414 0.774646 0.77396
2530 0.774028 0.773412 0.774644 0.77396
2534 0.774031 0.773415 0.774647 0.773961
2539 0.774029 0.773413 0.774645 0.773961
2543 0.774025 0.773409 0.774641 0.773961
2548 0.774025 0.773409 0.774641 0.773962
2553 0.774025 0.773408 0.774641 0.773962
2557 0.774019 0.773403 0.774635 0.773962
2562 0.77403 0.773414 0.774646 0.773963
2566 0.774029 0.773413 0.774645 0.773963
2571 0.774035 0.773418 0.774651 0.773963
2576 0.774037 0.773421 0.774653 0.773963
2580 0.774037 0.773421 0.774654 0.773964
2585 0.77404 0.773423 0.774656 0.773964
2589 0.774046 0.773429 0.774662 0.773964
2594 0.774048 0.773431 0.774664 0.773965
2599 0.774051 0.773435 0.774668 0.773965
2603 0.774048 0.773432 0.774665 0.773965
2608 0.774053 0.773436 0.77467 0.773966
2612 0.77405 0.773434 0.774667 0.773966
2617 0.774049 0.773432 0.774666 0.773966
2622 0.77405 0.773433 0.774667 0.773967
2626 0.774046 0.77343 0.774663 0.773967
2631 0.77404 0.773424 0.774657 0.773967
2635 0.774037 0.77342 0.774654 0.773967
2640 0.774048 0.773431 0.774665 0.773968
2645 0.774041 0.773424 0.774658 0.773968
2649 0.774039 0.773422 0.774656 0.773968
2654 0.774027 0.77341 0.774644 0.773969
2658 0.774024 0.773407 0.774641 0.773969
2663 0.774029 0.773412 0.774646 0.773969
2668 0.77404 0.773423 0.774657 0.77397
2672 0.774046 0.773429 0.774663 0.77397
2677 0.774054 0.773437 0.774671 0.77397
2681 0.774058 0.773441 0.774675 0.77397
2686 0.774057 0.77344 0.774674 0.773971
2691 0.774056 0.773439 0.774673 0.773971
2695 0.774055 0.773438 0.774673 0.773971
2700 0.774056 0.773439 0.774674 0.773972
2704 0.774052 0.773435 0.77467 0.773972
2709 0.774052 0.773435 0.774669 0.773972
2714 0.77405 0.773432 0.774667 0.773972
2718 0.774053 0.773435 0.77467 0.773973
2723 0.774061 0.773443 0.774678 0.773973
2727 0.774058 0.773441 0.774676 0.773973
2732 0.77406 0.773442 0.774677 0.773973
2737 0.774065 0.773447 0.774683 0.773974
2741 0.774065 0.773447 0.774682 0.773974
2746 0.774067 0.773449 0.774685 0.773974
2750 0.77407 0.773452 0.774688 0.773975
2755 0.774071 0.773453 0.774689 0.773975
2760 0.774071 0.773453 0.774689 0.773975
2764 0.774064 0.773446 0.774682 0.773975
2769 0.774062 0.773444 0.774681 0.773976
2773 0.77406 0.773442 0.774678 0.773976
2778 0.774062 0.773444 0.774681 0.773976
2783 0.774061 0.773443 0.77468 0.773977
2787 0.774057 0.773438 0.774675 0.773977
2792 0.774058 0.773439 0.774676 0.773977
2796 0.774052 0.773433 0.77467 0.773977
2801 0.774052 0.773433 0.77467 0.773978
2806 0.774049 0.77343 0.774668 0.773978
2810 0.774052 0.773433 0.774671 0.773978
2815 0.774052 0.773433 0.774671 0.773978
2819 0.774055 0.773436 0.774674 0.773979
2824 0.774056 0.773437 0.774675 0.773979
2829 0.774063 0.773444 0.774682 0.773979
2833 0.774063 0.773444 0.774682 0.773979
2838 0.774064 0.773445 0.774684 0.77398
2842 0.774068 0.773448 0.774687 0.77398
2847 0.774063 0.773444 0.774683 0.77398
2852 0.774055 0.773435 0.774674 0.77398
2856 0.774058 0.773438 0.774678 0.773981
2861 0.774055 0.773436 0.774675 0.773981
2865 0.774056 0.773436 0.774676 0.773981
2870 0.774055 0.773435 0.774675 0.773981
2875 0.774062 0.773442 0.774682 0.773982
2879 0.77406 0.77344 0.77468 0.773982
2884 0.774064 0.773444 0.774685 0.773982
2888 0.774067 0.773446 0.774687 0.773982
2893 0.774068 0.773448 0.774689 0.773983
2898 0.774066 0.773446 0.774686 0.773983
2902 0.774071 0.773451 0.774692 0.773983
2907 0.774074 0.773453 0.774694 0.773983
2911 0.774074 0.773454 0.774695 0.773984
2916 0.774077 0.773456 0.774697 0.773984
2921 0.774077 0.773456 0.774697 0.773984
2925 0.774074 0.773454 0.774694 0.773984
2930 0.774077 0.773456 0.774697 0.773985
2934 0.774077 0.773457 0.774698 0.773985
2939 0.774077 0.773456 0.774697 0.773985
2944 0.774076 0.773455 0.774696 0.773985
2948 0.774077 0.773456 0.774697 0.773986
2953 0.77408 0.77346 0.774701 0.773986
2957 0.774075 0.773454 0.774696 0.773986
2962 0.774082 0.773461 0.774703 0.773986
2967 0.774084 0.773463 0.774705 0.773987
2971 0.774084 0.773463 0.774705 0.773987
2976 0.774079 0.773458 0.7747 0.773987
2980 0.774083 0.773462 0.774704 0.773987
2985 0.77408 0.773459 0.774701 0.773988
2990 0.774076 0.773455 0.774697 0.773988
2994 0.774076 0.773455 0.774697 0.773988
2999 0.774077 0.773456 0.774698 0.773988
3003 0.774077 0.773455 0.774698 0.773988
3008 0.774077 0.773456 0.774698 0.773989
3013 0.77408 0.773459 0.774701 0.773989
3017 0.77408 0.773459 0.774701 0.773989
3022 0.774078 0.773457 0.774699 0.773989
3026 0.774076 0.773454 0.774697 0.77399
3031 0.77408 0.773459 0.774702 0.77399
3036 0.774076 0.773454 0.774697 0.77399
3040 0.774078 0.773457 0.7747 0.77399
3045 0.77408 0.773459 0.774702 0.773991
3049 0.774076 0.773454 0.774697 0.773991
3054 0.774075 0.773453 0.774697 0.773991
3059 0.774073 0.773451 0.774695 0.773991
3063 0.774074 0.773452 0.774696 0.773991
3068 0.774076 0.773454 0.774699 0.773992
3072 0.774076 0.773454 0.774698 0.773992
3077 0.774081 0.773459 0.774703 0.773992
3082 0.774083 0.773461 0.774706 0.773992
3086 0.774086 0.773464 0.774708 0.773992
3091 0.774087 0.773465 0.774709 0.773993
3095 0.77409 0.773468 0.774712 0.773993
3100 0.774093 0.773471 0.774716 0.773993
3105 0.774096 0.773473 0.774718 0.773993
3109 0.774098 0.773475 0.77472 0.773994
3114 0.7741 0.773477 0.774722 0.773994
3118 0.774103 0.773481 0.774726 0.773994
3123 0.774102 0.773479 0.774724 0.773994
3128 0.774101 0.773478 0.774723 0.773994
3132 0.774102 0.773479 0.774724 0.773995
3137 0.774104 0.773482 0.774727 0.773995
3141 0.774106 0.773483 0.774728 0.773995
3146 0.774109 0.773486 0.774731 0.773995
3151 0.774106 0.773483 0.774729 0.773996
3155 0.774104 0.773481 0.774726 0.773996
3160 0.774099 0.773476 0.774721 0.773996
3164 0.7741 0.773478 0.774723 0.773996
3169 0.774098 0.773476 0.774721 0.773996
3174 0.774092 0.77347 0.774715 0.773997
3178 0.774094 0.773471 0.774716 0.773997
3183 0.774094 0.773471 0.774717 0.773997
3187 0.7741 0.773477 0.774723 0.773997
3192 0.774098 0.773475 0.774721 0.773997
3197 0.774095 0.773472 0.774718 0.773998
3201 0.774092 0.773469 0.774715 0.773998
3206 0.774092 0.773469 0.774715 0.773998
3210 0.774092 0.773469 0.774715 0.773998
3215 0.774086 0.773463 0.774709 0.773998
3220 0.774089 0.773466 0.774712 0.773999
3224 0.77409 0.773467 0.774713 0.773999
3229 0.77409 0.773467 0.774714 0.773999
3233 0.774094 0.773471 0.774718 0.773999
3238 0.774098 0.773475 0.774721 0.773999
3243 0.774094 0.77347 0.774717 0.774
3247 0.774098 0.773474 0.774721 0.774
3252 0.774101 0.773477 0.774724 0.774
3256 0.774098 0.773475 0.774722 0.774
3261 0.774094 0.773471 0.774718 0.774
3266 0.774095 0.773472 0.774719 0.774001
3270 0.774097 0.773473 0.77472 0.774001
3275 0.774102 0.773479 0.774726 0.774001
3279 0.774107 0.773483 0.77473 0.774001
3284 0.774109 0.773485 0.774732 0.774001
3289 0.774106 0.773483 0.77473 0.774002
3293 0.774104 0.77348 0.774728 0.774002
3298 0.7741 0.773476 0.774724 0.774002
3302 0.774104 0.77348 0.774728 0.774002
3307 0.774099 0.773475 0.774723 0.774002
3312 0.774101 0.773476 0.774725 0.774002
3316 0.774105 0.773481 0.77473 0.774003
3321 0.774106 0.773482 0.774731 0.774003
3325 0.774107 0.773483 0.774731 0.774003
3330 0.774112 0.773487 0.774736 0.774003
3335 0.774111 0.773487 0.774735 0.774003
3339 0.774111 0.773487 0.774735 0.774004
3344 0.774111 0.773487 0.774735 0.774004
3348 0.774107 0.773483 0.774732 0.774004
3353 0.774113 0.773489 0.774737 0.774004
3358 0.774115 0.773491 0.774739 0.774004
3362 0.774116 0.773492 0.774741 0.774005
3367 0.774119 0.773495 0.774744 0.774005
3371 0.774121 0.773497 0.774746 0.774005
3376 0.774125 0.7735 0.774749 0.774005
3381 0.774124 0.773499 0.774748 0.774005
3385 0.774133 0.773508 0.774757 0.774005
3390 0.774136 0.773512 0.774761 0.774006
3394 0.774134 0.77351 0.774759 0.774006
3399 0.77413 0.773505 0.774755 0.774006
3404 0.774126 0.773501 0.774751 0.774006
3408 0.774127 0.773503 0.774752 0.774006
3413 0.774125 0.7735 0.77475 0.774007
3417 0.774127 0.773502 0.774751 0.774007
3422 0.774127 0.773502 0.774752 0.774007
3427 0.774125 0.773501 0.77475 0.774007
3431 0.774121 0.773496 0.774746 0.774007
3436 0.774126 0.773501 0.774751 0.774007
3440 0.774125 0.7735 0.77475 0.774008
3445 0.774124 0.773499 0.774749 0.774008
3450 0.774122 0.773497 0.774747 0.774008
3454 0.774123 0.773498 0.774749 0.774008
3459 0.774127 0.773501 0.774752 0.774008
3463 0.774126 0.773501 0.774751 0.774008
3468 0.774127 0.773502 0.774752 0.774009
3473 0.774128 0.773503 0.774754 0.774009
3477 0.774122 0.773497 0.774748 0.774009
3482 0.774121 0.773496 0.774746 0.774009
3486 0.774123 0.773497 0.774748 0.774009
3491 0.774118 0.773492 0.774743 0.774009
3496 0.774118 0.773493 0.774743 0.77401
3500 0.774124 0.773498 0.774749 0.77401
3505 0.774129 0.773503 0.774754 0.77401
3509 0.774127 0.773502 0.774753 0.77401
3514 0.774125 0.7735 0.774751 0.77401
3519 0.774128 0.773502 0.774753 0.774011
3523 0.77413 0.773505 0.774756 0.774011
3528 0.774125 0.7735 0.774751 0.774011
3532 0.774129 0.773503 0.774754 0.774011
3537 0.774128 0.773502 0.774754 0.774011
3542 0.774128 0.773502 0.774754 0.774011
3546 0.774132 0.773506 0.774757 0.774011
3551 0.774132 0.773506 0.774758 0.774012
3555 0.774131 0.773505 0.774756 0.774012
3560 0.774132 0.773506 0.774757 0.774012
3565 0.774132 0.773506 0.774757 0.774012
3569 0.77413 0.773504 0.774755 0.774012
3574 0.774132 0.773506 0.774757 0.774012
3578 0.77413 0.773504 0.774755 0.774013
3583 0.774131 0.773505 0.774756 0.774013
3588 0.774128 0.773502 0.774754 0.774013
3592 0.774127 0.773501 0.774753 0.774013
3597 0.774126 0.7735 0.774752 0.774013
3601 0.774122 0.773496 0.774748 0.774013
3606 0.774122 0.773496 0.774747 0.774014
3611 0.774125 0.773499 0.77475 0.774014
3615 0.774126 0.7735 0.774752 0.774014
3620 0.774128 0.773502 0.774754 0.774014
3624 0.774129 0.773503 0.774755 0.774014
3629 0.774125 0.773499 0.774751 0.774014
3634 0.774125 0.773499 0.774752 0.774015
3638 0.774124 0.773498 0.77475 0.774015
3643 0.774128 0.773502 0.774754 0.774015
3647 0.774128 0.773501 0.774754 0.774015
3652 0.774124 0.773498 0.774751 0.774015
3657 0.774125 0.773499 0.774752 0.774015
3661 0.774125 0.773498 0.774751 0.774015
3666 0.774123 0.773497 0.774749 0.774016
3670 0.774122 0.773496 0.774749 0.774016
3675 0.774129 0.773502 0.774755 0.774016
3680 0.77413 0.773503 0.774756 0.774016
3684 0.774132 0.773506 0.774758 0.774016
3689 0.774127 0.773501 0.774753 0.774016
3693 0.774126 0.773499 0.774752 0.774017
3698 0.774131 0.773505 0.774758 0.774017
3703 0.774132 0.773505 0.774758 0.774017
3707 0.774134 0.773507 0.77476 0.774017
3712 0.77413 0.773504 0.774757 0.774017
3716 0.774127 0.7735 0.774753 0.774017
3721 0.774122 0.773496 0.774749 0.774017
3726 0.774119 0.773493 0.774746 0.774018
3730 0.774121 0.773495 0.774748 0.774018
3735 0.77412 0.773494 0.774746 0.774018
3739 0.774119 0.773493 0.774746 0.774018
3744 0.77412 0.773493 0.774746 0.774018
3749 0.774118 0.773491 0.774744 0.774018
3753 0.774116 0.773489 0.774743 0.774019
3758 0.774113 0.773486 0.77474 0.774019
3762 0.774111 0.773484 0.774738 0.774019
3767 0.77411 0.773484 0.774737 0.774019
3772 0.774113 0.773486 0.774739 0.774019
3776 0.774112 0.773485 0.774739 0.774019
3781 0.774111 0.773484 0.774738 0.774019
3785 0.774113 0.773486 0.774739 0.77402
3790 0.774112 0.773485 0.774739 0.77402
3795 0.774114 0.773487 0.774741 0.77402
3799 0.774117 0.77349 0.774744 0.77402
3804 0.774118 0.773491 0.774745 0.77402
3808 0.77412 0.773493 0.774748 0.77402
3813 0.774121 0.773494 0.774749 0.77402
3818 0.774119 0.773491 0.774746 0.774021
3822 0.77412 0.773492 0.774747 0.774021
3827 0.774124 0.773496 0.774751 0.774021
3831 0.774124 0.773497 0.774751 0.774021
3836 0.774118 0.773491 0.774746 0.774021
3841 0.774115 0.773488 0.774742 0.774021
3845 0.774116 0.773489 0.774744 0.774021
3850 0.774114 0.773487 0.774742 0.774022
3854 0.774115 0.773488 0.774742 0.774022
3859 0.774114 0.773487 0.774742 0.774022
3864 0.774112 0.773484 0.774739 0.774022
3868 0.77411 0.773482 0.774737 0.774022
3873 0.774106 0.773479 0.774734 0.774022
3877 0.774109 0.773481 0.774736 0.774022
3882 0.77411 0.773482 0.774738 0.774023
3887 0.774109 0.773482 0.774737 0.774023
3891 0.774113 0.773486 0.774741 0.774023
3896 0.774113 0.773486 0.774741 0.774023
3900 0.774112 0.773484 0.77474 0.774023
3905 0.774112 0.773485 0.77474 0.774023
3910 0.774118 0.773491 0.774746 0.774023
3914 0.774125 0.773498 0.774753 0.774023
3919 0.774127 0.773499 0.774754 0.774024
3923 0.774123 0.773495 0.774751 0.774024
3928 0.774121 0.773494 0.774749 0.774024
3933 0.774123 0.773495 0.77475 0.774024
3937 0.774128 0.7735 0.774755 0.774024
3942 0.774131 0.773503 0.774759 0.774024
3946 0.774129 0.773502 0.774757 0.774024
3951 0.774129 0.773501 0.774757 0.774025
3956 0.774132 0.773504 0.774759 0.774025
3960 0.774135 0.773507 0.774762 0.774025
3965 0.774133 0.773505 0.774761 0.774025
3969 0.774136 0.773509 0.774764 0.774025
3974 0.774138 0.77351 0.774765 0.774025
3979 0.774138 0.773511 0.774766 0.774025
3983 0.774141 0.773514 0.774769 0.774025
3988 0.774139 0.773512 0.774767 0.774026
3992 0.774137 0.77351 0.774765 0.774026
3997 0.774138 0.77351 0.774765 0.774026
4002 0.774137 0.773509 0.774765 0.774026
4006 0.774133 0.773506 0.774761 0.774026
4011 0.774134 0.773506 0.774761 0.774026
4015 0.774139 0.773511 0.774767 0.774026
4020 0.774137 0.773509 0.774765 0.774027
4025 0.774136 0.773508 0.774764 0.774027
4029 0.774137 0.773509 0.774764 0.774027
4034 0.774141 0.773513 0.774768 0.774027
4038 0.774138 0.77351 0.774766 0.774027
4043 0.774136 0.773508 0.774764 0.774027
4048 0.774132 0.773504 0.77476 0.774027
4052 0.774131 0.773503 0.774759 0.774027
4057 0.774132 0.773503 0.77476 0.774028
4061 0.774129 0.773501 0.774757 0.774028
4066 0.774128 0.7735 0.774756 0.774028
4071 0.774125 0.773497 0.774753 0.774028
4075 0.774124 0.773496 0.774752 0.774028
4080 0.774126 0.773498 0.774754 0.774028
4084 0.774123 0.773495 0.774752 0.774028
4089 0.774124 0.773496 0.774752 0.774028
4094 0.774127 0.773499 0.774755 0.774029
4098 0.774128 0.773499 0.774756 0.774029
4103 0.77413 0.773502 0.774759 0.774029
4107 0.774129 0.773501 0.774757 0.774029
4112 0.774131 0.773502 0.774759 0.774029
4117 0.774128 0.7735 0.774757 0.774029
4121 0.774131 0.773502 0.774759 0.774029
4126 0.774136 0.773508 0.774765 0.774029
4130 0.77414 0.773512 0.774769 0.77403
4135 0.774144 0.773515 0.774772 0.77403
4140 0.774143 0.773514 0.774771 0.77403
4144 0.774145 0.773517 0.774774 0.77403
4149 0.774145 0.773517 0.774774 0.77403
4153 0.774143 0.773514 0.774771 0.77403
4158 0.774142 0.773514 0.774771 0.77403
4163 0.774146 0.773518 0.774775 0.77403
4167 0.774148 0.773519 0.774777 0.77403
4172 0.774148 0.773519 0.774777 0.774031
4176 0.774145 0.773516 0.774774 0.774031
4181 0.774143 0.773515 0.774772 0.774031
4186 0.774145 0.773516 0.774774 0.774031
4190 0.774148 0.77352 0.774777 0.774031
4195 0.774152 0.773523 0.774781 0.774031
4199 0.774154 0.773526 0.774783 0.774031
4204 0.774157 0.773528 0.774786 0.774031
4209 0.774156 0.773527 0.774785 0.774032
4213 0.774155 0.773526 0.774784 0.774032
4218 0.774158 0.773529 0.774787 0.774032
4222 0.774159 0.77353 0.774788 0.774032
4227 0.774159 0.77353 0.774788 0.774032
4232 0.774158 0.773529 0.774787 0.774032
4236 0.774158 0.773529 0.774787 0.774032
4241 0.774154 0.773525 0.774784 0.774032
4245 0.774153 0.773524 0.774783 0.774032
4250 0.774149 0.773519 0.774778 0.774033
4255 0.774147 0.773518 0.774777 0.774033
4259 0.774146 0.773517 0.774775 0.774033
4264 0.774146 0.773516 0.774775 0.774033
4268 0.774145 0.773516 0.774775 0.774033
4273 0.774147 0.773517 0.774776 0.774033
4278 0.774152 0.773522 0.774781 0.774033
4282 0.774149 0.773519 0.774778 0.774033
4287 0.77415 0.77352 0.774779 0.774034
4291 0.774153 0.773523 0.774782 0.774034
4296 0.774153 0.773523 0.774782 0.774034
4301 0.774153 0.773523 0.774783 0.774034
4305 0.774154 0.773524 0.774784 0.774034
4310 0.774151 0.773521 0.77478 0.774034
4314 0.774153 0.773524 0.774783 0.774034
4319 0.774157 0.773527 0.774787 0.774034
4324 0.774153 0.773523 0.774783 0.774034
4328 0.774156 0.773526 0.774785 0.774035
4333 0.774163 0.773533 0.774792 0.774035
4337 0.774166 0.773537 0.774796 0.774035
4342 0.774168 0.773539 0.774798 0.774035
4347 0.774169 0.773539 0.774799 0.774035
4351 0.77417 0.773541 0.7748 0.774035
4356 0.774171 0.773541 0.774801 0.774035
4360 0.774172 0.773542 0.774801 0.774035
4365 0.774176 0.773546 0.774806 0.774035
4370 0.774175 0.773546 0.774805 0.774036
4374 0.774181 0.773551 0.774811 0.774036
4379 0.774181 0.773551 0.774811 0.774036
4383 0.774181 0.773551 0.774811 0.774036
4388 0.774178 0.773548 0.774808 0.774036
4393 0.774175 0.773545 0.774805 0.774036
4397 0.774175 0.773545 0.774805 0.774036
4402 0.774173 0.773543 0.774803 0.774036
4406 0.774171 0.773541 0.774801 0.774036
4411 0.774167 0.773536 0.774797 0.774036
4416 0.774172 0.773542 0.774802 0.774037
4420 0.774174 0.773544 0.774804 0.774037
4425 0.774174 0.773544 0.774804 0.774037
4429 0.774174 0.773544 0.774805 0.774037
4434 0.774175 0.773545 0.774805 0.774037
4439 0.774178 0.773548 0.774808 0.774037
4443 0.774176 0.773546 0.774806 0.774037
4448 0.774174 0.773544 0.774804 0.774037
4452 0.774176 0.773546 0.774806 0.774037
4457 0.774174 0.773544 0.774804 0.774038
4462 0.774178 0.773548 0.774808 0.774038
4466 0.774177 0.773547 0.774807 0.774038
4471 0.774178 0.773548 0.774808 0.774038
4475 0.77418 0.77355 0.77481 0.774038
4480 0.774181 0.773551 0.774811 0.774038
4485 0.77418 0.77355 0.77481 0.774038
4489 0.774181 0.773551 0.774811 0.774038
4494 0.774176 0.773546 0.774807 0.774038
4498 0.774177 0.773547 0.774807 0.774038
4503 0.774177 0.773547 0.774807 0.774039
4508 0.774179 0.773549 0.774809 0.774039
4512 0.77418 0.77355 0.77481 0.774039
4517 0.774183 0.773553 0.774813 0.774039
4521 0.774183 0.773553 0.774813 0.774039
4526 0.774185 0.773555 0.774815 0.774039
4531 0.774182 0.773552 0.774813 0.774039
4535 0.774182 0.773552 0.774812 0.774039
4540 0.774183 0.773552 0.774813 0.774039
4544 0.774186 0.773556 0.774816 0.774039
4549 0.774188 0.773558 0.774818 0.77404
4554 0.774194 0.773563 0.774824 0.77404
4558 0.774194 0.773564 0.774825 0.77404
4563 0.774197 0.773567 0.774827 0.77404
4567 0.774199 0.773569 0.774829 0.77404
4572 0.774199 0.773569 0.77483 0.77404
4577 0.774201 0.77357 0.774831 0.77404
4581 0.774202 0.773572 0.774833 0.77404
4586 0.774202 0.773572 0.774833 0.77404
4590 0.774204 0.773574 0.774834 0.77404
4595 0.774205 0.773574 0.774835 0.774041
4600 0.774206 0.773575 0.774836 0.774041
4604 0.774202 0.773572 0.774833 0.774041
4609 0.774205 0.773574 0.774835 0.774041
4613 0.774203 0.773572 0.774833 0.774041
4618 0.774205 0.773575 0.774836 0.774041
4623 0.774205 0.773574 0.774835 0.774041
4627 0.774209 0.773579 0.77484 0.774041
4632 0.774206 0.773576 0.774836 0.774041
4636 0.774206 0.773576 0.774837 0.774041
4641 0.774207 0.773577 0.774838 0.774042
4646 0.774209 0.773578 0.774839 0.774042
4650 0.774206 0.773576 0.774837 0.774042
4655 0.774207 0.773576 0.774837 0.774042
4659 0.774208 0.773577 0.774838 0.774042
4664 0.774206 0.773575 0.774836 0.774042
4669 0.774207 0.773576 0.774838 0.774042
4673 0.774206 0.773576 0.774837 0.774042
4678 0.774206 0.773576 0.774837 0.774042
4682 0.774203 0.773572 0.774833 0.774042
4687 0.774201 0.773571 0.774832 0.774043
4692 0.774195 0.773564 0.774825 0.774043
4696 0.774194 0.773563 0.774824 0.774043
4701 0.774197 0.773567 0.774828 0.774043
4705 0.774197 0.773567 0.774828 0.774043
4710 0.774195 0.773564 0.774825 0.774043
4715 0.774195 0.773565 0.774826 0.774043
4719 0.774197 0.773566 0.774827 0.774043
4724 0.774198 0.773568 0.774829 0.774043
4728 0.7742 0.773569 0.77483 0.774043
4733 0.774199 0.773568 0.774829 0.774043
4738 0.774198 0.773568 0.774829 0.774044
4742 0.774198 0.773567 0.774828 0.774044
4747 0.774201 0.77357 0.774831 0.774044
4751 0.774201 0.77357 0.774831 0.774044
4756 0.774198 0.773568 0.774829 0.774044
4761 0.774203 0.773572 0.774834 0.774044
4765 0.774205 0.773574 0.774835 0.774044
4770 0.774204 0.773574 0.774835 0.774044
4774 0.774206 0.773575 0.774837 0.774044
4779 0.774207 0.773576 0.774838 0.774044
4784 0.774205 0.773574 0.774835 0.774044
4788 0.774204 0.773574 0.774835 0.774045
4793 0.774203 0.773573 0.774834 0.774045
4797 0.774204 0.773574 0.774835 0.774045
4802 0.774207 0.773576 0.774837 0.774045
4807 0.774206 0.773576 0.774837 0.774045
4811 0.774205 0.773574 0.774836 0.774045
4816 0.774203 0.773572 0.774834 0.774045
4820 0.774204 0.773574 0.774835 0.774045
4825 0.774205 0.773574 0.774836 0.774045
