//total_population estimated_relatedness lower_bound upper_bound relatedness
240 0.72106 0.72106 0.72106 0.72106
244 0.721027 0.720947 0.721108 0.721098
249 0.7211 0.720981 0.721219 0.721144
254 0.721055 0.720908 0.721203 0.721188
259 0.721099 0.720928 0.721269 0.72123
264 0.721095 0.720904 0.721285 0.721271
268 0.721139 0.720935 0.721343 0.721303
273 0.721158 0.720941 0.721376 0.721341
278 0.721163 0.720932 0.721393 0.721378
283 0.72116 0.720916 0.721404 0.721413
288 0.721164 0.720909 0.72142 0.721447
292 0.721208 0.720944 0.721473 0.721474
297 0.721266 0.720991 0.721541 0.721506
302 0.721298 0.721013 0.721584 0.721537
307 0.721346 0.721051 0.721641 0.721567
312 0.721417 0.721114 0.721721 0.721596
316 0.721426 0.721115 0.721737 0.721618
321 0.721403 0.721085 0.721721 0.721646
326 0.721387 0.721062 0.721713 0.721673
331 0.721435 0.721103 0.721767 0.721698
336 0.721449 0.721111 0.721787 0.721723
340 0.721461 0.721118 0.721805 0.721743
345 0.721476 0.721127 0.721826 0.721767
350 0.721515 0.72116 0.721869 0.72179
355 0.7215 0.72114 0.72186 0.721812
360 0.721513 0.721147 0.721878 0.721834
364 0.721544 0.721175 0.721913 0.721851
369 0.721548 0.721175 0.721921 0.721871
374 0.721549 0.721171 0.721926 0.721892
379 0.721555 0.721173 0.721937 0.721911
384 0.721577 0.72119 0.721964 0.72193
388 0.721598 0.721208 0.721987 0.721945
393 0.721571 0.721178 0.721964 0.721963
398 0.721643 0.721245 0.72204 0.721981
403 0.721622 0.72122 0.722023 0.721999
408 0.721622 0.721216 0.722027 0.722015
412 0.721619 0.721211 0.722028 0.722029
417 0.721619 0.721206 0.722032 0.722045
422 0.721608 0.721192 0.722024 0.722061
427 0.721607 0.721188 0.722026 0.722076
432 0.721584 0.721161 0.722006 0.722091
436 0.721618 0.721194 0.722042 0.722103
441 0.721626 0.721199 0.722053 0.722117
446 0.721632 0.721203 0.722061 0.722132
451 0.721626 0.721195 0.722057 0.722145
456 0.721627 0.721194 0.72206 0.722159
460 0.721661 0.721225 0.722096 0.722169
465 0.721675 0.721237 0.722113 0.722182
470 0.721699 0.721259 0.72214 0.722195
475 0.721733 0.721291 0.722176 0.722208
480 0.721786 0.721342 0.72223 0.72222
484 0.721808 0.721362 0.722254 0.722229
489 0.721782 0.721335 0.722229 0.722241
494 0.721792 0.721343 0.722242 0.722253
499 0.721774 0.721322 0.722226 0.722264
504 0.721777 0.721323 0.72223 0.722275
508 0.721804 0.721349 0.722259 0.722284
513 0.721817 0.721361 0.722273 0.722294
518 0.721824 0.721366 0.722282 0.722305
523 0.721843 0.721382 0.722304 0.722315
528 0.721845 0.721383 0.722307 0.722325
532 0.721842 0.721378 0.722306 0.722333
537 0.721845 0.721379 0.722311 0.722343
542 0.72187 0.721402 0.722337 0.722352
547 0.721872 0.721402 0.722341 0.722362
552 0.721826 0.721355 0.722298 0.722371
556 0.721838 0.721365 0.72231 0.722378
561 0.721867 0.721393 0.722342 0.722387
566 0.721857 0.721381 0.722333 0.722396
571 0.72184 0.721362 0.722318 0.722404
576 0.721851 0.721372 0.72233 0.722413
580 0.721849 0.721368 0.72233 0.722419
585 0.721881 0.721399 0.722363 0.722427
590 0.721916 0.721433 0.722399 0.722436
595 0.72193 0.721446 0.722415 0.722443
600 0.721929 0.721443 0.722415 0.722451
604 0.721959 0.721472 0.722445 0.722457
609 0.721965 0.721478 0.722453 0.722465
614 0.72194 0.721452 0.722429 0.722472
619 0.72192 0.72143 0.722409 0.72248
624 0.721949 0.721459 0.72244 0.722487
628 0.721966 0.721474 0.722457 0.722492
633 0.721983 0.721491 0.722476 0.722499
638 0.722012 0.721518 0.722506 0.722506
643 0.721986 0.72149 0.722481 0.722513
648 0.721992 0.721496 0.722488 0.72252
652 0.722012 0.721515 0.722509 0.722525
657 0.721993 0.721495 0.722491 0.722531
662 0.721996 0.721496 0.722495 0.722538
667 0.722024 0.721524 0.722525 0.722544
672 0.722036 0.721535 0.722538 0.72255
676 0.722036 0.721533 0.722538 0.722555
681 0.722013 0.721509 0.722517 0.722561
686 0.722017 0.721511 0.722522 0.722567
691 0.722007 0.721502 0.722513 0.722573
696 0.721999 0.721492 0.722506 0.722579
700 0.722 0.721492 0.722507 0.722583
705 0.722012 0.721504 0.72252 0.722589
710 0.722012 0.721503 0.722521 0.722595
715 0.722033 0.721522 0.722544 0.7226
720 0.722032 0.72152 0.722544 0.722605
724 0.722024 0.721512 0.722536 0.72261
729 0.72202 0.721507 0.722533 0.722615
734 0.722033 0.721519 0.722547 0.72262
739 0.722026 0.721512 0.72254 0.722625
744 0.722056 0.721541 0.722571 0.72263
748 0.722082 0.721566 0.722597 0.722634
753 0.722096 0.721579 0.722613 0.722639
758 0.722104 0.721586 0.722622 0.722644
763 0.722127 0.721608 0.722646 0.722649
768 0.722142 0.721623 0.722662 0.722654
772 0.722177 0.721656 0.722697 0.722657
777 0.722167 0.721646 0.722688 0.722662
782 0.722168 0.721646 0.72269 0.722666
787 0.722169 0.721647 0.722691 0.722671
792 0.722179 0.721656 0.722702 0.722675
796 0.722161 0.721637 0.722684 0.722679
801 0.722182 0.721657 0.722706 0.722683
806 0.722165 0.721639 0.72269 0.722688
811 0.722181 0.721655 0.722707 0.722692
816 0.722196 0.721669 0.722722 0.722696
820 0.722222 0.721695 0.722749 0.722699
825 0.722221 0.721693 0.722749 0.722703
830 0.722219 0.72169 0.722748 0.722707
835 0.722214 0.721685 0.722743 0.722711
840 0.722218 0.721688 0.722747 0.722715
844 0.722222 0.721691 0.722752 0.722719
849 0.72221 0.72168 0.72274 0.722722
854 0.722221 0.72169 0.722751 0.722726
859 0.722237 0.721706 0.722768 0.72273
864 0.722237 0.721705 0.722768 0.722734
868 0.722239 0.721708 0.722771 0.722737
873 0.722258 0.721725 0.72279 0.72274
878 0.722268 0.721735 0.722802 0.722744
883 0.722274 0.72174 0.722808 0.722748
888 0.722257 0.721723 0.722791 0.722751
892 0.722257 0.721722 0.722792 0.722754
897 0.722263 0.721728 0.722799 0.722757
902 0.722263 0.721728 0.722799 0.722761
907 0.722264 0.721727 0.7228 0.722764
912 0.722258 0.721721 0.722795 0.722768
916 0.72227 0.721733 0.722807 0.72277
921 0.722266 0.721728 0.722803 0.722773
926 0.722266 0.721728 0.722804 0.722777
931 0.722259 0.721721 0.722797 0.72278
936 0.722271 0.721732 0.72281 0.722783
940 0.722268 0.721729 0.722807 0.722786
945 0.722272 0.721732 0.722811 0.722789
950 0.72227 0.721731 0.72281 0.722792
955 0.72227 0.721731 0.72281 0.722795
960 0.72226 0.72172 0.7228 0.722798
964 0.722273 0.721733 0.722814 0.7228
969 0.722265 0.721724 0.722806 0.722803
974 0.722245 0.721703 0.722786 0.722806
979 0.72224 0.721699 0.722782 0.722809
984 0.722241 0.721699 0.722782 0.722812
988 0.72225 0.721708 0.722792 0.722814
993 0.722256 0.721713 0.722798 0.722817
998 0.722271 0.721728 0.722814 0.72282
1003 0.722285 0.721742 0.722828 0.722823
1008 0.722276 0.721732 0.72282 0.722825
1012 0.722282 0.721738 0.722826 0.722828
1017 0.722281 0.721736 0.722826 0.72283
1022 0.722282 0.721737 0.722828 0.722833
1027 0.722276 0.721731 0.722822 0.722836
1032 0.722273 0.721727 0.722819 0.722838
1036 0.722269 0.721723 0.722815 0.72284
1041 0.722277 0.721731 0.722824 0.722843
1046 0.722276 0.721729 0.722823 0.722845
1051 0.722277 0.721729 0.722825 0.722848
1056 0.72229 0.721741 0.722838 0.72285
1060 0.722299 0.72175 0.722848 0.722852
1065 0.722311 0.721762 0.72286 0.722855
1070 0.722319 0.72177 0.722868 0.722857
1075 0.722319 0.72177 0.722869 0.72286
1080 0.72232 0.721771 0.72287 0.722862
1084 0.722308 0.721758 0.722858 0.722864
1089 0.722314 0.721763 0.722864 0.722866
1094 0.722324 0.721772 0.722875 0.722869
1099 0.722325 0.721773 0.722877 0.722871
1104 0.722327 0.721775 0.722879 0.722873
1108 0.722334 0.721782 0.722886 0.722875
1113 0.722332 0.721779 0.722884 0.722877
1118 0.722341 0.721788 0.722894 0.72288
1123 0.722348 0.721795 0.722902 0.722882
1128 0.722348 0.721794 0.722902 0.722884
1132 0.722345 0.721792 0.722899 0.722886
1137 0.722347 0.721793 0.722901 0.722888
1142 0.72234 0.721785 0.722894 0.72289
1147 0.722337 0.721783 0.722892 0.722892
1152 0.722347 0.721792 0.722902 0.722894
1156 0.722353 0.721797 0.722908 0.722896
1161 0.722374 0.721818 0.722929 0.722898
1166 0.722372 0.721816 0.722928 0.7229
1171 0.722365 0.721808 0.722921 0.722902
1176 0.722369 0.721812 0.722925 0.722904
1180 0.722375 0.721818 0.722931 0.722906
1185 0.722393 0.721837 0.72295 0.722908
1190 0.722393 0.721836 0.722949 0.72291
1195 0.722395 0.721838 0.722952 0.722911
1200 0.722397 0.72184 0.722954 0.722913
1204 0.722391 0.721833 0.722949 0.722915
1209 0.722407 0.721849 0.722966 0.722917
1214 0.7224 0.721842 0.722959 0.722919
1219 0.722386 0.721828 0.722945 0.722921
1224 0.72237 0.721811 0.722929 0.722922
1228 0.722376 0.721817 0.722935 0.722924
1233 0.722397 0.721838 0.722956 0.722926
1238 0.722398 0.721838 0.722957 0.722928
1243 0.722409 0.721849 0.722969 0.722929
1248 0.722401 0.72184 0.722961 0.722931
1252 0.722394 0.721833 0.722955 0.722933
1257 0.722401 0.721839 0.722962 0.722934
1262 0.722415 0.721853 0.722976 0.722936
1267 0.722418 0.721856 0.72298 0.722938
1272 0.722402 0.721839 0.722964 0.72294
1276 0.722412 0.721849 0.722975 0.722941
1281 0.722398 0.721835 0.722961 0.722943
1286 0.722403 0.721839 0.722967 0.722944
1291 0.722409 0.721845 0.722973 0.722946
1296 0.722409 0.721845 0.722973 0.722948
1300 0.722416 0.721851 0.72298 0.722949
1305 0.722419 0.721854 0.722984 0.722951
1310 0.722413 0.721848 0.722978 0.722952
1315 0.722407 0.721842 0.722972 0.722954
1320 0.722404 0.721839 0.722969 0.722955
1324 0.722416 0.721851 0.722981 0.722957
1329 0.722414 0.721848 0.722979 0.722958
1334 0.722421 0.721856 0.722986 0.72296
1339 0.722434 0.721868 0.722999 0.722961
1344 0.72244 0.721874 0.723006 0.722963
1348 0.722449 0.721883 0.723015 0.722964
1353 0.722435 0.721869 0.723001 0.722966
1358 0.722445 0.721879 0.723012 0.722967
1363 0.722455 0.721888 0.723022 0.722969
1368 0.722461 0.721894 0.723028 0.72297
1372 0.72246 0.721893 0.723027 0.722971
1377 0.722468 0.7219 0.723036 0.722973
1382 0.722484 0.721916 0.723051 0.722974
1387 0.722477 0.721909 0.723045 0.722976
1392 0.722475 0.721906 0.723043 0.722977
1396 0.72248 0.721912 0.723049 0.722978
1401 0.72249 0.721922 0.723059 0.72298
1406 0.722498 0.721929 0.723067 0.722981
1411 0.722492 0.721923 0.723061 0.722982
1416 0.722502 0.721932 0.723072 0.722984
1420 0.722509 0.721939 0.723078 0.722985
1425 0.722518 0.721947 0.723088 0.722986
1430 0.722511 0.721941 0.723082 0.722988
1435 0.722496 0.721925 0.723066 0.722989
1440 0.722498 0.721928 0.723069 0.72299
1444 0.722498 0.721927 0.723068 0.722991
1449 0.722493 0.721922 0.723064 0.722993
1454 0.722495 0.721924 0.723066 0.722994
1459 0.722484 0.721913 0.723055 0.722995
1464 0.722488 0.721916 0.723059 0.722997
1468 0.722491 0.721919 0.723062 0.722998
1473 0.722496 0.721924 0.723068 0.722999
1478 0.722489 0.721917 0.723061 0.723
1483 0.722486 0.721914 0.723058 0.723002
1488 0.722483 0.721911 0.723055 0.723003
1492 0.722482 0.72191 0.723054 0.723004
1497 0.722473 0.721901 0.723045 0.723005
1502 0.722479 0.721907 0.723051 0.723006
1507 0.722484 0.721912 0.723056 0.723007
1512 0.722477 0.721905 0.72305 0.723009
1516 0.722487 0.721915 0.72306 0.72301
1521 0.722497 0.721925 0.72307 0.723011
1526 0.722495 0.721922 0.723068 0.723012
1531 0.722501 0.721927 0.723074 0.723013
1536 0.722499 0.721926 0.723073 0.723014
1540 0.72251 0.721936 0.723083 0.723015
1545 0.722521 0.721947 0.723094 0.723017
1550 0.722529 0.721956 0.723103 0.723018
1555 0.722522 0.721948 0.723096 0.723019
1560 0.722537 0.721963 0.72311 0.72302
1564 0.722537 0.721963 0.723112 0.723021
1569 0.722534 0.72196 0.723108 0.723022
1574 0.722534 0.72196 0.723109 0.723023
1579 0.722538 0.721964 0.723113 0.723024
1584 0.722534 0.721959 0.723108 0.723025
1588 0.722537 0.721963 0.723112 0.723026
1593 0.722543 0.721967 0.723118 0.723027
1598 0.722539 0.721963 0.723114 0.723028
1603 0.722552 0.721976 0.723127 0.723029
1608 0.722566 0.72199 0.723141 0.723031
1612 0.722559 0.721983 0.723135 0.723031
1617 0.722546 0.72197 0.723122 0.723032
1622 0.72255 0.721973 0.723126 0.723034
1627 0.722552 0.721976 0.723129 0.723035
1632 0.722554 0.721977 0.72313 0.723036
1636 0.72255 0.721973 0.723127 0.723036
1641 0.722544 0.721967 0.723121 0.723037
1646 0.722557 0.72198 0.723134 0.723039
1651 0.722572 0.721995 0.723149 0.72304
1656 0.722585 0.722008 0.723162 0.723041
1660 0.722584 0.722007 0.723162 0.723041
1665 0.722592 0.722015 0.72317 0.723042
1670 0.722586 0.722008 0.723164 0.723043
1675 0.722586 0.722008 0.723164 0.723044
1680 0.722592 0.722014 0.723169 0.723045
1684 0.722596 0.722018 0.723174 0.723046
1689 0.72259 0.722012 0.723168 0.723047
1694 0.722581 0.722002 0.723159 0.723048
1699 0.722577 0.721999 0.723155 0.723049
1704 0.722574 0.721996 0.723153 0.72305
1708 0.722579 0.722 0.723157 0.723051
1713 0.722582 0.722003 0.72316 0.723052
1718 0.72258 0.722001 0.723159 0.723053
1723 0.722578 0.721999 0.723157 0.723054
1728 0.722577 0.721998 0.723156 0.723054
1732 0.722576 0.721997 0.723156 0.723055
1737 0.722579 0.721999 0.723159 0.723056
1742 0.722581 0.722001 0.723161 0.723057
1747 0.722569 0.721989 0.723149 0.723058
1752 0.722573 0.721993 0.723153 0.723059
1756 0.722572 0.721992 0.723153 0.72306
1761 0.722559 0.721979 0.72314 0.72306
1766 0.722554 0.721973 0.723134 0.723061
1771 0.72255 0.72197 0.723131 0.723062
1776 0.722552 0.721971 0.723133 0.723063
1780 0.722546 0.721965 0.723127 0.723064
1785 0.722553 0.721972 0.723134 0.723065
1790 0.722545 0.721964 0.723126 0.723066
1795 0.722545 0.721964 0.723126 0.723066
1800 0.722549 0.721967 0.72313 0.723067
1804 0.722546 0.721964 0.723128 0.723068
1809 0.722546 0.721965 0.723128 0.723069
1814 0.722549 0.721966 0.723131 0.72307
1819 0.722543 0.721961 0.723126 0.723071
1824 0.722551 0.721969 0.723133 0.723071
1828 0.722547 0.721965 0.723129 0.723072
1833 0.722538 0.721956 0.723121 0.723073
1838 0.722541 0.721958 0.723124 0.723074
1843 0.722533 0.72195 0.723116 0.723074
1848 0.722542 0.721959 0.723125 0.723075
1852 0.722527 0.721943 0.72311 0.723076
1857 0.722526 0.721943 0.723109 0.723077
1862 0.722524 0.721941 0.723107 0.723078
1867 0.722521 0.721937 0.723104 0.723078
1872 0.722521 0.721938 0.723105 0.723079
1876 0.722524 0.72194 0.723107 0.72308
1881 0.722521 0.721937 0.723105 0.723081
1886 0.722511 0.721927 0.723095 0.723081
1891 0.722511 0.721927 0.723095 0.723082
1896 0.722514 0.72193 0.723098 0.723083
1900 0.72251 0.721925 0.723094 0.723083
1905 0.722512 0.721928 0.723096 0.723084
1910 0.722507 0.721923 0.723092 0.723085
1915 0.722504 0.72192 0.723089 0.723086
1920 0.722508 0.721923 0.723092 0.723087
1924 0.722498 0.721913 0.723082 0.723087
1929 0.722504 0.72192 0.723089 0.723088
1934 0.722505 0.721921 0.72309 0.723089
1939 0.722511 0.721926 0.723096 0.723089
1944 0.722515 0.72193 0.7231 0.72309
1948 0.722507 0.721921 0.723092 0.723091
1953 0.722504 0.721919 0.723089 0.723091
1958 0.722511 0.721926 0.723096 0.723092
1963 0.722518 0.721932 0.723103 0.723093
1968 0.722521 0.721935 0.723106 0.723094
1972 0.722519 0.721933 0.723104 0.723094
1977 0.722519 0.721933 0.723105 0.723095
1982 0.722517 0.721931 0.723103 0.723096
1987 0.722514 0.721929 0.7231 0.723096
1992 0.722519 0.721933 0.723105 0.723097
1996 0.722521 0.721935 0.723108 0.723098
2001 0.722529 0.721943 0.723115 0.723098
2006 0.722524 0.721937 0.723111 0.723099
2011 0.722527 0.72194 0.723113 0.7231
2016 0.722533 0.721947 0.72312 0.7231
2020 0.722536 0.721949 0.723123 0.723101
2025 0.72254 0.721953 0.723126 0.723101
2030 0.722536 0.721949 0.723123 0.723102
2035 0.722541 0.721954 0.723128 0.723103
2040 0.722545 0.721958 0.723132 0.723103
2044 0.722543 0.721956 0.72313 0.723104
2049 0.722547 0.721959 0.723134 0.723105
2054 0.722549 0.721961 0.723137 0.723105
2059 0.722546 0.721959 0.723134 0.723106
2064 0.722543 0.721955 0.72313 0.723107
2068 0.722541 0.721954 0.723129 0.723107
2073 0.722539 0.721951 0.723127 0.723108
2078 0.722537 0.721949 0.723125 0.723108
2083 0.722543 0.721955 0.723131 0.723109
2088 0.722546 0.721957 0.723134 0.72311
2092 0.722543 0.721955 0.723131 0.72311
2097 0.722536 0.721947 0.723124 0.723111
2102 0.722535 0.721947 0.723124 0.723111
2107 0.722538 0.721949 0.723126 0.723112
2112 0.722535 0.721947 0.723124 0.723113
2116 0.72254 0.721951 0.723128 0.723113
2121 0.722546 0.721958 0.723135 0.723114
2126 0.722537 0.721948 0.723126 0.723114
2131 0.722536 0.721947 0.723125 0.723115
2136 0.722524 0.721935 0.723113 0.723116
2140 0.722518 0.721928 0.723107 0.723116
2145 0.722519 0.721929 0.723108 0.723117
2150 0.722523 0.721933 0.723112 0.723117
2155 0.722526 0.721936 0.723116 0.723118
2160 0.722522 0.721932 0.723111 0.723119
2164 0.722522 0.721932 0.723112 0.723119
2169 0.722522 0.721932 0.723112 0.72312
2174 0.722533 0.721944 0.723123 0.72312
2179 0.722535 0.721945 0.723124 0.723121
2184 0.722532 0.721942 0.723121 0.723121
2188 0.722535 0.721946 0.723125 0.723122
2193 0.722546 0.721957 0.723136 0.723122
2198 0.722552 0.721963 0.723142 0.723123
2203 0.722554 0.721965 0.723144 0.723124
2208 0.722551 0.721961 0.723141 0.723124
2212 0.722555 0.721965 0.723145 0.723125
2217 0.722545 0.721955 0.723135 0.723125
2222 0.722549 0.721958 0.723139 0.723126
2227 0.722546 0.721956 0.723136 0.723126
2232 0.722546 0.721956 0.723137 0.723127
2236 0.722547 0.721956 0.723137 0.723127
2241 0.722552 0.721961 0.723143 0.723128
2246 0.722556 0.721965 0.723147 0.723128
2251 0.72256 0.721969 0.723151 0.723129
2256 0.72256 0.721968 0.723151 0.723129
2260 0.722562 0.721971 0.723153 0.72313
2265 0.72257 0.721979 0.723162 0.72313
2270 0.722567 0.721975 0.723158 0.723131
2275 0.72257 0.721978 0.723161 0.723132
2280 0.722568 0.721976 0.72316 0.723132
2284 0.722563 0.721972 0.723155 0.723132
2289 0.72257 0.721978 0.723162 0.723133
2294 0.722577 0.721985 0.723169 0.723134
2299 0.722581 0.721989 0.723173 0.723134
2304 0.722585 0.721993 0.723177 0.723135
2308 0.722589 0.721997 0.723181 0.723135
2313 0.722594 0.722002 0.723186 0.723136
2318 0.722595 0.722003 0.723187 0.723136
2323 0.722598 0.722007 0.72319 0.723137
2328 0.722601 0.722009 0.723193 0.723137
2332 0.7226 0.722007 0.723192 0.723137
2337 0.722604 0.722012 0.723196 0.723138
2342 0.722608 0.722015 0.7232 0.723138
2347 0.722615 0.722023 0.723207 0.723139
2352 0.722611 0.722019 0.723203 0.72314
2356 0.722618 0.722026 0.72321 0.72314
2361 0.722611 0.722019 0.723204 0.72314
2366 0.722614 0.722022 0.723206 0.723141
2371 0.722611 0.722018 0.723203 0.723141
2376 0.722607 0.722015 0.7232 0.723142
2380 0.722612 0.722019 0.723204 0.723142
2385 0.72261 0.722017 0.723202 0.723143
2390 0.722611 0.722018 0.723204 0.723143
2395 0.722609 0.722016 0.723202 0.723144
2400 0.722606 0.722013 0.723198 0.723144
2404 0.722602 0.722009 0.723194 0.723145
2409 0.7226 0.722007 0.723193 0.723145
2414 0.7226 0.722007 0.723193 0.723146
2419 0.722597 0.722004 0.72319 0.723146
2424 0.722603 0.72201 0.723196 0.723146
2428 0.722606 0.722013 0.723199 0.723147
2433 0.722602 0.722009 0.723195 0.723147
2438 0.722605 0.722011 0.723198 0.723148
2443 0.722599 0.722005 0.723192 0.723148
2448 0.722594 0.722001 0.723188 0.723149
2452 0.722586 0.721993 0.72318 0.723149
2457 0.722585 0.721991 0.723178 0.72315
2462 0.722586 0.721992 0.723179 0.72315
2467 0.722581 0.721988 0.723175 0.72315
2472 0.722578 0.721985 0.723172 0.723151
2476 0.722581 0.721988 0.723175 0.723151
2481 0.722581 0.721987 0.723175 0.723152
2486 0.722579 0.721985 0.723173 0.723152
2491 0.722588 0.721994 0.723182 0.723153
2496 0.722588 0.721994 0.723182 0.723153
2500 0.722585 0.72199 0.723179 0.723153
2505 0.722587 0.721993 0.723182 0.723154
2510 0.722598 0.722004 0.723192 0.723154
2515 0.722598 0.722004 0.723193 0.723155
2520 0.722604 0.722009 0.723198 0.723155
2524 0.722606 0.722011 0.7232 0.723156
2529 0.722609 0.722014 0.723203 0.723156
2534 0.72261 0.722015 0.723204 0.723156
2539 0.722612 0.722018 0.723207 0.723157
2544 0.722618 0.722023 0.723213 0.723157
2548 0.722615 0.72202 0.723209 0.723158
2553 0.722609 0.722014 0.723204 0.723158
2558 0.72261 0.722015 0.723205 0.723158
2563 0.722614 0.722019 0.723209 0.723159
2568 0.722612 0.722017 0.723207 0.723159
2572 0.722612 0.722017 0.723208 0.72316
2577 0.722616 0.722021 0.723211 0.72316
2582 0.722617 0.722021 0.723212 0.72316
2587 0.722617 0.722021 0.723212 0.723161
2592 0.722611 0.722015 0.723206 0.723161
2596 0.72261 0.722014 0.723205 0.723162
2601 0.722616 0.722021 0.723212 0.723162
2606 0.722622 0.722027 0.723218 0.723162
2611 0.722616 0.72202 0.723212 0.723163
2616 0.722618 0.722022 0.723213 0.723163
2620 0.72262 0.722025 0.723216 0.723164
2625 0.722615 0.722018 0.723211 0.723164
2630 0.722622 0.722026 0.723218 0.723164
2635 0.722626 0.722029 0.723222 0.723165
2640 0.722618 0.722022 0.723215 0.723165
2644 0.722623 0.722027 0.72322 0.723166
2649 0.72262 0.722024 0.723216 0.723166
2654 0.722622 0.722026 0.723218 0.723166
2659 0.722619 0.722023 0.723215 0.723167
2664 0.722618 0.722022 0.723215 0.723167
2668 0.722619 0.722022 0.723215 0.723167
2673 0.722613 0.722017 0.723209 0.723168
2678 0.72261 0.722013 0.723206 0.723168
2683 0.722615 0.722019 0.723212 0.723169
2688 0.722625 0.722028 0.723221 0.723169
2692 0.722624 0.722027 0.72322 0.723169
2697 0.722619 0.722022 0.723215 0.72317
2702 0.722617 0.72202 0.723213 0.72317
2707 0.722617 0.72202 0.723213 0.72317
2712 0.722617 0.722021 0.723214 0.723171
2716 0.722616 0.722019 0.723213 0.723171
2721 0.722617 0.72202 0.723214 0.723171
2726 0.722621 0.722024 0.723218 0.723172
2731 0.722626 0.722028 0.723223 0.723172
2736 0.722628 0.72203 0.723225 0.723173
2740 0.722628 0.72203 0.723225 0.723173
2745 0.722628 0.72203 0.723225 0.723173
2750 0.722621 0.722024 0.723219 0.723174
2755 0.722621 0.722024 0.723219 0.723174
2760 0.722622 0.722024 0.72322 0.723174
2764 0.722622 0.722025 0.72322 0.723175
2769 0.722627 0.722029 0.723224 0.723175
2774 0.722624 0.722027 0.723222 0.723175
2779 0.722623 0.722025 0.723221 0.723176
2784 0.722626 0.722029 0.723224 0.723176
2788 0.722625 0.722027 0.723223 0.723176
2793 0.722631 0.722033 0.723229 0.723177
2798 0.722636 0.722037 0.723234 0.723177
2803 0.72264 0.722042 0.723238 0.723177
2808 0.722642 0.722044 0.723241 0.723178
2812 0.722646 0.722047 0.723245 0.723178
2817 0.722642 0.722044 0.723241 0.723178
2822 0.722646 0.722047 0.723245 0.723179
2827 0.722638 0.722039 0.723237 0.723179
2832 0.72264 0.722041 0.723239 0.723179
2836 0.72264 0.722041 0.723239 0.72318
2841 0.722643 0.722044 0.723242 0.72318
2846 0.722637 0.722038 0.723236 0.72318
2851 0.722637 0.722038 0.723236 0.723181
2856 0.722636 0.722037 0.723235 0.723181
2860 0.722635 0.722036 0.723234 0.723181
2865 0.722634 0.722035 0.723233 0.723182
2870 0.722631 0.722032 0.72323 0.723182
2875 0.722629 0.72203 0.723228 0.723182
2880 0.722629 0.72203 0.723228 0.723183
2884 0.722634 0.722035 0.723234 0.723183
2889 0.722632 0.722033 0.723231 0.723183
2894 0.722635 0.722036 0.723235 0.723184
2899 0.722638 0.722038 0.723237 0.723184
2904 0.722646 0.722046 0.723245 0.723184
2908 0.72265 0.72205 0.723249 0.723185
2913 0.722647 0.722048 0.723247 0.723185
2918 0.722652 0.722053 0.723252 0.723185
2923 0.722653 0.722054 0.723253 0.723185
2928 0.72265 0.72205 0.723249 0.723186
2932 0.722651 0.722051 0.723251 0.723186
2937 0.722652 0.722053 0.723252 0.723186
2942 0.722652 0.722052 0.723251 0.723187
2947 0.722647 0.722047 0.723247 0.723187
2952 0.722647 0.722047 0.723247 0.723187
2956 0.722648 0.722048 0.723248 0.723188
2961 0.72264 0.72204 0.72324 0.723188
2966 0.722632 0.722032 0.723232 0.723188
2971 0.722633 0.722032 0.723233 0.723189
2976 0.722643 0.722043 0.723243 0.723189
2980 0.722643 0.722042 0.723243 0.723189
2985 0.722646 0.722046 0.723246 0.723189
2990 0.722653 0.722052 0.723253 0.72319
2995 0.722652 0.722052 0.723253 0.72319
3000 0.722658 0.722058 0.723259 0.72319
3004 0.722653 0.722052 0.723254 0.723191
3009 0.722656 0.722055 0.723256 0.723191
3014 0.72266 0.722059 0.72326 0.723191
3019 0.722664 0.722064 0.723265 0.723192
3024 0.722667 0.722067 0.723268 0.723192
3028 0.722663 0.722062 0.723263 0.723192
3033 0.72267 0.722069 0.72327 0.723192
3038 0.722674 0.722073 0.723275 0.723193
3043 0.722682 0.722081 0.723282 0.723193
3048 0.72268 0.72208 0.723281 0.723193
3052 0.722683 0.722083 0.723284 0.723193
3057 0.722687 0.722086 0.723288 0.723194
3062 0.722686 0.722085 0.723287 0.723194
3067 0.722685 0.722084 0.723286 0.723194
3072 0.722679 0.722078 0.72328 0.723195
3076 0.72268 0.72208 0.723281 0.723195
3081 0.72268 0.722079 0.723281 0.723195
3086 0.722682 0.722081 0.723283 0.723195
3091 0.72268 0.722079 0.723281 0.723196
3096 0.722681 0.72208 0.723281 0.723196
3100 0.722679 0.722079 0.72328 0.723196
3105 0.722677 0.722076 0.723278 0.723197
3110 0.722679 0.722078 0.723279 0.723197
3115 0.722677 0.722076 0.723278 0.723197
3120 0.722678 0.722077 0.723279 0.723197
3124 0.722676 0.722075 0.723277 0.723198
3129 0.722672 0.722071 0.723273 0.723198
3134 0.722675 0.722074 0.723275 0.723198
3139 0.722675 0.722074 0.723275 0.723199
3144 0.722678 0.722078 0.723279 0.723199
3148 0.722677 0.722076 0.723278 0.723199
3153 0.72267 0.722069 0.723271 0.723199
3158 0.72267 0.722069 0.723271 0.7232
3163 0.722669 0.722068 0.72327 0.7232
3168 0.722671 0.72207 0.723272 0.7232
3172 0.722676 0.722075 0.723277 0.7232
3177 0.722683 0.722082 0.723284 0.723201
3182 0.722684 0.722082 0.723285 0.723201
3187 0.722695 0.722093 0.723296 0.723201
3192 0.722693 0.722091 0.723294 0.723201
3196 0.722691 0.72209 0.723293 0.723202
3201 0.722698 0.722096 0.723299 0.723202
3206 0.722699 0.722098 0.723301 0.723202
3211 0.722699 0.722098 0.723301 0.723202
3216 0.722708 0.722106 0.72331 0.723203
3220 0.722706 0.722104 0.723307 0.723203
3225 0.722704 0.722103 0.723306 0.723203
3230 0.722708 0.722107 0.72331 0.723203
3235 0.722711 0.722109 0.723313 0.723204
3240 0.722707 0.722105 0.723309 0.723204
3244 0.722704 0.722102 0.723306 0.723204
3249 0.722705 0.722103 0.723307 0.723204
3254 0.722703 0.722101 0.723305 0.723205
3259 0.722705 0.722104 0.723307 0.723205
3264 0.722705 0.722103 0.723307 0.723205
3268 0.722705 0.722103 0.723307 0.723205
3273 0.722703 0.722101 0.723305 0.723206
3278 0.722702 0.7221 0.723304 0.723206
3283 0.722701 0.722099 0.723303 0.723206
3288 0.722698 0.722096 0.7233 0.723207
3292 0.7227 0.722098 0.723302 0.723207
3297 0.722699 0.722097 0.723302 0.723207
3302 0.7227 0.722098 0.723303 0.723207
3307 0.7227 0.722097 0.723302 0.723207
3312 0.722697 0.722094 0.723299 0.723208
3316 0.722692 0.722089 0.723294 0.723208
3321 0.722693 0.722091 0.723296 0.723208
3326 0.722695 0.722092 0.723297 0.723208
3331 0.722698 0.722096 0.723301 0.723209
3336 0.722697 0.722094 0.723299 0.723209
3340 0.722698 0.722095 0.7233 0.723209
3345 0.722698 0.722096 0.7233 0.723209
3350 0.722706 0.722104 0.723308 0.72321
3355 0.722709 0.722107 0.723311 0.72321
3360 0.722706 0.722104 0.723309 0.72321
3364 0.722711 0.722109 0.723314 0.72321
3369 0.722709 0.722107 0.723311 0.723211
3374 0.722711 0.722108 0.723313 0.723211
3379 0.722716 0.722114 0.723319 0.723211
3384 0.722715 0.722112 0.723317 0.723211
3388 0.722712 0.722109 0.723314 0.723211
3393 0.722712 0.72211 0.723315 0.723212
3398 0.722712 0.72211 0.723315 0.723212
3403 0.72271 0.722108 0.723313 0.723212
3408 0.722704 0.722102 0.723307 0.723212
3412 0.722705 0.722102 0.723307 0.723213
3417 0.722707 0.722104 0.723309 0.723213
3422 0.7227 0.722097 0.723302 0.723213
3427 0.722701 0.722098 0.723303 0.723213
3432 0.72271 0.722108 0.723313 0.723214
3436 0.722712 0.722109 0.723314 0.723214
3441 0.722711 0.722108 0.723314 0.723214
3446 0.722714 0.722112 0.723317 0.723214
3451 0.722711 0.722108 0.723314 0.723214
3456 0.722709 0.722106 0.723312 0.723215
3460 0.722709 0.722106 0.723311 0.723215
3465 0.72271 0.722108 0.723313 0.723215
3470 0.722705 0.722102 0.723308 0.723215
3475 0.722705 0.722102 0.723308 0.723216
3480 0.722709 0.722106 0.723313 0.723216
3484 0.722705 0.722102 0.723308 0.723216
3489 0.722703 0.7221 0.723306 0.723216
3494 0.722708 0.722105 0.723311 0.723216
3499 0.722708 0.722104 0.723311 0.723217
3504 0.722709 0.722106 0.723312 0.723217
3508 0.722712 0.722109 0.723316 0.723217
3513 0.722716 0.722112 0.723319 0.723217
3518 0.722719 0.722115 0.723323 0.723218
3523 0.722722 0.722118 0.723326 0.723218
3528 0.722718 0.722114 0.723322 0.723218
3532 0.722718 0.722115 0.723322 0.723218
3537 0.72272 0.722116 0.723324 0.723218
3542 0.722721 0.722117 0.723325 0.723219
3547 0.722725 0.722121 0.723328 0.723219
3552 0.722726 0.722122 0.723329 0.723219
3556 0.722728 0.722125 0.723332 0.723219
3561 0.722734 0.72213 0.723337 0.723219
3566 0.722733 0.722129 0.723336 0.72322
3571 0.722734 0.72213 0.723337 0.72322
3576 0.722733 0.72213 0.723337 0.72322
3580 0.722738 0.722135 0.723342 0.72322
3585 0.722737 0.722134 0.723341 0.72322
3590 0.722739 0.722136 0.723343 0.723221
3595 0.722738 0.722135 0.723342 0.723221
3600 0.722739 0.722136 0.723343 0.723221
3604 0.722738 0.722134 0.723341 0.723221
3609 0.722733 0.72213 0.723337 0.723221
3614 0.722738 0.722134 0.723341 0.723222
3619 0.722738 0.722134 0.723341 0.723222
3624 0.722737 0.722134 0.723341 0.723222
3628 0.722737 0.722133 0.723341 0.723222
3633 0.722737 0.722133 0.72334 0.723223
3638 0.722735 0.722131 0.723338 0.723223
3643 0.722727 0.722123 0.72333 0.723223
3648 0.722727 0.722123 0.72333 0.723223
3652 0.722726 0.722123 0.72333 0.723223
3657 0.722728 0.722125 0.723332 0.723224
3662 0.722733 0.72213 0.723337 0.723224
3667 0.722735 0.722132 0.723339 0.723224
3672 0.722736 0.722133 0.72334 0.723224
3676 0.722739 0.722135 0.723342 0.723224
3681 0.722744 0.72214 0.723348 0.723224
3686 0.722749 0.722145 0.723353 0.723225
3691 0.72275 0.722146 0.723355 0.723225
3696 0.722753 0.722149 0.723357 0.723225
3700 0.72275 0.722146 0.723354 0.723225
3705 0.722751 0.722147 0.723355 0.723225
3710 0.722745 0.722141 0.72335 0.723226
3715 0.722747 0.722143 0.723351 0.723226
3720 0.722748 0.722144 0.723352 0.723226
3724 0.722745 0.722141 0.723349 0.723226
3729 0.722747 0.722143 0.723352 0.723226
3734 0.722751 0.722147 0.723356 0.723227
3739 0.722756 0.722151 0.72336 0.723227
3744 0.722755 0.72215 0.723359 0.723227
3748 0.722752 0.722148 0.723357 0.723227
3753 0.722752 0.722148 0.723357 0.723227
3758 0.72275 0.722145 0.723354 0.723228
3763 0.722755 0.72215 0.723359 0.723228
3768 0.722759 0.722154 0.723363 0.723228
3772 0.722757 0.722153 0.723362 0.723228
3777 0.722752 0.722147 0.723356 0.723228
3782 0.722755 0.72215 0.723359 0.723229
3787 0.722755 0.72215 0.723359 0.723229
3792 0.722758 0.722153 0.723362 0.723229
3796 0.722758 0.722153 0.723362 0.723229
3801 0.722756 0.722151 0.723361 0.723229
3806 0.722757 0.722152 0.723361 0.723229
3811 0.722761 0.722156 0.723365 0.72323
3816 0.722758 0.722154 0.723363 0.72323
3820 0.722756 0.722151 0.723361 0.72323
3825 0.722753 0.722148 0.723358 0.72323
3830 0.722754 0.722149 0.723359 0.72323
3835 0.722755 0.72215 0.72336 0.723231
3840 0.722759 0.722154 0.723364 0.723231
3844 0.722758 0.722154 0.723363 0.723231
3849 0.722762 0.722157 0.723367 0.723231
3854 0.722768 0.722163 0.723373 0.723231
3859 0.722766 0.722161 0.723371 0.723231
3864 0.722768 0.722163 0.723373 0.723232
3868 0.722767 0.722162 0.723372 0.723232
3873 0.722763 0.722158 0.723368 0.723232
3878 0.722765 0.72216 0.72337 0.723232
3883 0.72276 0.722155 0.723365 0.723232
3888 0.722757 0.722152 0.723362 0.723232
3892 0.72276 0.722155 0.723365 0.723233
3897 0.722758 0.722153 0.723363 0.723233
3902 0.722756 0.722151 0.723361 0.723233
3907 0.722759 0.722154 0.723365 0.723233
3912 0.72276 0.722155 0.723365 0.723233
3916 0.722756 0.722151 0.723362 0.723234
3921 0.722755 0.722149 0.72336 0.723234
3926 0.722753 0.722148 0.723359 0.723234
3931 0.72276 0.722155 0.723366 0.723234
3936 0.722761 0.722156 0.723366 0.723234
3940 0.72276 0.722154 0.723365 0.723234
3945 0.722759 0.722153 0.723364 0.723235
3950 0.722757 0.722151 0.723362 0.723235
3955 0.722762 0.722156 0.723367 0.723235
3960 0.722763 0.722157 0.723369 0.723235
3964 0.722764 0.722158 0.72337 0.723235
3969 0.722762 0.722156 0.723368 0.723235
3974 0.722769 0.722163 0.723375 0.723236
3979 0.722772 0.722166 0.723378 0.723236
3984 0.722773 0.722167 0.723379 0.723236
3988 0.722775 0.722169 0.723381 0.723236
3993 0.722777 0.72217 0.723383 0.723236
3998 0.722779 0.722172 0.723385 0.723236
4003 0.722782 0.722176 0.723388 0.723237
4008 0.722783 0.722177 0.72339 0.723237
4012 0.722784 0.722178 0.72339 0.723237
4017 0.722787 0.722181 0.723393 0.723237
4022 0.722788 0.722182 0.723395 0.723237
4027 0.722792 0.722186 0.723399 0.723237
4032 0.722796 0.72219 0.723403 0.723238
4036 0.722797 0.722191 0.723404 0.723238
4041 0.722797 0.72219 0.723403 0.723238
4046 0.722799 0.722193 0.723406 0.723238
4051 0.722796 0.72219 0.723403 0.723238
4056 0.722797 0.72219 0.723403 0.723238
4060 0.722799 0.722192 0.723405 0.723239
4065 0.722798 0.722192 0.723404 0.723239
4070 0.722797 0.72219 0.723403 0.723239
4075 0.722798 0.722191 0.723404 0.723239
4080 0.722799 0.722192 0.723406 0.723239
4084 0.722799 0.722193 0.723406 0.723239
4089 0.722801 0.722194 0.723407 0.723239
4094 0.722803 0.722197 0.72341 0.72324
4099 0.722802 0.722195 0.723408 0.72324
4104 0.722803 0.722196 0.723409 0.72324
4108 0.722802 0.722195 0.723408 0.72324
4113 0.722801 0.722194 0.723408 0.72324
4118 0.722799 0.722192 0.723405 0.72324
4123 0.722801 0.722194 0.723407 0.723241
4128 0.722803 0.722196 0.72341 0.723241
4132 0.722805 0.722198 0.723412 0.723241
4137 0.722808 0.722201 0.723415 0.723241
4142 0.722809 0.722202 0.723416 0.723241
4147 0.722808 0.722201 0.723415 0.723241
4152 0.722809 0.722202 0.723416 0.723242
4156 0.722809 0.722202 0.723416 0.723242
4161 0.722809 0.722202 0.723416 0.723242
4166 0.72281 0.722203 0.723417 0.723242
4171 0.722808 0.722201 0.723415 0.723242
4176 0.72281 0.722203 0.723417 0.723242
4180 0.722808 0.722201 0.723415 0.723242
4185 0.722808 0.7222 0.723415 0.723243
4190 0.722807 0.7222 0.723415 0.723243
4195 0.722805 0.722198 0.723412 0.723243
4200 0.722801 0.722194 0.723408 0.723243
4204 0.722802 0.722195 0.723409 0.723243
4209 0.722803 0.722196 0.723411 0.723243
4214 0.722803 0.722195 0.72341 0.723244
4219 0.722802 0.722195 0.723409 0.723244
4224 0.722798 0.722191 0.723405 0.723244
4228 0.722798 0.722191 0.723405 0.723244
4233 0.722801 0.722194 0.723409 0.723244
4238 0.722801 0.722194 0.723408 0.723244
4243 0.722799 0.722192 0.723406 0.723244
4248 0.722795 0.722187 0.723402 0.723245
4252 0.722797 0.722189 0.723404 0.723245
4257 0.722794 0.722187 0.723402 0.723245
4262 0.722792 0.722184 0.723399 0.723245
4267 0.722791 0.722183 0.723398 0.723245
4272 0.722789 0.722181 0.723396 0.723245
4276 0.722787 0.72218 0.723394 0.723245
4281 0.722787 0.72218 0.723395 0.723246
4286 0.72279 0.722183 0.723398 0.723246
4291 0.722789 0.722182 0.723397 0.723246
4296 0.722791 0.722183 0.723398 0.723246
4300 0.722791 0.722184 0.723399 0.723246
4305 0.72279 0.722182 0.723398 0.723246
4310 0.722788 0.72218 0.723395 0.723246
4315 0.72279 0.722183 0.723398 0.723247
4320 0.722794 0.722187 0.723402 0.723247
4324 0.722793 0.722185 0.7234 0.723247
4329 0.722797 0.722189 0.723404 0.723247
4334 0.722801 0.722193 0.723409 0.723247
4339 0.722803 0.722195 0.72341 0.723247
4344 0.722801 0.722194 0.723409 0.723247
4348 0.7228 0.722192 0.723408 0.723248
4353 0.722803 0.722195 0.723411 0.723248
4358 0.722804 0.722196 0.723411 0.723248
4363 0.722802 0.722194 0.72341 0.723248
4368 0.722805 0.722197 0.723413 0.723248
4372 0.722806 0.722198 0.723414 0.723248
4377 0.722808 0.7222 0.723416 0.723248
4382 0.722808 0.7222 0.723416 0.723249
4387 0.722808 0.7222 0.723416 0.723249
4392 0.722812 0.722204 0.723419 0.723249
4396 0.722809 0.722202 0.723417 0.723249
4401 0.72281 0.722202 0.723418 0.723249
4406 0.722812 0.722204 0.72342 0.723249
4411 0.72281 0.722202 0.723418 0.723249
4416 0.722809 0.722201 0.723418 0.72325
4420 0.722811 0.722203 0.723419 0.72325
4425 0.722809 0.722201 0.723417 0.72325
4430 0.722806 0.722197 0.723414 0.72325
4435 0.722807 0.722198 0.723415 0.72325
4440 0.722806 0.722197 0.723414 0.72325
4444 0.722807 0.722198 0.723415 0.72325
4449 0.722804 0.722196 0.723412 0.72325
4454 0.722804 0.722196 0.723413 0.723251
4459 0.722802 0.722194 0.723411 0.723251
4464 0.722804 0.722195 0.723412 0.723251
4468 0.722798 0.72219 0.723407 0.723251
4473 0.7228 0.722192 0.723409 0.723251
4478 0.722801 0.722192 0.723409 0.723251
4483 0.722801 0.722193 0.72341 0.723251
4488 0.722801 0.722193 0.72341 0.723252
4492 0.7228 0.722192 0.723409 0.723252
4497 0.7228 0.722191 0.723408 0.723252
4502 0.722797 0.722188 0.723405 0.723252
4507 0.722798 0.722189 0.723407 0.723252
4512 0.7228 0.722192 0.723409 0.723252
4516 0.7228 0.722191 0.723408 0.723252
4521 0.722798 0.722189 0.723407 0.723252
4526 0.722804 0.722195 0.723413 0.723253
4531 0.722807 0.722198 0.723416 0.723253
4536 0.722807 0.722199 0.723416 0.723253
4540 0.722813 0.722204 0.723422 0.723253
4545 0.722818 0.722209 0.723426 0.723253
4550 0.722814 0.722205 0.723423 0.723253
4555 0.722816 0.722207 0.723425 0.723253
4560 0.722813 0.722204 0.723422 0.723253
4564 0.722813 0.722204 0.723421 0.723254
4569 0.722815 0.722206 0.723424 0.723254
4574 0.722815 0.722206 0.723424 0.723254
4579 0.722816 0.722206 0.723425 0.723254
4584 0.722814 0.722205 0.723423 0.723254
4588 0.722809 0.7222 0.723418 0.723254
4593 0.722809 0.722199 0.723418 0.723254
4598 0.722813 0.722204 0.723422 0.723254
4603 0.722812 0.722203 0.723421 0.723255
4608 0.722815 0.722206 0.723425 0.723255
4612 0.722823 0.722213 0.723432 0.723255
4617 0.722824 0.722214 0.723433 0.723255
4622 0.722824 0.722215 0.723434 0.723255
4627 0.722827 0.722217 0.723436 0.723255
4632 0.722827 0.722217 0.723436 0.723255
4636 0.722828 0.722218 0.723437 0.723255
4641 0.722827 0.722217 0.723436 0.723256
4646 0.722823 0.722214 0.723433 0.723256
4651 0.722823 0.722214 0.723433 0.723256
4656 0.722825 0.722216 0.723435 0.723256
4660 0.722825 0.722215 0.723434 0.723256
4665 0.722826 0.722216 0.723435 0.723256
4670 0.722826 0.722217 0.723436 0.723256
4675 0.722833 0.722223 0.723442 0.723256
4680 0.722833 0.722223 0.723442 0.723257
4684 0.722832 0.722223 0.723442 0.723257
4689 0.722836 0.722227 0.723446 0.723257
4694 0.722831 0.722222 0.723441 0.723257
4699 0.72283 0.72222 0.72344 0.723257
4704 0.722831 0.722222 0.723441 0.723257
4708 0.722828 0.722218 0.723438 0.723257
4713 0.722828 0.722218 0.723438 0.723257
4718 0.722825 0.722215 0.723435 0.723258
4723 0.722824 0.722214 0.723433 0.723258
4728 0.722825 0.722216 0.723435 0.723258
4732 0.722822 0.722212 0.723431 0.723258
4737 0.72282 0.722211 0.72343 0.723258
4742 0.722819 0.722209 0.723429 0.723258
4747 0.72282 0.722211 0.72343 0.723258
4752 0.72282 0.72221 0.723429 0.723258
4756 0.722817 0.722207 0.723427 0.723258
4761 0.722816 0.722206 0.723425 0.723259
4766 0.722816 0.722207 0.723426 0.723259
4771 0.722817 0.722207 0.723427 0.723259
4776 0.722816 0.722207 0.723426 0.723259
4780 0.722818 0.722208 0.723428 0.723259
4785 0.722816 0.722206 0.723426 0.723259
4790 0.72282 0.72221 0.72343 0.723259
4795 0.722819 0.722209 0.723428 0.723259
4800 0.722817 0.722207 0.723427 0.72326
4804 0.722816 0.722206 0.723426 0.72326
4809 0.722818 0.722208 0.723427 0.72326
4814 0.722816 0.722206 0.723426 0.72326
4819 0.722816 0.722206 0.723426 0.72326
4824 0.722814 0.722204 0.723424 0.72326
4828 0.722815 0.722205 0.723425 0.72326
4833 0.722817 0.722207 0.723427 0.72326
4838 0.722812 0.722202 0.723422 0.72326
4843 0.722817 0.722207 0.723427 0.723261
4848 0.722815 0.722205 0.723425 0.723261
4852 0.722817 0.722207 0.723427 0.723261
4857 0.722816 0.722206 0.723426 0.723261
4862 0.722814 0.722204 0.723424 0.723261
4867 0.722816 0.722206 0.723426 0.723261
4872 0.722818 0.722208 0.723428 0.723261
4876 0.72282 0.722209 0.72343 0.723261
4881 0.722824 0.722214 0.723434 0.723261
4886 0.722822 0.722212 0.723432 0.723262
4891 0.722819 0.722208 0.723429 0.723262
4896 0.722818 0.722207 0.723428 0.723262
4900 0.722815 0.722205 0.723425 0.723262
4905 0.722812 0.722202 0.723422 0.723262
4910 0.722815 0.722205 0.723425 0.723262
4915 0.722817 0.722207 0.723427 0.723262
4920 0.722815 0.722204 0.723425 0.723262
4924 0.722814 0.722203 0.723424 0.723262
4929 0.72281 0.722199 0.72342 0.723263
4934 0.722811 0.722201 0.723422 0.723263
4939 0.722805 0.722194 0.723415 0.723263
4944 0.722804 0.722193 0.723414 0.723263
4948 0.722806 0.722195 0.723416 0.723263
4953 0.722807 0.722196 0.723417 0.723263
4958 0.722808 0.722198 0.723418 0.723263
4963 0.722807 0.722196 0.723417 0.723263
4968 0.722806 0.722196 0.723417 0.723263
4972 0.722803 0.722193 0.723414 0.723264
4977 0.722804 0.722193 0.723414 0.723264
4982 0.722803 0.722192 0.723413 0.723264
4987 0.722801 0.722191 0.723412 0.723264
4992 0.722801 0.72219 0.723411 0.723264
4996 0.722801 0.722191 0.723412 0.723264
5001 0.7228 0.722189 0.72341 0.723264
5006 0.722802 0.722191 0.723412 0.723264
5011 0.7228 0.72219 0.723411 0.723264
5016 0.722801 0.72219 0.723411 0.723265
5020 0.722799 0.722188 0.723409 0.723265
5025 0.722802 0.722191 0.723412 0.723265
5030 0.722801 0.722191 0.723412 0.723265
5035 0.722802 0.722191 0.723412 0.723265
