//total_population estimated_relatedness lower_bound upper_bound relatedness
1000 0.499499 0.499499 0.4995 0.499499
1020 0.499519 0.499519 0.499519 0.499519
1040 0.499538 0.499538 0.499539 0.499538
1060 0.499556 0.499555 0.499557 0.499556
1080 0.499574 0.499573 0.499575 0.499574
1100 0.499591 0.499589 0.499592 0.49959
1120 0.499607 0.499605 0.499608 0.499607
1140 0.499622 0.499621 0.499624 0.499622
1160 0.499637 0.499635 0.499639 0.499638
1180 0.499651 0.499649 0.499653 0.499652
1200 0.499666 0.499664 0.499669 0.499666
1220 0.49968 0.499678 0.499683 0.49968
1240 0.499693 0.49969 0.499695 0.499693
1260 0.499705 0.499702 0.499707 0.499706
1280 0.499717 0.499714 0.49972 0.499718
1300 0.499729 0.499726 0.499732 0.49973
1320 0.499741 0.499737 0.499744 0.499742
1340 0.499752 0.499748 0.499755 0.499753
1360 0.499763 0.49976 0.499767 0.499764
1380 0.499775 0.499772 0.499779 0.499775
1400 0.499786 0.499782 0.49979 0.499785
1420 0.499796 0.499792 0.4998 0.499795
1440 0.499805 0.499801 0.499809 0.499805
1460 0.499815 0.499811 0.499819 0.499815
1480 0.499824 0.49982 0.499829 0.499824
1500 0.499833 0.499828 0.499837 0.499833
1520 0.499842 0.499837 0.499847 0.499842
1540 0.499849 0.499845 0.499854 0.49985
1560 0.499858 0.499853 0.499863 0.499859
1580 0.499866 0.499861 0.499871 0.499867
1600 0.499874 0.499868 0.499879 0.499875
1620 0.499882 0.499876 0.499887 0.499882
1640 0.499889 0.499883 0.499894 0.49989
1660 0.499896 0.499891 0.499902 0.499897
1680 0.499905 0.499899 0.49991 0.499905
1700 0.499911 0.499905 0.499917 0.499912
1720 0.499918 0.499912 0.499924 0.499918
1740 0.499925 0.499919 0.499931 0.499925
1760 0.499931 0.499925 0.499937 0.499932
1780 0.499938 0.499932 0.499945 0.499938
1800 0.499945 0.499938 0.499951 0.499944
1820 0.49995 0.499944 0.499957 0.49995
1840 0.499957 0.49995 0.499963 0.499956
1860 0.499962 0.499956 0.499969 0.499962
1880 0.499967 0.499961 0.499974 0.499968
1900 0.499973 0.499966 0.49998 0.499973
1920 0.499978 0.499971 0.499985 0.499979
1940 0.499983 0.499977 0.49999 0.499984
1960 0.499988 0.499981 0.499995 0.49999
1980 0.499994 0.499987 0.500001 0.499995
2000 0.499999 0.499992 0.500006 0.5
2020 0.500003 0.499996 0.50001 0.500005
2040 0.500008 0.500001 0.500015 0.50001
2060 0.500012 0.500004 0.500019 0.500014
2080 0.500016 0.500009 0.500023 0.500019
2100 0.50002 0.500013 0.500027 0.500024
2120 0.500024 0.500017 0.500031 0.500028
2140 0.500028 0.500021 0.500035 0.500032
2160 0.500033 0.500026 0.50004 0.500037
2180 0.500036 0.500029 0.500044 0.500041
2200 0.50004 0.500033 0.500048 0.500045
2220 0.500044 0.500037 0.500052 0.500049
2240 0.500049 0.500041 0.500056 0.500053
2260 0.500052 0.500045 0.50006 0.500057
2280 0.500056 0.500049 0.500064 0.500061
2300 0.50006 0.500053 0.500068 0.500065
2320 0.500064 0.500057 0.500072 0.500069
2340 0.500067 0.500059 0.500075 0.500072
2360 0.50007 0.500062 0.500078 0.500076
2380 0.500074 0.500066 0.500082 0.50008
2400 0.500078 0.50007 0.500086 0.500083
2420 0.500081 0.500073 0.500089 0.500087
2440 0.500085 0.500077 0.500093 0.50009
2460 0.500089 0.50008 0.500097 0.500093
2480 0.500091 0.500083 0.500099 0.500097
2500 0.500094 0.500086 0.500102 0.5001
2520 0.500098 0.500089 0.500106 0.500103
2540 0.5001 0.500092 0.500109 0.500106
2560 0.500103 0.500095 0.500112 0.500109
2580 0.500106 0.500098 0.500115 0.500112
2600 0.500109 0.500101 0.500118 0.500115
2620 0.500112 0.500103 0.50012 0.500118
2640 0.500114 0.500106 0.500122 0.500121
2660 0.500118 0.500109 0.500126 0.500124
2680 0.50012 0.500111 0.500128 0.500127
2700 0.500122 0.500113 0.50013 0.500129
2720 0.500125 0.500116 0.500133 0.500132
2740 0.500128 0.500119 0.500136 0.500135
2760 0.500131 0.500122 0.500139 0.500137
2780 0.500134 0.500125 0.500142 0.50014
2800 0.500135 0.500126 0.500144 0.500143
2820 0.500137 0.500129 0.500146 0.500145
2840 0.50014 0.500131 0.500148 0.500148
2860 0.500141 0.500132 0.50015 0.50015
2880 0.500144 0.500135 0.500152 0.500153
2900 0.500146 0.500137 0.500154 0.500155
2920 0.500148 0.500139 0.500157 0.500157
2940 0.50015 0.500142 0.500159 0.50016
2960 0.500153 0.500144 0.500162 0.500162
2980 0.500155 0.500146 0.500164 0.500164
3000 0.500157 0.500148 0.500166 0.500166
3020 0.50016 0.500151 0.500169 0.500169
3040 0.500162 0.500153 0.500171 0.500171
3060 0.500164 0.500155 0.500173 0.500173
3080 0.500166 0.500157 0.500175 0.500175
3100 0.500167 0.500158 0.500176 0.500177
3120 0.50017 0.500161 0.500179 0.500179
3140 0.500172 0.500162 0.500181 0.500181
3160 0.500173 0.500164 0.500182 0.500183
3180 0.500175 0.500166 0.500184 0.500185
3200 0.500177 0.500168 0.500186 0.500187
3220 0.500179 0.50017 0.500189 0.500189
3240 0.500182 0.500173 0.500191 0.500191
3260 0.500184 0.500175 0.500193 0.500193
3280 0.500186 0.500177 0.500195 0.500195
3300 0.500188 0.500179 0.500197 0.500197
3320 0.500189 0.50018 0.500198 0.500199
3340 0.500192 0.500183 0.500201 0.5002
3360 0.500194 0.500184 0.500203 0.500202
3380 0.500195 0.500185 0.500204 0.500204
3400 0.500196 0.500187 0.500206 0.500206
3420 0.500198 0.500189 0.500207 0.500207
3440 0.500199 0.50019 0.500209 0.500209
3460 0.500201 0.500191 0.50021 0.500211
3480 0.500202 0.500193 0.500212 0.500212
3500 0.500204 0.500195 0.500214 0.500214
3520 0.500206 0.500196 0.500216 0.500216
3540 0.500208 0.500198 0.500218 0.500217
3560 0.500209 0.5002 0.500219 0.500219
3580 0.500211 0.500201 0.500221 0.50022
3600 0.500212 0.500203 0.500222 0.500222
3620 0.500215 0.500205 0.500224 0.500223
3640 0.500216 0.500206 0.500225 0.500225
3660 0.500218 0.500208 0.500228 0.500226
3680 0.50022 0.50021 0.50023 0.500228
3700 0.500221 0.500211 0.500231 0.500229
3720 0.500222 0.500213 0.500232 0.500231
3740 0.500224 0.500214 0.500234 0.500232
3760 0.500225 0.500215 0.500235 0.500234
3780 0.500226 0.500217 0.500236 0.500235
3800 0.500228 0.500218 0.500238 0.500237
3820 0.50023 0.50022 0.500239 0.500238
3840 0.500231 0.500221 0.500241 0.500239
3860 0.500233 0.500223 0.500243 0.500241
3880 0.500234 0.500224 0.500244 0.500242
3900 0.500235 0.500225 0.500245 0.500243
3920 0.500236 0.500226 0.500246 0.500245
3940 0.500237 0.500227 0.500247 0.500246
3960 0.500239 0.500229 0.500249 0.500247
3980 0.50024 0.50023 0.50025 0.500248
4000 0.500241 0.500231 0.500251 0.50025
4020 0.500242 0.500232 0.500252 0.500251
4040 0.500243 0.500233 0.500253 0.500252
4060 0.500244 0.500234 0.500254 0.500253
4080 0.500246 0.500236 0.500256 0.500255
4100 0.500247 0.500237 0.500257 0.500256
4120 0.500248 0.500238 0.500258 0.500257
4140 0.50025 0.50024 0.50026 0.500258
4160 0.500252 0.500241 0.500262 0.500259
4180 0.500253 0.500243 0.500263 0.50026
4200 0.500254 0.500244 0.500265 0.500262
4220 0.500256 0.500246 0.500266 0.500263
4240 0.500257 0.500247 0.500267 0.500264
4260 0.500258 0.500248 0.500268 0.500265
4280 0.50026 0.50025 0.50027 0.500266
4300 0.500261 0.500251 0.500271 0.500267
4320 0.500262 0.500252 0.500273 0.500268
4340 0.500263 0.500253 0.500273 0.500269
4360 0.500264 0.500254 0.500274 0.50027
4380 0.500265 0.500255 0.500275 0.500271
4400 0.500266 0.500256 0.500276 0.500272
4420 0.500267 0.500257 0.500278 0.500273
4440 0.500268 0.500258 0.500278 0.500274
4460 0.500268 0.500258 0.500278 0.500275
4480 0.500269 0.500258 0.500279 0.500276
4500 0.50027 0.500259 0.50028 0.500277
4520 0.500271 0.500261 0.500281 0.500278
4540 0.500272 0.500261 0.500282 0.500279
4560 0.500273 0.500262 0.500283 0.50028
4580 0.500274 0.500263 0.500284 0.500281
4600 0.500275 0.500264 0.500285 0.500282
4620 0.500276 0.500265 0.500286 0.500283
4640 0.500277 0.500267 0.500288 0.500284
4660 0.500278 0.500267 0.500288 0.500285
4680 0.500279 0.500269 0.50029 0.500286
4700 0.50028 0.50027 0.500291 0.500287
4720 0.500281 0.50027 0.500291 0.500288
4740 0.500281 0.500271 0.500292 0.500289
4760 0.500283 0.500272 0.500294 0.50029
4780 0.500284 0.500273 0.500295 0.50029
4800 0.500285 0.500275 0.500296 0.500291
4820 0.500286 0.500275 0.500297 0.500292
4840 0.500287 0.500277 0.500298 0.500293
4860 0.500288 0.500277 0.500298 0.500294
4880 0.500289 0.500278 0.500299 0.500295
4900 0.50029 0.500279 0.5003 0.500296
4920 0.500291 0.50028 0.500302 0.500296
4940 0.500292 0.500281 0.500302 0.500297
4960 0.500293 0.500282 0.500303 0.500298
4980 0.500293 0.500283 0.500304 0.500299
5000 0.500294 0.500283 0.500305 0.5003
5020 0.500295 0.500285 0.500306 0.5003
5040 0.500296 0.500285 0.500307 0.500301
5060 0.500297 0.500286 0.500308 0.500302
5080 0.500298 0.500287 0.500308 0.500303
5100 0.500298 0.500288 0.500309 0.500304
5120 0.500299 0.500288 0.50031 0.500304
5140 0.5003 0.500289 0.500311 0.500305
5160 0.500301 0.50029 0.500312 0.500306
5180 0.500302 0.500291 0.500313 0.500307
5200 0.500302 0.500291 0.500313 0.500307
5220 0.500302 0.500291 0.500313 0.500308
5240 0.500303 0.500292 0.500314 0.500309
5260 0.500303 0.500293 0.500314 0.50031
5280 0.500304 0.500293 0.500315 0.50031
5300 0.500305 0.500294 0.500316 0.500311
5320 0.500306 0.500295 0.500317 0.500312
5340 0.500307 0.500296 0.500318 0.500312
5360 0.500307 0.500296 0.500318 0.500313
5380 0.500308 0.500297 0.500319 0.500314
5400 0.500309 0.500298 0.50032 0.500314
5420 0.50031 0.500299 0.500321 0.500315
5440 0.500311 0.5003 0.500322 0.500316
5460 0.500311 0.5003 0.500322 0.500316
5480 0.500311 0.500301 0.500322 0.500317
5500 0.500312 0.500301 0.500323 0.500318
5520 0.500313 0.500302 0.500324 0.500318
5540 0.500314 0.500303 0.500325 0.500319
5560 0.500314 0.500303 0.500325 0.50032
5580 0.500315 0.500304 0.500326 0.50032
5600 0.500315 0.500304 0.500326 0.500321
5620 0.500316 0.500305 0.500327 0.500322
5640 0.500317 0.500306 0.500328 0.500322
5660 0.500317 0.500306 0.500328 0.500323
5680 0.500318 0.500307 0.500329 0.500324
5700 0.500319 0.500307 0.50033 0.500324
5720 0.500319 0.500308 0.50033 0.500325
5740 0.50032 0.500309 0.500331 0.500325
5760 0.500321 0.50031 0.500332 0.500326
5780 0.500321 0.50031 0.500333 0.500327
5800 0.500322 0.500311 0.500333 0.500327
5820 0.500322 0.500311 0.500333 0.500328
5840 0.500323 0.500312 0.500334 0.500328
5860 0.500324 0.500313 0.500335 0.500329
5880 0.500324 0.500313 0.500336 0.50033
5900 0.500324 0.500313 0.500336 0.50033
5920 0.500325 0.500314 0.500336 0.500331
5940 0.500326 0.500314 0.500337 0.500331
5960 0.500326 0.500315 0.500337 0.500332
5980 0.500326 0.500315 0.500338 0.500332
6000 0.500327 0.500316 0.500338 0.500333
6020 0.500328 0.500316 0.500339 0.500334
6040 0.500328 0.500317 0.50034 0.500334
6060 0.500329 0.500318 0.50034 0.500335
6080 0.50033 0.500319 0.500341 0.500335
6100 0.50033 0.500319 0.500341 0.500336
6120 0.500331 0.500319 0.500342 0.500336
6140 0.500331 0.50032 0.500343 0.500337
6160 0.500332 0.500321 0.500343 0.500337
6180 0.500332 0.500321 0.500343 0.500338
6200 0.500333 0.500322 0.500344 0.500338
6220 0.500334 0.500322 0.500345 0.500339
6240 0.500334 0.500323 0.500345 0.500339
6260 0.500335 0.500323 0.500346 0.50034
6280 0.500335 0.500324 0.500347 0.50034
6300 0.500336 0.500324 0.500347 0.500341
6320 0.500336 0.500325 0.500348 0.500341
6340 0.500337 0.500325 0.500348 0.500342
6360 0.500336 0.500325 0.500348 0.500342
6380 0.500337 0.500326 0.500348 0.500343
6400 0.500338 0.500326 0.500349 0.500343
6420 0.500338 0.500327 0.500349 0.500344
6440 0.500339 0.500327 0.50035 0.500344
6460 0.500339 0.500328 0.50035 0.500345
6480 0.500339 0.500328 0.50035 0.500345
6500 0.500339 0.500328 0.50035 0.500346
6520 0.50034 0.500329 0.500351 0.500346
6540 0.500341 0.500329 0.500352 0.500347
6560 0.500341 0.500329 0.500352 0.500347
6580 0.500341 0.50033 0.500353 0.500348
6600 0.500342 0.50033 0.500353 0.500348
6620 0.500342 0.500331 0.500354 0.500349
6640 0.500343 0.500331 0.500354 0.500349
6660 0.500343 0.500332 0.500355 0.500349
6680 0.500343 0.500332 0.500355 0.50035
6700 0.500344 0.500333 0.500355 0.50035
6720 0.500344 0.500333 0.500356 0.500351
6740 0.500345 0.500334 0.500357 0.500351
6760 0.500346 0.500334 0.500357 0.500352
6780 0.500346 0.500335 0.500358 0.500352
6800 0.500347 0.500335 0.500358 0.500353
6820 0.500347 0.500335 0.500358 0.500353
6840 0.500347 0.500336 0.500359 0.500353
6860 0.500348 0.500336 0.500359 0.500354
6880 0.500348 0.500337 0.50036 0.500354
6900 0.500349 0.500337 0.50036 0.500355
6920 0.500349 0.500338 0.500361 0.500355
6940 0.50035 0.500338 0.500361 0.500356
6960 0.50035 0.500339 0.500362 0.500356
6980 0.500351 0.500339 0.500362 0.500356
7000 0.500351 0.50034 0.500362 0.500357
7020 0.500351 0.50034 0.500363 0.500357
7040 0.500352 0.50034 0.500363 0.500358
7060 0.500352 0.500341 0.500364 0.500358
7080 0.500353 0.500341 0.500364 0.500358
7100 0.500353 0.500342 0.500365 0.500359
7120 0.500353 0.500342 0.500365 0.500359
7140 0.500354 0.500342 0.500365 0.50036
7160 0.500354 0.500343 0.500366 0.50036
7180 0.500355 0.500343 0.500366 0.50036
7200 0.500355 0.500343 0.500367 0.500361
7220 0.500355 0.500344 0.500367 0.500361
7240 0.500356 0.500344 0.500367 0.500361
7260 0.500356 0.500345 0.500368 0.500362
7280 0.500356 0.500345 0.500368 0.500362
7300 0.500357 0.500345 0.500368 0.500363
7320 0.500357 0.500346 0.500369 0.500363
7340 0.500357 0.500346 0.500369 0.500363
7360 0.500358 0.500346 0.500369 0.500364
7380 0.500358 0.500347 0.50037 0.500364
7400 0.500359 0.500347 0.50037 0.500364
7420 0.500359 0.500348 0.500371 0.500365
7440 0.50036 0.500348 0.500371 0.500365
7460 0.50036 0.500349 0.500372 0.500366
7480 0.500361 0.500349 0.500373 0.500366
7500 0.500361 0.50035 0.500373 0.500366
7520 0.500362 0.50035 0.500373 0.500367
7540 0.500362 0.500351 0.500374 0.500367
7560 0.500363 0.500351 0.500374 0.500367
7580 0.500363 0.500351 0.500375 0.500368
7600 0.500364 0.500352 0.500375 0.500368
7620 0.500364 0.500353 0.500376 0.500368
7640 0.500365 0.500353 0.500377 0.500369
7660 0.500365 0.500354 0.500377 0.500369
7680 0.500366 0.500354 0.500377 0.500369
7700 0.500366 0.500354 0.500378 0.50037
7720 0.500367 0.500355 0.500378 0.50037
7740 0.500367 0.500355 0.500379 0.50037
7760 0.500368 0.500356 0.500379 0.500371
7780 0.500368 0.500356 0.50038 0.500371
7800 0.500368 0.500356 0.50038 0.500371
7820 0.500368 0.500357 0.50038 0.500372
7840 0.500369 0.500357 0.500381 0.500372
7860 0.500369 0.500357 0.500381 0.500372
7880 0.500369 0.500358 0.500381 0.500373
7900 0.50037 0.500358 0.500382 0.500373
7920 0.50037 0.500358 0.500382 0.500373
7940 0.50037 0.500359 0.500382 0.500374
7960 0.500371 0.500359 0.500383 0.500374
7980 0.500371 0.50036 0.500383 0.500374
8000 0.500372 0.50036 0.500383 0.500375
8020 0.500372 0.50036 0.500384 0.500375
8040 0.500373 0.500361 0.500384 0.500375
8060 0.500373 0.500361 0.500385 0.500376
8080 0.500373 0.500361 0.500385 0.500376
8100 0.500374 0.500362 0.500385 0.500376
8120 0.500374 0.500362 0.500386 0.500376
8140 0.500374 0.500362 0.500386 0.500377
8160 0.500374 0.500362 0.500386 0.500377
8180 0.500375 0.500363 0.500386 0.500377
8200 0.500375 0.500363 0.500387 0.500378
8220 0.500375 0.500364 0.500387 0.500378
8240 0.500376 0.500364 0.500388 0.500378
8260 0.500376 0.500364 0.500388 0.500379
8280 0.500377 0.500365 0.500388 0.500379
8300 0.500377 0.500365 0.500389 0.500379
8320 0.500377 0.500366 0.500389 0.500379
8340 0.500378 0.500366 0.50039 0.50038
8360 0.500378 0.500366 0.50039 0.50038
8380 0.500379 0.500367 0.500391 0.50038
8400 0.500379 0.500367 0.500391 0.500381
8420 0.50038 0.500368 0.500391 0.500381
8440 0.50038 0.500368 0.500391 0.500381
8460 0.50038 0.500368 0.500392 0.500381
8480 0.50038 0.500368 0.500392 0.500382
8500 0.50038 0.500368 0.500392 0.500382
8520 0.500381 0.500369 0.500392 0.500382
8540 0.500381 0.500369 0.500393 0.500383
8560 0.500381 0.500369 0.500393 0.500383
8580 0.500381 0.500369 0.500393 0.500383
8600 0.500381 0.500369 0.500393 0.500383
8620 0.500382 0.50037 0.500394 0.500384
8640 0.500382 0.50037 0.500394 0.500384
8660 0.500382 0.50037 0.500394 0.500384
8680 0.500382 0.500371 0.500394 0.500384
8700 0.500383 0.500371 0.500395 0.500385
8720 0.500383 0.500371 0.500395 0.500385
8740 0.500383 0.500371 0.500395 0.500385
8760 0.500383 0.500371 0.500395 0.500385
8780 0.500383 0.500371 0.500395 0.500386
8800 0.500384 0.500372 0.500396 0.500386
8820 0.500384 0.500372 0.500396 0.500386
8840 0.500384 0.500372 0.500396 0.500386
8860 0.500384 0.500372 0.500396 0.500387
8880 0.500384 0.500373 0.500396 0.500387
8900 0.500385 0.500373 0.500397 0.500387
8920 0.500385 0.500373 0.500397 0.500387
8940 0.500385 0.500373 0.500397 0.500388
8960 0.500386 0.500374 0.500398 0.500388
8980 0.500386 0.500374 0.500398 0.500388
9000 0.500387 0.500375 0.500399 0.500388
9020 0.500387 0.500375 0.500399 0.500389
9040 0.500387 0.500375 0.500399 0.500389
9060 0.500388 0.500376 0.5004 0.500389
9080 0.500388 0.500376 0.5004 0.500389
9100 0.500388 0.500376 0.5004 0.50039
9120 0.500388 0.500376 0.5004 0.50039
9140 0.500389 0.500377 0.500401 0.50039
9160 0.500389 0.500377 0.500401 0.50039
9180 0.500389 0.500377 0.500401 0.500391
9200 0.500389 0.500377 0.500401 0.500391
9220 0.50039 0.500378 0.500402 0.500391
9240 0.50039 0.500378 0.500402 0.500391
9260 0.50039 0.500378 0.500402 0.500392
9280 0.50039 0.500378 0.500402 0.500392
9300 0.500391 0.500379 0.500403 0.500392
9320 0.500391 0.500379 0.500403 0.500392
9340 0.500391 0.500379 0.500403 0.500393
9360 0.500391 0.500379 0.500403 0.500393
9380 0.500392 0.50038 0.500404 0.500393
9400 0.500392 0.50038 0.500404 0.500393
9420 0.500392 0.50038 0.500404 0.500393
9440 0.500392 0.50038 0.500404 0.500394
9460 0.500392 0.50038 0.500404 0.500394
9480 0.500393 0.500381 0.500405 0.500394
9500 0.500393 0.500381 0.500405 0.500394
9520 0.500393 0.500381 0.500405 0.500395
9540 0.500394 0.500381 0.500406 0.500395
9560 0.500394 0.500382 0.500406 0.500395
9580 0.500394 0.500382 0.500406 0.500395
9600 0.500394 0.500382 0.500407 0.500395
9620 0.500395 0.500382 0.500407 0.500396
9640 0.500395 0.500383 0.500407 0.500396
9660 0.500395 0.500383 0.500407 0.500396
9680 0.500395 0.500383 0.500408 0.500396
9700 0.500396 0.500384 0.500408 0.500397
9720 0.500396 0.500384 0.500408 0.500397
9740 0.500396 0.500384 0.500409 0.500397
9760 0.500397 0.500384 0.500409 0.500397
9780 0.500397 0.500385 0.500409 0.500397
9800 0.500397 0.500385 0.50041 0.500398
9820 0.500397 0.500385 0.50041 0.500398
9840 0.500398 0.500385 0.50041 0.500398
9860 0.500398 0.500386 0.50041 0.500398
9880 0.500398 0.500386 0.50041 0.500398
9900 0.500398 0.500386 0.500411 0.500399
9920 0.500399 0.500386 0.500411 0.500399
9940 0.500399 0.500386 0.500411 0.500399
9960 0.500399 0.500387 0.500411 0.500399
9980 0.500399 0.500387 0.500412 0.500399
10000 0.500399 0.500387 0.500412 0.5004
10020 0.5004 0.500387 0.500412 0.5004
10040 0.5004 0.500388 0.500412 0.5004
10060 0.5004 0.500388 0.500413 0.5004
10080 0.5004 0.500388 0.500413 0.5004
10100 0.500401 0.500389 0.500413 0.500401
10120 0.500401 0.500389 0.500413 0.500401
10140 0.500401 0.500389 0.500413 0.500401
10160 0.500401 0.500389 0.500414 0.500401
10180 0.500401 0.500389 0.500414 0.500401
10200 0.500402 0.500389 0.500414 0.500402
10220 0.500402 0.50039 0.500414 0.500402
10240 0.500402 0.500389 0.500414 0.500402
10260 0.500402 0.50039 0.500414 0.500402
10280 0.500402 0.50039 0.500414 0.500402
10300 0.500402 0.50039 0.500415 0.500403
10320 0.500403 0.50039 0.500415 0.500403
10340 0.500403 0.500391 0.500415 0.500403
10360 0.500403 0.500391 0.500415 0.500403
10380 0.500403 0.500391 0.500416 0.500403
10400 0.500404 0.500391 0.500416 0.500403
10420 0.500404 0.500392 0.500416 0.500404
10440 0.500404 0.500392 0.500417 0.500404
10460 0.500404 0.500392 0.500417 0.500404
10480 0.500405 0.500392 0.500417 0.500404
10500 0.500405 0.500393 0.500417 0.500404
10520 0.500405 0.500393 0.500418 0.500405
10540 0.500405 0.500393 0.500418 0.500405
10560 0.500405 0.500393 0.500418 0.500405
10580 0.500406 0.500393 0.500418 0.500405
10600 0.500406 0.500394 0.500418 0.500405
10620 0.500406 0.500394 0.500419 0.500405
10640 0.500406 0.500394 0.500419 0.500406
10660 0.500407 0.500394 0.500419 0.500406
10680 0.500407 0.500394 0.500419 0.500406
10700 0.500407 0.500394 0.500419 0.500406
10720 0.500407 0.500395 0.500419 0.500406
10740 0.500407 0.500395 0.50042 0.500406
10760 0.500407 0.500395 0.50042 0.500407
10780 0.500408 0.500395 0.50042 0.500407
10800 0.500408 0.500395 0.50042 0.500407
10820 0.500408 0.500396 0.500421 0.500407
10840 0.500408 0.500396 0.500421 0.500407
10860 0.500409 0.500396 0.500421 0.500408
10880 0.500409 0.500397 0.500421 0.500408
10900 0.500409 0.500397 0.500422 0.500408
10920 0.500409 0.500397 0.500422 0.500408
10940 0.500409 0.500397 0.500422 0.500408
10960 0.50041 0.500397 0.500422 0.500408
10980 0.50041 0.500397 0.500422 0.500409
11000 0.50041 0.500397 0.500422 0.500409
11020 0.50041 0.500398 0.500422 0.500409
11040 0.50041 0.500398 0.500422 0.500409
11060 0.50041 0.500398 0.500423 0.500409
11080 0.50041 0.500398 0.500423 0.500409
11100 0.500411 0.500398 0.500423 0.500409
11120 0.500411 0.500398 0.500423 0.50041
11140 0.500411 0.500398 0.500423 0.50041
11160 0.500411 0.500398 0.500423 0.50041
11180 0.500411 0.500399 0.500423 0.50041
11200 0.500411 0.500399 0.500423 0.50041
11220 0.500411 0.500399 0.500423 0.50041
11240 0.500411 0.500399 0.500424 0.500411
11260 0.500411 0.500399 0.500424 0.500411
11280 0.500411 0.500399 0.500424 0.500411
11300 0.500412 0.500399 0.500424 0.500411
11320 0.500412 0.500399 0.500424 0.500411
11340 0.500412 0.500399 0.500424 0.500411
11360 0.500412 0.5004 0.500424 0.500412
11380 0.500412 0.5004 0.500425 0.500412
11400 0.500412 0.5004 0.500425 0.500412
11420 0.500412 0.5004 0.500425 0.500412
11440 0.500412 0.5004 0.500425 0.500412
11460 0.500413 0.5004 0.500425 0.500412
11480 0.500413 0.5004 0.500425 0.500412
11500 0.500413 0.5004 0.500425 0.500413
11520 0.500413 0.500401 0.500425 0.500413
11540 0.500413 0.500401 0.500426 0.500413
11560 0.500413 0.500401 0.500426 0.500413
11580 0.500413 0.500401 0.500426 0.500413
11600 0.500414 0.500401 0.500426 0.500413
11620 0.500414 0.500401 0.500426 0.500414
11640 0.500414 0.500401 0.500426 0.500414
11660 0.500414 0.500402 0.500426 0.500414
11680 0.500414 0.500402 0.500427 0.500414
11700 0.500415 0.500402 0.500427 0.500414
11720 0.500415 0.500402 0.500427 0.500414
11740 0.500415 0.500403 0.500427 0.500414
11760 0.500415 0.500403 0.500428 0.500415
11780 0.500415 0.500403 0.500428 0.500415
11800 0.500415 0.500403 0.500428 0.500415
11820 0.500415 0.500403 0.500428 0.500415
11840 0.500415 0.500403 0.500428 0.500415
11860 0.500416 0.500403 0.500428 0.500415
11880 0.500416 0.500403 0.500428 0.500415
11900 0.500416 0.500403 0.500428 0.500416
11920 0.500416 0.500404 0.500429 0.500416
11940 0.500416 0.500404 0.500429 0.500416
11960 0.500416 0.500404 0.500429 0.500416
11980 0.500416 0.500404 0.500429 0.500416
12000 0.500416 0.500404 0.500429 0.500416
12020 0.500416 0.500404 0.500429 0.500416
12040 0.500417 0.500404 0.500429 0.500417
12060 0.500417 0.500405 0.50043 0.500417
12080 0.500417 0.500405 0.50043 0.500417
12100 0.500417 0.500405 0.50043 0.500417
12120 0.500417 0.500405 0.50043 0.500417
12140 0.500417 0.500405 0.50043 0.500417
12160 0.500417 0.500405 0.50043 0.500417
12180 0.500418 0.500405 0.50043 0.500417
12200 0.500418 0.500405 0.50043 0.500418
12220 0.500418 0.500405 0.50043 0.500418
12240 0.500418 0.500406 0.500431 0.500418
12260 0.500418 0.500406 0.500431 0.500418
12280 0.500418 0.500406 0.500431 0.500418
12300 0.500418 0.500406 0.500431 0.500418
12320 0.500419 0.500406 0.500431 0.500418
12340 0.500419 0.500406 0.500431 0.500419
12360 0.500419 0.500406 0.500431 0.500419
12380 0.500419 0.500406 0.500431 0.500419
12400 0.500419 0.500407 0.500432 0.500419
12420 0.500419 0.500407 0.500432 0.500419
12440 0.500419 0.500407 0.500432 0.500419
12460 0.50042 0.500407 0.500432 0.500419
12480 0.50042 0.500407 0.500432 0.500419
12500 0.50042 0.500407 0.500432 0.50042
12520 0.50042 0.500407 0.500432 0.50042
12540 0.50042 0.500408 0.500433 0.50042
12560 0.50042 0.500408 0.500433 0.50042
12580 0.50042 0.500408 0.500433 0.50042
12600 0.500421 0.500408 0.500433 0.50042
12620 0.500421 0.500408 0.500433 0.50042
12640 0.500421 0.500409 0.500434 0.50042
12660 0.500421 0.500409 0.500434 0.500421
12680 0.500422 0.500409 0.500434 0.500421
12700 0.500422 0.500409 0.500434 0.500421
12720 0.500422 0.500409 0.500434 0.500421
12740 0.500422 0.500409 0.500434 0.500421
12760 0.500422 0.500409 0.500434 0.500421
12780 0.500422 0.50041 0.500435 0.500421
12800 0.500422 0.50041 0.500435 0.500421
12820 0.500422 0.50041 0.500435 0.500422
12840 0.500423 0.50041 0.500435 0.500422
12860 0.500423 0.50041 0.500435 0.500422
12880 0.500423 0.50041 0.500435 0.500422
12900 0.500423 0.50041 0.500435 0.500422
12920 0.500423 0.50041 0.500435 0.500422
12940 0.500423 0.50041 0.500436 0.500422
12960 0.500423 0.500411 0.500436 0.500422
12980 0.500423 0.500411 0.500436 0.500423
13000 0.500423 0.500411 0.500436 0.500423
13020 0.500424 0.500411 0.500436 0.500423
13040 0.500423 0.500411 0.500436 0.500423
13060 0.500423 0.500411 0.500436 0.500423
13080 0.500423 0.500411 0.500436 0.500423
13100 0.500424 0.500411 0.500436 0.500423
13120 0.500424 0.500411 0.500436 0.500423
13140 0.500424 0.500411 0.500436 0.500423
13160 0.500424 0.500411 0.500437 0.500424
13180 0.500424 0.500412 0.500437 0.500424
13200 0.500424 0.500412 0.500437 0.500424
13220 0.500424 0.500412 0.500437 0.500424
13240 0.500424 0.500412 0.500437 0.500424
13260 0.500425 0.500412 0.500437 0.500424
13280 0.500425 0.500412 0.500437 0.500424
13300 0.500425 0.500412 0.500437 0.500424
13320 0.500425 0.500412 0.500437 0.500424
13340 0.500425 0.500413 0.500438 0.500425
13360 0.500425 0.500413 0.500438 0.500425
13380 0.500425 0.500413 0.500438 0.500425
13400 0.500426 0.500413 0.500438 0.500425
13420 0.500426 0.500413 0.500438 0.500425
13440 0.500426 0.500413 0.500438 0.500425
13460 0.500426 0.500413 0.500439 0.500425
13480 0.500426 0.500413 0.500439 0.500425
13500 0.500426 0.500413 0.500439 0.500425
13520 0.500426 0.500414 0.500439 0.500426
13540 0.500426 0.500414 0.500439 0.500426
13560 0.500426 0.500414 0.500439 0.500426
13580 0.500427 0.500414 0.500439 0.500426
13600 0.500427 0.500414 0.500439 0.500426
13620 0.500427 0.500414 0.500439 0.500426
13640 0.500427 0.500414 0.500439 0.500426
13660 0.500427 0.500414 0.500439 0.500426
13680 0.500427 0.500414 0.500439 0.500426
13700 0.500427 0.500414 0.500439 0.500427
13720 0.500427 0.500414 0.500439 0.500427
13740 0.500427 0.500415 0.50044 0.500427
13760 0.500427 0.500415 0.50044 0.500427
13780 0.500427 0.500415 0.50044 0.500427
13800 0.500427 0.500415 0.50044 0.500427
13820 0.500428 0.500415 0.50044 0.500427
13840 0.500428 0.500415 0.50044 0.500427
13860 0.500428 0.500415 0.50044 0.500427
13880 0.500428 0.500415 0.50044 0.500428
13900 0.500428 0.500415 0.50044 0.500428
13920 0.500428 0.500415 0.500441 0.500428
13940 0.500428 0.500415 0.500441 0.500428
13960 0.500428 0.500415 0.500441 0.500428
13980 0.500428 0.500416 0.500441 0.500428
14000 0.500428 0.500416 0.500441 0.500428
14020 0.500428 0.500416 0.500441 0.500428
14040 0.500428 0.500416 0.500441 0.500428
14060 0.500428 0.500416 0.500441 0.500428
14080 0.500428 0.500416 0.500441 0.500429
14100 0.500428 0.500416 0.500441 0.500429
14120 0.500429 0.500416 0.500441 0.500429
14140 0.500429 0.500416 0.500441 0.500429
14160 0.500429 0.500416 0.500441 0.500429
14180 0.500429 0.500416 0.500441 0.500429
14200 0.500429 0.500416 0.500442 0.500429
14220 0.500429 0.500416 0.500442 0.500429
14240 0.500429 0.500417 0.500442 0.500429
14260 0.500429 0.500417 0.500442 0.500429
14280 0.500429 0.500417 0.500442 0.50043
14300 0.500429 0.500417 0.500442 0.50043
14320 0.500429 0.500417 0.500442 0.50043
14340 0.500429 0.500417 0.500442 0.50043
14360 0.500429 0.500417 0.500442 0.50043
14380 0.500429 0.500417 0.500442 0.50043
14400 0.50043 0.500417 0.500442 0.50043
14420 0.500429 0.500417 0.500442 0.50043
14440 0.500429 0.500417 0.500442 0.50043
14460 0.50043 0.500417 0.500442 0.50043
14480 0.50043 0.500417 0.500442 0.500431
14500 0.50043 0.500417 0.500442 0.500431
14520 0.50043 0.500417 0.500442 0.500431
14540 0.50043 0.500417 0.500442 0.500431
14560 0.50043 0.500417 0.500442 0.500431
14580 0.50043 0.500417 0.500443 0.500431
14600 0.50043 0.500417 0.500443 0.500431
14620 0.50043 0.500417 0.500442 0.500431
14640 0.50043 0.500418 0.500443 0.500431
14660 0.50043 0.500418 0.500443 0.500431
14680 0.50043 0.500418 0.500443 0.500431
14700 0.500431 0.500418 0.500443 0.500432
14720 0.500431 0.500418 0.500444 0.500432
14740 0.500431 0.500418 0.500444 0.500432
14760 0.500431 0.500418 0.500444 0.500432
14780 0.500431 0.500418 0.500444 0.500432
14800 0.500431 0.500419 0.500444 0.500432
14820 0.500431 0.500419 0.500444 0.500432
14840 0.500431 0.500419 0.500444 0.500432
14860 0.500432 0.500419 0.500444 0.500432
14880 0.500432 0.500419 0.500444 0.500432
14900 0.500432 0.500419 0.500444 0.500432
14920 0.500432 0.500419 0.500444 0.500433
14940 0.500432 0.500419 0.500444 0.500433
14960 0.500432 0.500419 0.500444 0.500433
14980 0.500432 0.500419 0.500445 0.500433
15000 0.500432 0.50042 0.500445 0.500433
15020 0.500432 0.50042 0.500445 0.500433
15040 0.500433 0.50042 0.500445 0.500433
15060 0.500433 0.50042 0.500445 0.500433
15080 0.500433 0.50042 0.500445 0.500433
15100 0.500433 0.50042 0.500445 0.500433
15120 0.500433 0.50042 0.500446 0.500433
15140 0.500433 0.50042 0.500446 0.500434
15160 0.500433 0.500421 0.500446 0.500434
15180 0.500433 0.500421 0.500446 0.500434
15200 0.500433 0.500421 0.500446 0.500434
15220 0.500433 0.50042 0.500446 0.500434
15240 0.500433 0.500421 0.500446 0.500434
15260 0.500433 0.500421 0.500446 0.500434
15280 0.500433 0.500421 0.500446 0.500434
15300 0.500433 0.500421 0.500446 0.500434
15320 0.500433 0.500421 0.500446 0.500434
15340 0.500434 0.500421 0.500446 0.500434
15360 0.500434 0.500421 0.500446 0.500434
15380 0.500434 0.500421 0.500446 0.500435
15400 0.500434 0.500421 0.500447 0.500435
15420 0.500434 0.500421 0.500447 0.500435
15440 0.500434 0.500421 0.500447 0.500435
15460 0.500434 0.500422 0.500447 0.500435
15480 0.500434 0.500422 0.500447 0.500435
15500 0.500434 0.500422 0.500447 0.500435
15520 0.500434 0.500422 0.500447 0.500435
15540 0.500435 0.500422 0.500447 0.500435
15560 0.500435 0.500422 0.500447 0.500435
15580 0.500435 0.500422 0.500447 0.500435
15600 0.500435 0.500422 0.500448 0.500435
15620 0.500435 0.500422 0.500448 0.500436
15640 0.500435 0.500422 0.500448 0.500436
15660 0.500435 0.500422 0.500448 0.500436
15680 0.500435 0.500422 0.500448 0.500436
15700 0.500435 0.500423 0.500448 0.500436
15720 0.500435 0.500423 0.500448 0.500436
15740 0.500436 0.500423 0.500448 0.500436
15760 0.500436 0.500423 0.500448 0.500436
15780 0.500436 0.500423 0.500449 0.500436
15800 0.500436 0.500423 0.500449 0.500436
15820 0.500436 0.500423 0.500448 0.500436
15840 0.500436 0.500423 0.500449 0.500436
15860 0.500436 0.500423 0.500449 0.500437
15880 0.500436 0.500423 0.500449 0.500437
15900 0.500436 0.500423 0.500449 0.500437
15920 0.500436 0.500423 0.500449 0.500437
15940 0.500436 0.500423 0.500449 0.500437
15960 0.500436 0.500423 0.500449 0.500437
15980 0.500436 0.500424 0.500449 0.500437
16000 0.500436 0.500424 0.500449 0.500437
16020 0.500436 0.500424 0.500449 0.500437
16040 0.500437 0.500424 0.500449 0.500437
16060 0.500437 0.500424 0.500449 0.500437
16080 0.500437 0.500424 0.500449 0.500437
16100 0.500437 0.500424 0.500449 0.500437
16120 0.500437 0.500424 0.50045 0.500438
16140 0.500437 0.500424 0.50045 0.500438
16160 0.500437 0.500425 0.50045 0.500438
16180 0.500437 0.500425 0.50045 0.500438
16200 0.500437 0.500425 0.50045 0.500438
16220 0.500437 0.500425 0.50045 0.500438
16240 0.500437 0.500425 0.50045 0.500438
16260 0.500437 0.500425 0.50045 0.500438
16280 0.500437 0.500425 0.50045 0.500438
16300 0.500437 0.500425 0.50045 0.500438
16320 0.500438 0.500425 0.50045 0.500438
16340 0.500437 0.500425 0.50045 0.500438
16360 0.500438 0.500425 0.50045 0.500438
16380 0.500438 0.500425 0.50045 0.500439
16400 0.500438 0.500425 0.500451 0.500439
16420 0.500438 0.500425 0.500451 0.500439
16440 0.500438 0.500425 0.50045 0.500439
16460 0.500438 0.500425 0.50045 0.500439
16480 0.500438 0.500425 0.50045 0.500439
16500 0.500438 0.500425 0.50045 0.500439
16520 0.500438 0.500425 0.500451 0.500439
16540 0.500438 0.500425 0.500451 0.500439
16560 0.500438 0.500425 0.500451 0.500439
16580 0.500438 0.500426 0.500451 0.500439
16600 0.500439 0.500426 0.500451 0.500439
16620 0.500438 0.500426 0.500451 0.500439
16640 0.500439 0.500426 0.500451 0.500439
16660 0.500439 0.500426 0.500451 0.50044
16680 0.500439 0.500426 0.500451 0.50044
16700 0.500439 0.500426 0.500451 0.50044
16720 0.500439 0.500426 0.500451 0.50044
16740 0.500439 0.500426 0.500451 0.50044
16760 0.500439 0.500426 0.500452 0.50044
16780 0.500439 0.500426 0.500452 0.50044
16800 0.500439 0.500426 0.500452 0.50044
16820 0.500439 0.500426 0.500452 0.50044
16840 0.500439 0.500426 0.500452 0.50044
16860 0.500439 0.500426 0.500452 0.50044
16880 0.500439 0.500427 0.500452 0.50044
16900 0.500439 0.500427 0.500452 0.50044
16920 0.500439 0.500427 0.500452 0.50044
16940 0.50044 0.500427 0.500452 0.500441
16960 0.50044 0.500427 0.500452 0.500441
16980 0.50044 0.500427 0.500453 0.500441
17000 0.50044 0.500427 0.500453 0.500441
17020 0.50044 0.500427 0.500453 0.500441
17040 0.50044 0.500427 0.500453 0.500441
17060 0.50044 0.500427 0.500453 0.500441
17080 0.50044 0.500427 0.500453 0.500441
17100 0.50044 0.500428 0.500453 0.500441
17120 0.50044 0.500428 0.500453 0.500441
17140 0.50044 0.500428 0.500453 0.500441
17160 0.500441 0.500428 0.500453 0.500441
17180 0.500441 0.500428 0.500453 0.500441
17200 0.500441 0.500428 0.500453 0.500441
17220 0.500441 0.500428 0.500453 0.500441
17240 0.500441 0.500428 0.500454 0.500442
17260 0.500441 0.500428 0.500454 0.500442
17280 0.500441 0.500428 0.500454 0.500442
17300 0.500441 0.500428 0.500454 0.500442
17320 0.500441 0.500428 0.500454 0.500442
17340 0.500441 0.500428 0.500454 0.500442
17360 0.500441 0.500428 0.500454 0.500442
17380 0.500441 0.500428 0.500454 0.500442
17400 0.500441 0.500428 0.500454 0.500442
17420 0.500441 0.500429 0.500454 0.500442
17440 0.500442 0.500429 0.500454 0.500442
17460 0.500441 0.500429 0.500454 0.500442
17480 0.500442 0.500429 0.500454 0.500442
17500 0.500442 0.500429 0.500454 0.500442
17520 0.500441 0.500429 0.500454 0.500442
17540 0.500442 0.500429 0.500454 0.500443
17560 0.500442 0.500429 0.500454 0.500443
17580 0.500442 0.500429 0.500455 0.500443
17600 0.500442 0.500429 0.500455 0.500443
17620 0.500442 0.500429 0.500455 0.500443
17640 0.500442 0.500429 0.500455 0.500443
17660 0.500442 0.500429 0.500455 0.500443
17680 0.500442 0.500429 0.500455 0.500443
17700 0.500442 0.500429 0.500455 0.500443
17720 0.500442 0.500429 0.500455 0.500443
17740 0.500442 0.500429 0.500455 0.500443
17760 0.500442 0.500429 0.500455 0.500443
17780 0.500442 0.500429 0.500455 0.500443
17800 0.500442 0.50043 0.500455 0.500443
17820 0.500442 0.50043 0.500455 0.500443
17840 0.500442 0.50043 0.500455 0.500443
17860 0.500442 0.50043 0.500455 0.500444
17880 0.500443 0.50043 0.500455 0.500444
17900 0.500443 0.50043 0.500455 0.500444
17920 0.500443 0.50043 0.500455 0.500444
17940 0.500443 0.50043 0.500455 0.500444
17960 0.500443 0.50043 0.500456 0.500444
17980 0.500443 0.50043 0.500456 0.500444
18000 0.500443 0.50043 0.500456 0.500444
18020 0.500443 0.50043 0.500456 0.500444
18040 0.500443 0.50043 0.500456 0.500444
18060 0.500443 0.50043 0.500456 0.500444
18080 0.500443 0.50043 0.500456 0.500444
18100 0.500443 0.50043 0.500456 0.500444
18120 0.500443 0.50043 0.500456 0.500444
18140 0.500443 0.50043 0.500456 0.500444
18160 0.500443 0.50043 0.500456 0.500444
18180 0.500443 0.50043 0.500456 0.500445
18200 0.500443 0.50043 0.500456 0.500445
18220 0.500443 0.50043 0.500456 0.500445
18240 0.500443 0.50043 0.500456 0.500445
18260 0.500443 0.50043 0.500456 0.500445
18280 0.500443 0.50043 0.500456 0.500445
18300 0.500443 0.50043 0.500456 0.500445
18320 0.500443 0.500431 0.500456 0.500445
18340 0.500443 0.500431 0.500456 0.500445
18360 0.500444 0.500431 0.500456 0.500445
18380 0.500444 0.500431 0.500456 0.500445
18400 0.500444 0.500431 0.500457 0.500445
18420 0.500444 0.500431 0.500457 0.500445
18440 0.500444 0.500431 0.500457 0.500445
18460 0.500444 0.500431 0.500457 0.500445
18480 0.500444 0.500431 0.500457 0.500445
18500 0.500444 0.500431 0.500457 0.500445
18520 0.500444 0.500431 0.500457 0.500446
18540 0.500444 0.500431 0.500457 0.500446
18560 0.500444 0.500432 0.500457 0.500446
18580 0.500445 0.500432 0.500457 0.500446
18600 0.500445 0.500432 0.500457 0.500446
18620 0.500445 0.500432 0.500457 0.500446
18640 0.500445 0.500432 0.500457 0.500446
18660 0.500445 0.500432 0.500458 0.500446
18680 0.500445 0.500432 0.500458 0.500446
18700 0.500445 0.500432 0.500458 0.500446
18720 0.500445 0.500432 0.500458 0.500446
18740 0.500445 0.500432 0.500458 0.500446
18760 0.500445 0.500432 0.500458 0.500446
18780 0.500445 0.500432 0.500458 0.500446
18800 0.500445 0.500433 0.500458 0.500446
18820 0.500445 0.500432 0.500458 0.500446
18840 0.500445 0.500433 0.500458 0.500446
18860 0.500446 0.500433 0.500458 0.500447
18880 0.500446 0.500433 0.500459 0.500447
18900 0.500446 0.500433 0.500459 0.500447
18920 0.500446 0.500433 0.500459 0.500447
18940 0.500446 0.500433 0.500459 0.500447
18960 0.500446 0.500433 0.500459 0.500447
18980 0.500446 0.500433 0.500459 0.500447
19000 0.500446 0.500433 0.500459 0.500447
19020 0.500446 0.500433 0.500459 0.500447
19040 0.500446 0.500434 0.500459 0.500447
19060 0.500446 0.500433 0.500459 0.500447
19080 0.500446 0.500433 0.500459 0.500447
19100 0.500446 0.500433 0.500459 0.500447
19120 0.500446 0.500434 0.500459 0.500447
19140 0.500446 0.500433 0.500459 0.500447
19160 0.500446 0.500434 0.500459 0.500447
19180 0.500446 0.500434 0.500459 0.500447
19200 0.500447 0.500434 0.500459 0.500447
19220 0.500447 0.500434 0.500459 0.500448
19240 0.500447 0.500434 0.50046 0.500448
19260 0.500447 0.500434 0.50046 0.500448
19280 0.500447 0.500434 0.50046 0.500448
19300 0.500447 0.500434 0.50046 0.500448
19320 0.500447 0.500434 0.50046 0.500448
19340 0.500447 0.500434 0.50046 0.500448
19360 0.500447 0.500434 0.50046 0.500448
19380 0.500447 0.500434 0.50046 0.500448
19400 0.500447 0.500434 0.50046 0.500448
19420 0.500447 0.500435 0.50046 0.500448
19440 0.500447 0.500435 0.50046 0.500448
19460 0.500447 0.500435 0.50046 0.500448
19480 0.500447 0.500434 0.50046 0.500448
19500 0.500447 0.500434 0.50046 0.500448
19520 0.500448 0.500435 0.50046 0.500448
19540 0.500448 0.500435 0.50046 0.500448
19560 0.500448 0.500435 0.500461 0.500448
19580 0.500448 0.500435 0.500461 0.500448
19600 0.500448 0.500435 0.500461 0.500449
19620 0.500448 0.500435 0.500461 0.500449
19640 0.500448 0.500435 0.500461 0.500449
19660 0.500448 0.500435 0.500461 0.500449
19680 0.500448 0.500435 0.500461 0.500449
19700 0.500448 0.500435 0.500461 0.500449
19720 0.500448 0.500435 0.500461 0.500449
19740 0.500448 0.500435 0.500461 0.500449
19760 0.500448 0.500435 0.500461 0.500449
19780 0.500448 0.500435 0.500461 0.500449
19800 0.500448 0.500435 0.500461 0.500449
19820 0.500448 0.500435 0.500461 0.500449
19840 0.500449 0.500436 0.500461 0.500449
19860 0.500449 0.500436 0.500462 0.500449
19880 0.500449 0.500436 0.500461 0.500449
19900 0.500449 0.500436 0.500462 0.500449
19920 0.500449 0.500436 0.500462 0.500449
19940 0.500449 0.500436 0.500462 0.500449
19960 0.500449 0.500436 0.500462 0.500449
19980 0.500449 0.500436 0.500462 0.500449
20000 0.500449 0.500436 0.500462 0.50045
20020 0.500449 0.500436 0.500462 0.50045
20040 0.500449 0.500436 0.500462 0.50045
20060 0.500449 0.500436 0.500462 0.50045
20080 0.500449 0.500436 0.500462 0.50045
20100 0.500449 0.500436 0.500462 0.50045
20120 0.500449 0.500436 0.500462 0.50045
20140 0.500449 0.500436 0.500462 0.50045
20160 0.500449 0.500436 0.500462 0.50045
20180 0.500449 0.500436 0.500462 0.50045
20200 0.500449 0.500436 0.500462 0.50045
20220 0.500449 0.500436 0.500462 0.50045
20240 0.500449 0.500436 0.500462 0.50045
20260 0.500449 0.500437 0.500462 0.50045
20280 0.50045 0.500437 0.500462 0.50045
20300 0.50045 0.500437 0.500463 0.50045
20320 0.50045 0.500437 0.500463 0.50045
20340 0.50045 0.500437 0.500463 0.50045
20360 0.50045 0.500437 0.500463 0.50045
20380 0.50045 0.500437 0.500463 0.50045
20400 0.50045 0.500437 0.500463 0.500451
20420 0.50045 0.500437 0.500463 0.500451
20440 0.50045 0.500437 0.500463 0.500451
20460 0.50045 0.500437 0.500463 0.500451
20480 0.50045 0.500437 0.500463 0.500451
20500 0.50045 0.500437 0.500463 0.500451
20520 0.50045 0.500437 0.500463 0.500451
20540 0.50045 0.500437 0.500463 0.500451
20560 0.50045 0.500437 0.500463 0.500451
20580 0.500451 0.500438 0.500464 0.500451
20600 0.500451 0.500438 0.500464 0.500451
20620 0.500451 0.500438 0.500464 0.500451
20640 0.500451 0.500438 0.500464 0.500451
20660 0.500451 0.500438 0.500464 0.500451
20680 0.500451 0.500438 0.500464 0.500451
20700 0.500451 0.500438 0.500464 0.500451
20720 0.500451 0.500438 0.500464 0.500451
20740 0.500451 0.500438 0.500464 0.500451
20760 0.500451 0.500438 0.500464 0.500451
20780 0.500451 0.500438 0.500464 0.500451
20800 0.500451 0.500438 0.500464 0.500451
20820 0.500451 0.500438 0.500464 0.500452
20840 0.500451 0.500438 0.500464 0.500452
20860 0.500451 0.500438 0.500464 0.500452
20880 0.500451 0.500438 0.500464 0.500452
20900 0.500451 0.500438 0.500464 0.500452
20920 0.500451 0.500438 0.500464 0.500452
20940 0.500451 0.500438 0.500464 0.500452
20960 0.500451 0.500438 0.500464 0.500452
20980 0.500451 0.500438 0.500464 0.500452
