//total_population estimated_relatedness lower_bound upper_bound relatedness
1050 0.909211 0.909211 0.909211 0.909211
1071 0.909249 0.909216 0.909281 0.909214
1092 0.909255 0.90921 0.909301 0.909217
1113 0.909254 0.909199 0.909309 0.90922
1134 0.909253 0.909189 0.909316 0.909223
1155 0.909258 0.909188 0.909328 0.909226
1176 0.909262 0.909187 0.909337 0.909229
1197 0.909261 0.90918 0.909342 0.909232
1218 0.909272 0.909187 0.909358 0.909234
1239 0.909272 0.909182 0.909362 0.909237
1260 0.909266 0.909172 0.90936 0.909239
1281 0.909238 0.90914 0.909336 0.909242
1302 0.909254 0.909152 0.909355 0.909244
1323 0.909263 0.909158 0.909368 0.909246
1344 0.909246 0.909138 0.909355 0.909248
1365 0.909237 0.909126 0.909348 0.90925
1386 0.909236 0.909121 0.90935 0.909252
1407 0.909204 0.909087 0.909321 0.909254
1428 0.909196 0.909076 0.909316 0.909256
1449 0.909188 0.909065 0.90931 0.909258
1470 0.909207 0.909082 0.909331 0.90926
1491 0.909202 0.909075 0.90933 0.909262
1512 0.9092 0.90907 0.909329 0.909263
1533 0.909203 0.909072 0.909333 0.909265
1554 0.909218 0.909085 0.90935 0.909267
1575 0.909231 0.909097 0.909366 0.909268
1596 0.909236 0.9091 0.909373 0.90927
1617 0.909249 0.90911 0.909387 0.909271
1638 0.909244 0.909104 0.909385 0.909273
1659 0.909246 0.909104 0.909388 0.909274
1680 0.909249 0.909106 0.909393 0.909275
1701 0.909251 0.909106 0.909396 0.909277
1722 0.909258 0.909112 0.909404 0.909278
1743 0.909271 0.909123 0.909418 0.909279
1764 0.909279 0.909131 0.909428 0.909281
1785 0.90929 0.909141 0.90944 0.909282
1806 0.909296 0.909145 0.909446 0.909283
1827 0.909305 0.909153 0.909457 0.909284
1848 0.90931 0.909157 0.909463 0.909285
1869 0.909298 0.909144 0.909452 0.909286
1890 0.909301 0.909145 0.909456 0.909287
1911 0.909292 0.909135 0.909448 0.909288
1932 0.909295 0.909138 0.909453 0.909289
1953 0.909305 0.909147 0.909464 0.909291
1974 0.909304 0.909144 0.909463 0.909291
1995 0.909312 0.909152 0.909473 0.909292
2016 0.909297 0.909136 0.909458 0.909293
2037 0.909302 0.90914 0.909464 0.909294
2058 0.909304 0.909141 0.909467 0.909295
2079 0.909312 0.909147 0.909476 0.909296
2100 0.909311 0.909146 0.909476 0.909297
2121 0.909312 0.909146 0.909478 0.909298
2142 0.909302 0.909135 0.909469 0.909299
2163 0.909302 0.909135 0.909469 0.9093
2184 0.90931 0.909142 0.909477 0.9093
2205 0.909304 0.909135 0.909473 0.909301
2226 0.909308 0.909138 0.909477 0.909302
2247 0.909303 0.909133 0.909473 0.909303
2268 0.9093 0.909128 0.909471 0.909303
2289 0.909305 0.909133 0.909477 0.909304
2310 0.909308 0.909136 0.90948 0.909305
2331 0.90932 0.909147 0.909493 0.909306
2352 0.909335 0.909161 0.909508 0.909306
2373 0.909348 0.909175 0.909522 0.909307
2394 0.909347 0.909173 0.909521 0.909308
2415 0.909351 0.909176 0.909526 0.909308
2436 0.90936 0.909184 0.909535 0.909309
2457 0.909367 0.909191 0.909544 0.90931
2478 0.909364 0.909188 0.909541 0.90931
2499 0.909359 0.909182 0.909537 0.909311
2520 0.909358 0.909179 0.909536 0.909311
2541 0.909349 0.90917 0.909527 0.909312
2562 0.90936 0.909181 0.909539 0.909313
2583 0.909369 0.90919 0.909549 0.909313
2604 0.909362 0.909182 0.909542 0.909314
2625 0.909354 0.909174 0.909535 0.909314
2646 0.909356 0.909176 0.909537 0.909315
2667 0.909364 0.909183 0.909545 0.909315
2688 0.909357 0.909176 0.909539 0.909316
2709 0.909351 0.909169 0.909532 0.909316
2730 0.909349 0.909167 0.90953 0.909317
2751 0.909344 0.909161 0.909526 0.909317
2772 0.909347 0.909164 0.909529 0.909318
2793 0.909355 0.909172 0.909538 0.909318
2814 0.909364 0.909181 0.909548 0.909319
2835 0.909369 0.909185 0.909553 0.909319
2856 0.909373 0.909188 0.909557 0.90932
2877 0.909372 0.909187 0.909557 0.90932
2898 0.909363 0.909177 0.909548 0.909321
2919 0.909365 0.909179 0.909551 0.909321
2940 0.909366 0.909179 0.909553 0.909322
2961 0.909367 0.90918 0.909554 0.909322
2982 0.909372 0.909185 0.909559 0.909323
3003 0.909372 0.909184 0.909559 0.909323
3024 0.909377 0.909189 0.909564 0.909323
3045 0.909368 0.909181 0.909556 0.909324
3066 0.909372 0.909184 0.90956 0.909324
3087 0.909372 0.909184 0.90956 0.909325
3108 0.909384 0.909196 0.909573 0.909325
3129 0.909381 0.909192 0.90957 0.909325
3150 0.90938 0.90919 0.90957 0.909326
3171 0.909379 0.909189 0.909569 0.909326
3192 0.909381 0.909191 0.909572 0.909327
3213 0.909386 0.909196 0.909577 0.909327
3234 0.909382 0.909192 0.909573 0.909327
3255 0.909375 0.909184 0.909566 0.909328
3276 0.909378 0.909186 0.909569 0.909328
3297 0.909366 0.909174 0.909558 0.909328
3318 0.90937 0.909178 0.909563 0.909329
3339 0.909374 0.909182 0.909567 0.909329
3360 0.90937 0.909177 0.909562 0.909329
3381 0.909381 0.909188 0.909575 0.90933
3402 0.909376 0.909182 0.909569 0.90933
3423 0.909379 0.909185 0.909573 0.90933
3444 0.909381 0.909187 0.909575 0.909331
3465 0.909389 0.909194 0.909583 0.909331
3486 0.90939 0.909196 0.909585 0.909331
3507 0.909395 0.9092 0.90959 0.909332
3528 0.909396 0.909201 0.909591 0.909332
3549 0.909401 0.909205 0.909596 0.909332
3570 0.909395 0.909199 0.909591 0.909333
3591 0.909404 0.909208 0.909599 0.909333
3612 0.909402 0.909206 0.909599 0.909333
3633 0.909408 0.909212 0.909605 0.909333
3654 0.909415 0.909219 0.909612 0.909334
3675 0.909416 0.909219 0.909613 0.909334
3696 0.90942 0.909223 0.909617 0.909334
3717 0.909423 0.909226 0.90962 0.909335
3738 0.909425 0.909228 0.909623 0.909335
3759 0.909424 0.909226 0.909621 0.909335
3780 0.909423 0.909225 0.90962 0.909335
3801 0.909421 0.909223 0.909619 0.909336
3822 0.909423 0.909224 0.909621 0.909336
3843 0.909421 0.909223 0.90962 0.909336
3864 0.909413 0.909214 0.909612 0.909336
3885 0.909408 0.909209 0.909607 0.909337
3906 0.90941 0.909211 0.909608 0.909337
3927 0.909407 0.909208 0.909606 0.909337
3948 0.909411 0.909212 0.90961 0.909337
3969 0.909414 0.909214 0.909613 0.909338
3990 0.909414 0.909215 0.909614 0.909338
4011 0.909413 0.909213 0.909613 0.909338
4032 0.909404 0.909204 0.909604 0.909338
4053 0.909409 0.909209 0.909609 0.909339
4074 0.909413 0.909213 0.909613 0.909339
4095 0.909412 0.909212 0.909613 0.909339
4116 0.909415 0.909215 0.909616 0.909339
4137 0.909409 0.909208 0.90961 0.90934
4158 0.90941 0.909208 0.909611 0.90934
4179 0.909411 0.909209 0.909612 0.90934
4200 0.90941 0.909208 0.909611 0.90934
4221 0.909411 0.909209 0.909613 0.90934
4242 0.909415 0.909213 0.909616 0.909341
4263 0.909419 0.909218 0.909621 0.909341
4284 0.909413 0.909211 0.909615 0.909341
4305 0.909414 0.909212 0.909616 0.909341
4326 0.909419 0.909216 0.909621 0.909341
4347 0.909417 0.909215 0.90962 0.909342
4368 0.909414 0.909212 0.909617 0.909342
4389 0.909414 0.909211 0.909617 0.909342
4410 0.909413 0.90921 0.909616 0.909342
4431 0.90941 0.909207 0.909613 0.909342
4452 0.909403 0.909199 0.909606 0.909343
4473 0.909397 0.909194 0.909601 0.909343
4494 0.909395 0.909191 0.909598 0.909343
4515 0.909392 0.909189 0.909596 0.909343
4536 0.909394 0.90919 0.909598 0.909343
4557 0.909396 0.909192 0.9096 0.909344
4578 0.909404 0.9092 0.909608 0.909344
4599 0.909396 0.909192 0.9096 0.909344
4620 0.909398 0.909194 0.909603 0.909344
4641 0.909398 0.909193 0.909602 0.909344
4662 0.909401 0.909196 0.909606 0.909344
4683 0.909403 0.909198 0.909608 0.909345
4704 0.909412 0.909207 0.909617 0.909345
4725 0.909413 0.909208 0.909618 0.909345
4746 0.909412 0.909207 0.909617 0.909345
4767 0.90941 0.909205 0.909615 0.909345
4788 0.909402 0.909197 0.909608 0.909345
4809 0.909401 0.909196 0.909606 0.909346
4830 0.909402 0.909197 0.909608 0.909346
4851 0.909402 0.909197 0.909608 0.909346
4872 0.909401 0.909195 0.909607 0.909346
4893 0.909402 0.909196 0.909608 0.909346
4914 0.909404 0.909198 0.90961 0.909346
4935 0.909411 0.909205 0.909617 0.909347
4956 0.909416 0.90921 0.909622 0.909347
4977 0.909421 0.909215 0.909627 0.909347
4998 0.909421 0.909214 0.909627 0.909347
5019 0.909417 0.909211 0.909624 0.909347
5040 0.909419 0.909213 0.909626 0.909347
5061 0.90942 0.909213 0.909626 0.909348
5082 0.909416 0.909209 0.909623 0.909348
5103 0.909417 0.90921 0.909624 0.909348
5124 0.909419 0.909211 0.909626 0.909348
5145 0.909425 0.909217 0.909632 0.909348
5166 0.909428 0.90922 0.909636 0.909348
5187 0.909428 0.90922 0.909635 0.909348
5208 0.909429 0.909221 0.909637 0.909349
5229 0.909434 0.909226 0.909642 0.909349
5250 0.909434 0.909226 0.909642 0.909349
5271 0.909437 0.909229 0.909646 0.909349
5292 0.909431 0.909222 0.909639 0.909349
5313 0.909435 0.909226 0.909643 0.909349
5334 0.909429 0.90922 0.909637 0.909349
5355 0.90943 0.909222 0.909639 0.90935
5376 0.909432 0.909223 0.90964 0.90935
5397 0.909431 0.909223 0.90964 0.90935
5418 0.909427 0.909218 0.909636 0.90935
5439 0.909422 0.909213 0.909631 0.90935
5460 0.909419 0.90921 0.909628 0.90935
5481 0.909421 0.909211 0.90963 0.90935
5502 0.909429 0.90922 0.909638 0.90935
5523 0.909428 0.909218 0.909637 0.909351
5544 0.909427 0.909217 0.909636 0.909351
5565 0.909426 0.909216 0.909635 0.909351
5586 0.909425 0.909215 0.909634 0.909351
5607 0.909425 0.909216 0.909635 0.909351
5628 0.909419 0.90921 0.909629 0.909351
5649 0.909416 0.909206 0.909626 0.909351
5670 0.909414 0.909204 0.909624 0.909351
5691 0.909418 0.909208 0.909628 0.909352
5712 0.909418 0.909208 0.909628 0.909352
5733 0.909415 0.909205 0.909625 0.909352
5754 0.909415 0.909205 0.909625 0.909352
5775 0.909414 0.909204 0.909625 0.909352
5796 0.909414 0.909203 0.909624 0.909352
5817 0.90941 0.909199 0.909621 0.909352
5838 0.909411 0.9092 0.909621 0.909352
5859 0.90941 0.909199 0.909621 0.909352
5880 0.909412 0.909201 0.909623 0.909353
5901 0.909407 0.909196 0.909617 0.909353
5922 0.909409 0.909198 0.90962 0.909353
5943 0.909404 0.909193 0.909615 0.909353
5964 0.909403 0.909192 0.909614 0.909353
5985 0.909406 0.909195 0.909617 0.909353
6006 0.909404 0.909193 0.909616 0.909353
6027 0.909408 0.909197 0.909619 0.909353
6048 0.909412 0.909201 0.909623 0.909353
6069 0.909412 0.909201 0.909623 0.909353
6090 0.909414 0.909202 0.909625 0.909354
6111 0.909413 0.909202 0.909625 0.909354
6132 0.909408 0.909197 0.909619 0.909354
6153 0.909412 0.909201 0.909623 0.909354
6174 0.909416 0.909204 0.909627 0.909354
6195 0.909415 0.909204 0.909627 0.909354
6216 0.909415 0.909204 0.909627 0.909354
6237 0.90942 0.909209 0.909632 0.909354
6258 0.909423 0.909211 0.909635 0.909354
6279 0.90942 0.909208 0.909632 0.909354
6300 0.909424 0.909211 0.909636 0.909355
6321 0.90942 0.909208 0.909632 0.909355
6342 0.909419 0.909207 0.909631 0.909355
6363 0.909417 0.909204 0.909629 0.909355
6384 0.909418 0.909206 0.909631 0.909355
6405 0.909417 0.909204 0.909629 0.909355
6426 0.909421 0.909209 0.909634 0.909355
6447 0.909423 0.909211 0.909636 0.909355
6468 0.909423 0.90921 0.909635 0.909355
6489 0.909427 0.909214 0.909639 0.909355
6510 0.909428 0.909216 0.909641 0.909356
6531 0.909429 0.909216 0.909641 0.909356
6552 0.909428 0.909216 0.90964 0.909356
6573 0.909427 0.909214 0.909639 0.909356
6594 0.909429 0.909216 0.909641 0.909356
6615 0.909428 0.909216 0.909641 0.909356
6636 0.909432 0.909219 0.909645 0.909356
6657 0.909431 0.909219 0.909644 0.909356
6678 0.909431 0.909218 0.909643 0.909356
6699 0.909432 0.909219 0.909644 0.909356
6720 0.909432 0.909219 0.909645 0.909356
6741 0.909437 0.909224 0.90965 0.909356
6762 0.909435 0.909222 0.909648 0.909357
6783 0.909434 0.909221 0.909647 0.909357
6804 0.90943 0.909216 0.909643 0.909357
6825 0.909429 0.909216 0.909643 0.909357
6846 0.90943 0.909217 0.909644 0.909357
6867 0.90943 0.909216 0.909644 0.909357
6888 0.909434 0.909221 0.909648 0.909357
6909 0.909435 0.909221 0.909649 0.909357
6930 0.909434 0.90922 0.909648 0.909357
6951 0.909438 0.909225 0.909652 0.909357
6972 0.909438 0.909224 0.909652 0.909357
6993 0.909441 0.909227 0.909655 0.909357
7014 0.909439 0.909225 0.909653 0.909358
7035 0.909439 0.909225 0.909653 0.909358
7056 0.909438 0.909224 0.909652 0.909358
7077 0.909434 0.90922 0.909648 0.909358
7098 0.909436 0.909222 0.90965 0.909358
7119 0.90944 0.909225 0.909654 0.909358
7140 0.909438 0.909224 0.909653 0.909358
7161 0.909439 0.909224 0.909653 0.909358
7182 0.909436 0.909221 0.90965 0.909358
7203 0.909434 0.909219 0.909648 0.909358
7224 0.909435 0.90922 0.909649 0.909358
7245 0.909435 0.909221 0.90965 0.909358
7266 0.909435 0.90922 0.90965 0.909358
7287 0.909431 0.909216 0.909646 0.909358
7308 0.909432 0.909217 0.909647 0.909359
7329 0.909431 0.909216 0.909646 0.909359
7350 0.909433 0.909218 0.909648 0.909359
7371 0.909435 0.909219 0.90965 0.909359
7392 0.909437 0.909222 0.909652 0.909359
7413 0.909435 0.90922 0.90965 0.909359
7434 0.909436 0.909221 0.909651 0.909359
7455 0.909442 0.909227 0.909657 0.909359
7476 0.909443 0.909228 0.909658 0.909359
7497 0.909442 0.909227 0.909658 0.909359
7518 0.90944 0.909224 0.909655 0.909359
7539 0.90944 0.909225 0.909656 0.909359
7560 0.909438 0.909223 0.909654 0.909359
7581 0.909441 0.909225 0.909656 0.909359
7602 0.909444 0.909229 0.90966 0.90936
7623 0.909442 0.909226 0.909658 0.90936
7644 0.909439 0.909223 0.909655 0.90936
7665 0.909438 0.909223 0.909654 0.90936
7686 0.90944 0.909224 0.909656 0.90936
7707 0.909442 0.909226 0.909658 0.90936
7728 0.909439 0.909224 0.909655 0.90936
7749 0.909438 0.909222 0.909654 0.90936
7770 0.90944 0.909224 0.909656 0.90936
7791 0.90944 0.909223 0.909656 0.90936
7812 0.909437 0.909221 0.909653 0.90936
7833 0.909434 0.909218 0.90965 0.90936
7854 0.909437 0.909221 0.909653 0.90936
7875 0.909433 0.909217 0.909649 0.90936
7896 0.909435 0.909219 0.909651 0.90936
7917 0.90943 0.909214 0.909646 0.90936
7938 0.90943 0.909214 0.909646 0.909361
7959 0.909429 0.909213 0.909645 0.909361
7980 0.909429 0.909213 0.909645 0.909361
8001 0.909427 0.909211 0.909643 0.909361
8022 0.909424 0.909208 0.90964 0.909361
8043 0.909421 0.909205 0.909637 0.909361
8064 0.909417 0.909201 0.909634 0.909361
8085 0.90942 0.909203 0.909636 0.909361
8106 0.909418 0.909201 0.909634 0.909361
8127 0.909421 0.909205 0.909638 0.909361
8148 0.909423 0.909207 0.90964 0.909361
8169 0.909426 0.909209 0.909643 0.909361
8190 0.909428 0.909212 0.909645 0.909361
8211 0.909428 0.909211 0.909645 0.909361
8232 0.909429 0.909212 0.909646 0.909361
8253 0.909429 0.909212 0.909645 0.909361
8274 0.909428 0.909211 0.909644 0.909361
8295 0.909423 0.909206 0.90964 0.909362
8316 0.909424 0.909208 0.909641 0.909362
8337 0.909425 0.909208 0.909642 0.909362
8358 0.909426 0.909209 0.909643 0.909362
8379 0.909428 0.909211 0.909645 0.909362
8400 0.909428 0.909211 0.909645 0.909362
8421 0.90943 0.909213 0.909647 0.909362
8442 0.909429 0.909212 0.909646 0.909362
8463 0.909429 0.909212 0.909646 0.909362
8484 0.909432 0.909215 0.909649 0.909362
8505 0.90943 0.909213 0.909648 0.909362
8526 0.90943 0.909213 0.909647 0.909362
8547 0.909431 0.909214 0.909648 0.909362
8568 0.90943 0.909213 0.909648 0.909362
8589 0.909431 0.909214 0.909649 0.909362
8610 0.909434 0.909217 0.909651 0.909362
8631 0.909435 0.909218 0.909652 0.909362
8652 0.909435 0.909218 0.909652 0.909362
8673 0.909438 0.909221 0.909655 0.909362
8694 0.909435 0.909217 0.909652 0.909363
8715 0.909434 0.909216 0.909651 0.909363
8736 0.909433 0.909216 0.909651 0.909363
8757 0.909434 0.909216 0.909651 0.909363
8778 0.909433 0.909215 0.90965 0.909363
8799 0.909432 0.909215 0.90965 0.909363
8820 0.909433 0.909215 0.90965 0.909363
8841 0.909433 0.909215 0.909651 0.909363
8862 0.909432 0.909214 0.909649 0.909363
8883 0.909433 0.909215 0.90965 0.909363
8904 0.909431 0.909213 0.909648 0.909363
8925 0.909429 0.909211 0.909646 0.909363
8946 0.909427 0.909209 0.909645 0.909363
8967 0.909426 0.909208 0.909644 0.909363
8988 0.909428 0.90921 0.909646 0.909363
9009 0.909429 0.909211 0.909647 0.909363
9030 0.909431 0.909213 0.909649 0.909363
9051 0.909432 0.909214 0.90965 0.909363
9072 0.909428 0.90921 0.909646 0.909363
9093 0.909426 0.909208 0.909644 0.909363
9114 0.909429 0.90921 0.909647 0.909363
9135 0.909429 0.909211 0.909647 0.909364
9156 0.909434 0.909215 0.909652 0.909364
9177 0.909436 0.909218 0.909654 0.909364
9198 0.909434 0.909216 0.909652 0.909364
9219 0.909433 0.909214 0.909651 0.909364
9240 0.909437 0.909218 0.909655 0.909364
9261 0.909436 0.909218 0.909655 0.909364
9282 0.909434 0.909216 0.909653 0.909364
9303 0.909436 0.909217 0.909654 0.909364
9324 0.909435 0.909217 0.909654 0.909364
9345 0.909435 0.909216 0.909653 0.909364
9366 0.909434 0.909216 0.909653 0.909364
9387 0.909434 0.909215 0.909652 0.909364
9408 0.909432 0.909213 0.909651 0.909364
9429 0.909436 0.909217 0.909654 0.909364
9450 0.909436 0.909217 0.909655 0.909364
9471 0.909436 0.909218 0.909655 0.909364
9492 0.909436 0.909217 0.909655 0.909364
9513 0.909436 0.909217 0.909655 0.909364
9534 0.909434 0.909216 0.909653 0.909364
9555 0.909437 0.909218 0.909656 0.909364
9576 0.909435 0.909216 0.909654 0.909364
9597 0.909437 0.909218 0.909656 0.909364
9618 0.909433 0.909214 0.909652 0.909365
9639 0.909433 0.909214 0.909652 0.909365
9660 0.909434 0.909215 0.909653 0.909365
9681 0.909433 0.909214 0.909652 0.909365
9702 0.909436 0.909217 0.909655 0.909365
9723 0.909438 0.909219 0.909657 0.909365
9744 0.909437 0.909218 0.909656 0.909365
9765 0.909439 0.90922 0.909658 0.909365
9786 0.909441 0.909222 0.90966 0.909365
9807 0.909443 0.909224 0.909662 0.909365
9828 0.90944 0.909221 0.90966 0.909365
9849 0.90944 0.909221 0.909659 0.909365
9870 0.90944 0.909221 0.909659 0.909365
9891 0.909441 0.909222 0.90966 0.909365
9912 0.909441 0.909222 0.90966 0.909365
9933 0.909439 0.90922 0.909659 0.909365
9954 0.909441 0.909221 0.90966 0.909365
9975 0.909438 0.909219 0.909658 0.909365
9996 0.909437 0.909218 0.909657 0.909365
10017 0.909438 0.909219 0.909658 0.909365
10038 0.909433 0.909213 0.909652 0.909365
10059 0.909433 0.909213 0.909652 0.909365
10080 0.909433 0.909213 0.909653 0.909365
10101 0.90943 0.90921 0.90965 0.909365
10122 0.90943 0.90921 0.90965 0.909365
10143 0.909429 0.90921 0.909649 0.909365
10164 0.90943 0.90921 0.90965 0.909366
10185 0.909428 0.909208 0.909648 0.909366
10206 0.909428 0.909208 0.909648 0.909366
10227 0.909426 0.909206 0.909646 0.909366
10248 0.909429 0.909209 0.909649 0.909366
10269 0.909428 0.909208 0.909648 0.909366
10290 0.909427 0.909207 0.909647 0.909366
10311 0.909431 0.909211 0.909651 0.909366
10332 0.909428 0.909208 0.909648 0.909366
10353 0.909427 0.909207 0.909647 0.909366
10374 0.909428 0.909208 0.909648 0.909366
10395 0.909427 0.909207 0.909647 0.909366
10416 0.909428 0.909208 0.909648 0.909366
10437 0.909429 0.909209 0.909649 0.909366
10458 0.909428 0.909208 0.909648 0.909366
10479 0.909428 0.909207 0.909648 0.909366
10500 0.909429 0.909209 0.909649 0.909366
10521 0.909431 0.909211 0.909651 0.909366
10542 0.909431 0.909211 0.909651 0.909366
10563 0.90943 0.90921 0.90965 0.909366
10584 0.90943 0.90921 0.90965 0.909366
10605 0.909433 0.909212 0.909653 0.909366
10626 0.909432 0.909212 0.909653 0.909366
10647 0.909433 0.909213 0.909653 0.909366
10668 0.909432 0.909212 0.909652 0.909366
10689 0.909434 0.909214 0.909654 0.909366
10710 0.909433 0.909213 0.909654 0.909366
10731 0.909432 0.909212 0.909653 0.909366
10752 0.909431 0.909211 0.909652 0.909366
10773 0.909432 0.909211 0.909652 0.909367
10794 0.909431 0.909211 0.909652 0.909367
10815 0.909431 0.909211 0.909652 0.909367
10836 0.90943 0.909209 0.90965 0.909367
10857 0.90943 0.909209 0.90965 0.909367
10878 0.90943 0.90921 0.909651 0.909367
10899 0.90943 0.909209 0.909651 0.909367
10920 0.909432 0.909211 0.909653 0.909367
10941 0.909432 0.909212 0.909653 0.909367
10962 0.909433 0.909212 0.909654 0.909367
10983 0.909436 0.909215 0.909656 0.909367
11004 0.909435 0.909214 0.909656 0.909367
11025 0.909433 0.909212 0.909654 0.909367
11046 0.909431 0.90921 0.909652 0.909367
11067 0.909432 0.909211 0.909653 0.909367
11088 0.90943 0.909209 0.909651 0.909367
11109 0.909431 0.90921 0.909651 0.909367
11130 0.909431 0.90921 0.909652 0.909367
11151 0.909434 0.909213 0.909654 0.909367
11172 0.909436 0.909215 0.909656 0.909367
11193 0.909437 0.909216 0.909658 0.909367
11214 0.909439 0.909218 0.90966 0.909367
11235 0.909439 0.909219 0.90966 0.909367
11256 0.90944 0.909219 0.909661 0.909367
11277 0.909441 0.90922 0.909661 0.909367
11298 0.909439 0.909219 0.90966 0.909367
11319 0.90944 0.909219 0.909661 0.909367
11340 0.909441 0.90922 0.909662 0.909367
11361 0.909442 0.909221 0.909663 0.909367
11382 0.909448 0.909227 0.909669 0.909367
11403 0.909451 0.90923 0.909672 0.909367
11424 0.909449 0.909228 0.90967 0.909367
11445 0.909454 0.909233 0.909675 0.909368
11466 0.909454 0.909233 0.909675 0.909368
11487 0.909454 0.909233 0.909675 0.909368
11508 0.909452 0.909231 0.909673 0.909368
11529 0.909453 0.909232 0.909674 0.909368
11550 0.909453 0.909232 0.909674 0.909368
11571 0.909452 0.909231 0.909673 0.909368
11592 0.90945 0.909228 0.909671 0.909368
11613 0.909446 0.909225 0.909667 0.909368
11634 0.909449 0.909228 0.90967 0.909368
11655 0.909451 0.90923 0.909672 0.909368
11676 0.909449 0.909228 0.90967 0.909368
11697 0.909449 0.909228 0.90967 0.909368
11718 0.909447 0.909225 0.909668 0.909368
11739 0.909449 0.909228 0.90967 0.909368
11760 0.909447 0.909226 0.909668 0.909368
11781 0.909448 0.909226 0.909669 0.909368
11802 0.909448 0.909226 0.909669 0.909368
11823 0.909445 0.909223 0.909666 0.909368
11844 0.909446 0.909225 0.909667 0.909368
11865 0.909447 0.909225 0.909668 0.909368
11886 0.909446 0.909224 0.909667 0.909368
11907 0.909447 0.909226 0.909668 0.909368
11928 0.909447 0.909225 0.909668 0.909368
11949 0.909449 0.909228 0.90967 0.909368
11970 0.909449 0.909228 0.909671 0.909368
11991 0.90945 0.909229 0.909672 0.909368
12012 0.909449 0.909227 0.90967 0.909368
12033 0.909449 0.909227 0.90967 0.909368
12054 0.909448 0.909226 0.909669 0.909368
12075 0.909446 0.909224 0.909667 0.909368
12096 0.909446 0.909224 0.909667 0.909368
12117 0.909445 0.909224 0.909667 0.909368
12138 0.909444 0.909223 0.909666 0.909368
12159 0.909444 0.909222 0.909665 0.909368
12180 0.909443 0.909221 0.909665 0.909368
12201 0.909444 0.909222 0.909666 0.909368
12222 0.909444 0.909222 0.909666 0.909369
12243 0.909445 0.909224 0.909667 0.909369
12264 0.909446 0.909225 0.909668 0.909369
12285 0.909444 0.909222 0.909666 0.909369
12306 0.909444 0.909222 0.909666 0.909369
12327 0.909444 0.909222 0.909666 0.909369
12348 0.909444 0.909222 0.909666 0.909369
12369 0.909444 0.909222 0.909666 0.909369
12390 0.909443 0.909221 0.909665 0.909369
12411 0.909443 0.909221 0.909665 0.909369
12432 0.909445 0.909223 0.909667 0.909369
12453 0.909444 0.909222 0.909666 0.909369
12474 0.909444 0.909221 0.909666 0.909369
12495 0.909442 0.90922 0.909664 0.909369
12516 0.909441 0.909219 0.909663 0.909369
12537 0.909442 0.90922 0.909664 0.909369
12558 0.909442 0.90922 0.909665 0.909369
12579 0.90944 0.909218 0.909663 0.909369
12600 0.909441 0.909219 0.909664 0.909369
12621 0.909441 0.909219 0.909663 0.909369
12642 0.909442 0.90922 0.909665 0.909369
12663 0.909443 0.909221 0.909665 0.909369
12684 0.909443 0.90922 0.909665 0.909369
12705 0.909444 0.909221 0.909666 0.909369
12726 0.909443 0.909221 0.909666 0.909369
12747 0.909443 0.909221 0.909666 0.909369
12768 0.909444 0.909221 0.909666 0.909369
12789 0.909441 0.909219 0.909664 0.909369
12810 0.909441 0.909219 0.909664 0.909369
12831 0.909442 0.90922 0.909665 0.909369
12852 0.909442 0.90922 0.909665 0.909369
12873 0.909446 0.909223 0.909668 0.909369
12894 0.909446 0.909223 0.909668 0.909369
12915 0.909447 0.909224 0.909669 0.909369
12936 0.909448 0.909225 0.90967 0.909369
12957 0.909447 0.909225 0.90967 0.909369
12978 0.90945 0.909227 0.909672 0.909369
12999 0.909451 0.909229 0.909673 0.909369
13020 0.909452 0.909229 0.909674 0.909369
13041 0.909453 0.90923 0.909675 0.909369
13062 0.909453 0.90923 0.909675 0.909369
13083 0.909454 0.909231 0.909676 0.90937
13104 0.909453 0.90923 0.909675 0.90937
13125 0.909453 0.909231 0.909676 0.90937
13146 0.909455 0.909232 0.909677 0.90937
13167 0.909454 0.909232 0.909677 0.90937
13188 0.909456 0.909233 0.909678 0.90937
13209 0.909456 0.909234 0.909679 0.90937
13230 0.909458 0.909235 0.90968 0.90937
13251 0.909457 0.909234 0.90968 0.90937
13272 0.909457 0.909234 0.909679 0.90937
13293 0.90946 0.909238 0.909683 0.90937
13314 0.909462 0.909239 0.909685 0.90937
13335 0.909462 0.909239 0.909685 0.90937
13356 0.909461 0.909238 0.909684 0.90937
13377 0.909461 0.909238 0.909683 0.90937
13398 0.909461 0.909239 0.909684 0.90937
13419 0.90946 0.909237 0.909683 0.90937
13440 0.90946 0.909238 0.909683 0.90937
13461 0.909461 0.909238 0.909683 0.90937
13482 0.90946 0.909237 0.909683 0.90937
13503 0.909461 0.909238 0.909683 0.90937
13524 0.90946 0.909237 0.909682 0.90937
13545 0.90946 0.909237 0.909682 0.90937
13566 0.909461 0.909238 0.909684 0.90937
13587 0.909461 0.909239 0.909684 0.90937
13608 0.909461 0.909238 0.909683 0.90937
13629 0.909459 0.909237 0.909682 0.90937
13650 0.909457 0.909234 0.909679 0.90937
13671 0.909458 0.909235 0.90968 0.90937
13692 0.909459 0.909236 0.909681 0.90937
13713 0.909458 0.909235 0.909681 0.90937
13734 0.90946 0.909237 0.909683 0.90937
13755 0.90946 0.909238 0.909683 0.90937
13776 0.909462 0.909239 0.909685 0.90937
13797 0.909462 0.909239 0.909685 0.90937
13818 0.909462 0.909239 0.909684 0.90937
13839 0.909461 0.909238 0.909683 0.90937
13860 0.90946 0.909237 0.909682 0.90937
13881 0.909462 0.909239 0.909685 0.90937
13902 0.909462 0.90924 0.909685 0.90937
13923 0.909466 0.909243 0.909689 0.90937
13944 0.909468 0.909245 0.909691 0.90937
13965 0.909467 0.909244 0.909689 0.90937
13986 0.909466 0.909243 0.909689 0.90937
14007 0.909466 0.909244 0.909689 0.90937
14028 0.909467 0.909244 0.90969 0.90937
14049 0.909467 0.909244 0.90969 0.90937
14070 0.909466 0.909243 0.909688 0.90937
14091 0.909464 0.909241 0.909687 0.90937
14112 0.909463 0.90924 0.909686 0.909371
14133 0.909464 0.909241 0.909687 0.909371
14154 0.909463 0.909241 0.909686 0.909371
14175 0.909465 0.909243 0.909688 0.909371
14196 0.909465 0.909242 0.909688 0.909371
14217 0.909464 0.909241 0.909686 0.909371
14238 0.909463 0.90924 0.909686 0.909371
14259 0.909465 0.909242 0.909688 0.909371
14280 0.909465 0.909242 0.909688 0.909371
14301 0.909464 0.909242 0.909687 0.909371
14322 0.909463 0.90924 0.909686 0.909371
14343 0.909465 0.909242 0.909688 0.909371
14364 0.909466 0.909243 0.909689 0.909371
14385 0.909464 0.909241 0.909687 0.909371
14406 0.909464 0.909241 0.909687 0.909371
14427 0.909463 0.90924 0.909686 0.909371
14448 0.909462 0.909239 0.909685 0.909371
14469 0.909462 0.909239 0.909685 0.909371
14490 0.90946 0.909237 0.909683 0.909371
14511 0.90946 0.909237 0.909683 0.909371
14532 0.909458 0.909235 0.909681 0.909371
14553 0.909457 0.909233 0.90968 0.909371
14574 0.909456 0.909233 0.909679 0.909371
14595 0.909457 0.909234 0.90968 0.909371
14616 0.909456 0.909232 0.909679 0.909371
14637 0.909454 0.909231 0.909677 0.909371
14658 0.909453 0.90923 0.909676 0.909371
14679 0.909452 0.909229 0.909675 0.909371
14700 0.909456 0.909233 0.909679 0.909371
14721 0.909456 0.909233 0.909679 0.909371
14742 0.909456 0.909232 0.909679 0.909371
14763 0.909455 0.909232 0.909678 0.909371
14784 0.909455 0.909232 0.909678 0.909371
14805 0.909455 0.909232 0.909678 0.909371
14826 0.909455 0.909232 0.909678 0.909371
14847 0.909455 0.909232 0.909679 0.909371
14868 0.909457 0.909233 0.90968 0.909371
14889 0.909456 0.909233 0.90968 0.909371
14910 0.909458 0.909235 0.909681 0.909371
14931 0.909459 0.909236 0.909682 0.909371
14952 0.909461 0.909238 0.909684 0.909371
14973 0.909459 0.909236 0.909683 0.909371
14994 0.909458 0.909235 0.909681 0.909371
15015 0.909457 0.909234 0.90968 0.909371
15036 0.909459 0.909236 0.909682 0.909371
15057 0.909457 0.909234 0.90968 0.909371
15078 0.909457 0.909234 0.90968 0.909371
15099 0.909456 0.909232 0.909679 0.909371
15120 0.909457 0.909233 0.90968 0.909371
15141 0.909457 0.909233 0.90968 0.909371
15162 0.909459 0.909236 0.909683 0.909371
15183 0.90946 0.909237 0.909683 0.909371
15204 0.909461 0.909238 0.909684 0.909371
15225 0.90946 0.909237 0.909683 0.909371
15246 0.909459 0.909236 0.909682 0.909371
15267 0.909458 0.909235 0.909682 0.909371
15288 0.909459 0.909235 0.909682 0.909371
15309 0.909457 0.909234 0.909681 0.909372
15330 0.909456 0.909232 0.909679 0.909372
15351 0.909457 0.909233 0.90968 0.909372
15372 0.909456 0.909233 0.909679 0.909372
15393 0.909455 0.909231 0.909678 0.909372
15414 0.909454 0.90923 0.909677 0.909372
15435 0.909454 0.909231 0.909678 0.909372
15456 0.909454 0.909231 0.909678 0.909372
15477 0.909453 0.909229 0.909676 0.909372
15498 0.909451 0.909227 0.909674 0.909372
15519 0.909451 0.909227 0.909674 0.909372
15540 0.909449 0.909225 0.909672 0.909372
15561 0.909448 0.909224 0.909671 0.909372
15582 0.909448 0.909225 0.909672 0.909372
15603 0.909448 0.909225 0.909672 0.909372
15624 0.909448 0.909224 0.909671 0.909372
15645 0.909449 0.909225 0.909672 0.909372
15666 0.90945 0.909227 0.909674 0.909372
15687 0.909451 0.909227 0.909675 0.909372
15708 0.909452 0.909228 0.909675 0.909372
15729 0.909454 0.90923 0.909677 0.909372
15750 0.909454 0.90923 0.909677 0.909372
15771 0.909453 0.909229 0.909677 0.909372
15792 0.909452 0.909229 0.909676 0.909372
15813 0.909452 0.909229 0.909676 0.909372
15834 0.909453 0.90923 0.909677 0.909372
15855 0.909455 0.909231 0.909678 0.909372
15876 0.909455 0.909231 0.909679 0.909372
15897 0.909457 0.909233 0.90968 0.909372
15918 0.909454 0.909231 0.909678 0.909372
15939 0.909457 0.909233 0.90968 0.909372
15960 0.909457 0.909233 0.909681 0.909372
15981 0.909456 0.909232 0.90968 0.909372
16002 0.909454 0.909231 0.909678 0.909372
16023 0.909454 0.909231 0.909678 0.909372
16044 0.909456 0.909232 0.909679 0.909372
16065 0.909455 0.909231 0.909679 0.909372
16086 0.909456 0.909233 0.90968 0.909372
16107 0.909456 0.909232 0.909679 0.909372
16128 0.909455 0.909231 0.909679 0.909372
16149 0.909454 0.90923 0.909677 0.909372
16170 0.909454 0.90923 0.909677 0.909372
16191 0.909454 0.90923 0.909677 0.909372
16212 0.909454 0.90923 0.909678 0.909372
16233 0.909455 0.909231 0.909679 0.909372
16254 0.909453 0.909229 0.909677 0.909372
16275 0.909453 0.909229 0.909677 0.909372
16296 0.909453 0.909229 0.909676 0.909372
16317 0.909453 0.909229 0.909676 0.909372
16338 0.909454 0.90923 0.909677 0.909372
16359 0.909454 0.90923 0.909678 0.909372
16380 0.909455 0.909231 0.909679 0.909372
16401 0.909454 0.90923 0.909678 0.909372
16422 0.909454 0.90923 0.909678 0.909372
16443 0.909454 0.90923 0.909677 0.909372
16464 0.909456 0.909232 0.90968 0.909372
16485 0.909456 0.909232 0.90968 0.909372
16506 0.909455 0.909231 0.909679 0.909372
16527 0.909456 0.909232 0.909679 0.909372
16548 0.909455 0.909231 0.909679 0.909372
16569 0.909455 0.909231 0.909679 0.909372
16590 0.909456 0.909232 0.90968 0.909372
16611 0.909455 0.909231 0.909679 0.909372
16632 0.909455 0.909231 0.909679 0.909372
16653 0.909456 0.909232 0.90968 0.909372
16674 0.909458 0.909234 0.909682 0.909372
16695 0.909458 0.909234 0.909682 0.909372
16716 0.90946 0.909236 0.909684 0.909373
16737 0.90946 0.909236 0.909684 0.909373
16758 0.90946 0.909236 0.909684 0.909373
16779 0.909459 0.909235 0.909683 0.909373
16800 0.909459 0.909235 0.909683 0.909373
16821 0.909459 0.909235 0.909683 0.909373
16842 0.909457 0.909233 0.909681 0.909373
16863 0.909459 0.909235 0.909683 0.909373
16884 0.909459 0.909235 0.909683 0.909373
16905 0.909458 0.909234 0.909683 0.909373
16926 0.909459 0.909235 0.909683 0.909373
16947 0.909461 0.909237 0.909685 0.909373
16968 0.909461 0.909237 0.909685 0.909373
16989 0.90946 0.909236 0.909684 0.909373
17010 0.909461 0.909237 0.909685 0.909373
17031 0.909463 0.909239 0.909687 0.909373
17052 0.909464 0.90924 0.909688 0.909373
17073 0.90946 0.909236 0.909684 0.909373
17094 0.909461 0.909237 0.909686 0.909373
17115 0.90946 0.909236 0.909684 0.909373
17136 0.909461 0.909236 0.909685 0.909373
17157 0.90946 0.909236 0.909684 0.909373
17178 0.909461 0.909237 0.909685 0.909373
17199 0.909463 0.909239 0.909687 0.909373
17220 0.909462 0.909238 0.909686 0.909373
17241 0.909462 0.909238 0.909686 0.909373
17262 0.909461 0.909237 0.909685 0.909373
17283 0.909462 0.909238 0.909686 0.909373
17304 0.909462 0.909238 0.909686 0.909373
17325 0.909464 0.90924 0.909688 0.909373
17346 0.909464 0.90924 0.909688 0.909373
17367 0.909464 0.90924 0.909688 0.909373
17388 0.909464 0.90924 0.909688 0.909373
17409 0.909464 0.90924 0.909688 0.909373
17430 0.909466 0.909242 0.90969 0.909373
17451 0.909465 0.909241 0.909689 0.909373
17472 0.909466 0.909242 0.90969 0.909373
17493 0.909466 0.909242 0.90969 0.909373
17514 0.909465 0.909241 0.909689 0.909373
17535 0.909467 0.909243 0.909691 0.909373
17556 0.909465 0.909241 0.909689 0.909373
17577 0.909465 0.909241 0.909689 0.909373
17598 0.909463 0.909239 0.909688 0.909373
17619 0.909462 0.909238 0.909687 0.909373
17640 0.909463 0.909239 0.909687 0.909373
17661 0.909462 0.909238 0.909687 0.909373
17682 0.909462 0.909238 0.909686 0.909373
17703 0.909462 0.909238 0.909686 0.909373
17724 0.909461 0.909236 0.909685 0.909373
17745 0.909457 0.909233 0.909682 0.909373
17766 0.909458 0.909233 0.909682 0.909373
17787 0.909459 0.909235 0.909683 0.909373
17808 0.90946 0.909236 0.909684 0.909373
17829 0.909459 0.909235 0.909683 0.909373
17850 0.909459 0.909235 0.909683 0.909373
17871 0.909457 0.909233 0.909681 0.909373
17892 0.909455 0.909231 0.909679 0.909373
17913 0.909455 0.90923 0.909679 0.909373
17934 0.909456 0.909231 0.90968 0.909373
17955 0.909456 0.909231 0.90968 0.909373
17976 0.909455 0.909231 0.909679 0.909373
17997 0.909454 0.90923 0.909679 0.909373
18018 0.909455 0.909231 0.90968 0.909373
18039 0.909457 0.909232 0.909681 0.909373
18060 0.909455 0.909231 0.909679 0.909373
18081 0.909455 0.909231 0.90968 0.909373
18102 0.909455 0.909231 0.90968 0.909373
18123 0.909454 0.90923 0.909679 0.909373
18144 0.909454 0.909229 0.909678 0.909373
18165 0.909454 0.90923 0.909678 0.909373
18186 0.909451 0.909227 0.909676 0.909373
18207 0.909452 0.909228 0.909677 0.909373
18228 0.909451 0.909226 0.909675 0.909373
18249 0.90945 0.909226 0.909675 0.909373
18270 0.909453 0.909229 0.909678 0.909373
18291 0.909453 0.909229 0.909678 0.909373
18312 0.909454 0.90923 0.909679 0.909373
18333 0.909453 0.909228 0.909677 0.909373
18354 0.909454 0.90923 0.909679 0.909373
18375 0.909453 0.909228 0.909678 0.909373
18396 0.909453 0.909229 0.909678 0.909374
18417 0.909454 0.909229 0.909678 0.909374
18438 0.909452 0.909227 0.909677 0.909374
18459 0.909452 0.909228 0.909677 0.909374
18480 0.909451 0.909227 0.909676 0.909374
18501 0.909452 0.909227 0.909677 0.909374
18522 0.909453 0.909228 0.909678 0.909374
18543 0.909453 0.909228 0.909678 0.909374
18564 0.909453 0.909228 0.909678 0.909374
18585 0.909454 0.909229 0.909678 0.909374
18606 0.909454 0.909229 0.909679 0.909374
18627 0.909452 0.909227 0.909677 0.909374
18648 0.909453 0.909228 0.909677 0.909374
18669 0.909453 0.909229 0.909678 0.909374
18690 0.909454 0.909229 0.909679 0.909374
18711 0.909452 0.909227 0.909677 0.909374
18732 0.909452 0.909228 0.909677 0.909374
18753 0.909454 0.909229 0.909679 0.909374
18774 0.909454 0.909229 0.909679 0.909374
18795 0.909455 0.90923 0.90968 0.909374
18816 0.909454 0.909229 0.909679 0.909374
18837 0.909453 0.909229 0.909678 0.909374
18858 0.909452 0.909227 0.909677 0.909374
18879 0.909452 0.909227 0.909677 0.909374
18900 0.909453 0.909228 0.909678 0.909374
18921 0.909454 0.909229 0.909679 0.909374
18942 0.909454 0.909229 0.909679 0.909374
18963 0.909453 0.909228 0.909678 0.909374
18984 0.90945 0.909225 0.909675 0.909374
19005 0.90945 0.909225 0.909675 0.909374
19026 0.909451 0.909226 0.909676 0.909374
19047 0.909451 0.909226 0.909676 0.909374
19068 0.909451 0.909226 0.909676 0.909374
19089 0.909451 0.909226 0.909676 0.909374
19110 0.909449 0.909224 0.909674 0.909374
19131 0.90945 0.909225 0.909675 0.909374
19152 0.90945 0.909225 0.909675 0.909374
19173 0.909451 0.909226 0.909676 0.909374
19194 0.909451 0.909226 0.909676 0.909374
19215 0.909451 0.909226 0.909676 0.909374
19236 0.909451 0.909226 0.909676 0.909374
19257 0.909452 0.909227 0.909677 0.909374
19278 0.909451 0.909226 0.909676 0.909374
19299 0.90945 0.909225 0.909675 0.909374
19320 0.90945 0.909225 0.909675 0.909374
19341 0.909449 0.909224 0.909674 0.909374
19362 0.909448 0.909223 0.909673 0.909374
19383 0.909449 0.909224 0.909674 0.909374
19404 0.90945 0.909225 0.909676 0.909374
19425 0.909452 0.909227 0.909677 0.909374
19446 0.909453 0.909228 0.909678 0.909374
19467 0.909453 0.909228 0.909678 0.909374
19488 0.909453 0.909228 0.909678 0.909374
19509 0.909452 0.909227 0.909677 0.909374
19530 0.909451 0.909226 0.909676 0.909374
19551 0.909451 0.909226 0.909677 0.909374
19572 0.909451 0.909226 0.909676 0.909374
19593 0.909451 0.909226 0.909676 0.909374
19614 0.909451 0.909226 0.909676 0.909374
19635 0.909451 0.909226 0.909676 0.909374
19656 0.909451 0.909226 0.909676 0.909374
19677 0.90945 0.909225 0.909675 0.909374
19698 0.90945 0.909225 0.909675 0.909374
19719 0.909451 0.909226 0.909676 0.909374
19740 0.909453 0.909228 0.909678 0.909374
19761 0.909452 0.909226 0.909677 0.909374
19782 0.90945 0.909225 0.909676 0.909374
19803 0.909451 0.909226 0.909676 0.909374
19824 0.909451 0.909226 0.909676 0.909374
19845 0.909452 0.909227 0.909678 0.909374
19866 0.909451 0.909226 0.909676 0.909374
19887 0.909451 0.909226 0.909676 0.909374
19908 0.909451 0.909226 0.909677 0.909374
19929 0.909452 0.909227 0.909678 0.909374
19950 0.909453 0.909227 0.909678 0.909374
19971 0.909452 0.909227 0.909677 0.909374
19992 0.909454 0.909229 0.909679 0.909374
20013 0.909453 0.909227 0.909678 0.909374
20034 0.909451 0.909226 0.909677 0.909374
20055 0.909452 0.909227 0.909677 0.909374
20076 0.909452 0.909227 0.909677 0.909374
20097 0.909452 0.909227 0.909677 0.909374
20118 0.909453 0.909228 0.909678 0.909374
20139 0.909453 0.909228 0.909679 0.909374
20160 0.909453 0.909228 0.909679 0.909374
20181 0.909452 0.909227 0.909678 0.909374
20202 0.909452 0.909226 0.909677 0.909374
20223 0.909452 0.909227 0.909677 0.909374
20244 0.909453 0.909228 0.909679 0.909374
20265 0.909453 0.909228 0.909678 0.909374
20286 0.909453 0.909228 0.909678 0.909374
20307 0.909454 0.909229 0.909679 0.909374
20328 0.909453 0.909227 0.909678 0.909374
20349 0.909452 0.909227 0.909677 0.909374
20370 0.909452 0.909227 0.909678 0.909374
20391 0.909452 0.909227 0.909678 0.909374
20412 0.909453 0.909228 0.909678 0.909374
20433 0.909453 0.909227 0.909678 0.909374
20454 0.909451 0.909226 0.909677 0.909374
20475 0.909451 0.909225 0.909676 0.909375
20496 0.909451 0.909226 0.909676 0.909375
20517 0.909451 0.909226 0.909676 0.909375
20538 0.909451 0.909226 0.909677 0.909375
20559 0.909453 0.909227 0.909678 0.909375
20580 0.909453 0.909227 0.909678 0.909375
20601 0.909452 0.909227 0.909678 0.909375
20622 0.909452 0.909226 0.909677 0.909375
20643 0.909452 0.909227 0.909678 0.909375
20664 0.909452 0.909227 0.909678 0.909375
20685 0.909452 0.909226 0.909677 0.909375
20706 0.909453 0.909228 0.909679 0.909375
20727 0.909456 0.90923 0.909681 0.909375
20748 0.909456 0.90923 0.909681 0.909375
20769 0.909455 0.90923 0.909681 0.909375
20790 0.909455 0.909229 0.90968 0.909375
20811 0.909455 0.909229 0.90968 0.909375
20832 0.909455 0.90923 0.909681 0.909375
20853 0.909454 0.909229 0.90968 0.909375
20874 0.909454 0.909229 0.90968 0.909375
20895 0.909455 0.909229 0.90968 0.909375
20916 0.909455 0.909229 0.90968 0.909375
20937 0.909455 0.90923 0.909681 0.909375
20958 0.909455 0.90923 0.909681 0.909375
20979 0.909456 0.90923 0.909681 0.909375
21000 0.909456 0.90923 0.909682 0.909375
21021 0.909455 0.909229 0.90968 0.909375
21042 0.909456 0.90923 0.909681 0.909375
21063 0.909455 0.909229 0.90968 0.909375
21084 0.909454 0.909229 0.90968 0.909375
21105 0.909454 0.909229 0.90968 0.909375
21126 0.909454 0.909228 0.909679 0.909375
21147 0.909454 0.909229 0.90968 0.909375
21168 0.909454 0.909228 0.90968 0.909375
21189 0.909454 0.909228 0.909679 0.909375
21210 0.909452 0.909226 0.909678 0.909375
21231 0.909452 0.909226 0.909677 0.909375
21252 0.909451 0.909225 0.909677 0.909375
21273 0.909451 0.909225 0.909676 0.909375
21294 0.909451 0.909225 0.909676 0.909375
21315 0.909451 0.909226 0.909677 0.909375
21336 0.90945 0.909224 0.909675 0.909375
21357 0.90945 0.909224 0.909675 0.909375
21378 0.90945 0.909224 0.909675 0.909375
21399 0.909449 0.909223 0.909675 0.909375
21420 0.909448 0.909223 0.909674 0.909375
21441 0.909448 0.909222 0.909674 0.909375
21462 0.909449 0.909223 0.909675 0.909375
21483 0.90945 0.909224 0.909675 0.909375
21504 0.909448 0.909223 0.909674 0.909375
21525 0.909448 0.909222 0.909674 0.909375
21546 0.909449 0.909223 0.909674 0.909375
21567 0.90945 0.909224 0.909675 0.909375
21588 0.90945 0.909224 0.909675 0.909375
21609 0.90945 0.909224 0.909676 0.909375
21630 0.909449 0.909224 0.909675 0.909375
21651 0.909449 0.909223 0.909674 0.909375
21672 0.909448 0.909223 0.909674 0.909375
21693 0.909449 0.909223 0.909675 0.909375
21714 0.909448 0.909222 0.909673 0.909375
21735 0.909448 0.909222 0.909674 0.909375
21756 0.909447 0.909221 0.909673 0.909375
21777 0.909446 0.90922 0.909672 0.909375
21798 0.909447 0.909221 0.909672 0.909375
21819 0.909447 0.909221 0.909672 0.909375
21840 0.909447 0.909222 0.909673 0.909375
21861 0.909449 0.909224 0.909675 0.909375
21882 0.90945 0.909224 0.909676 0.909375
21903 0.909451 0.909225 0.909676 0.909375
21924 0.90945 0.909225 0.909676 0.909375
21945 0.90945 0.909224 0.909676 0.909375
21966 0.90945 0.909225 0.909676 0.909375
21987 0.909451 0.909225 0.909676 0.909375
22008 0.909452 0.909226 0.909677 0.909375
22029 0.909451 0.909225 0.909676 0.909375
