//total_population estimated_relatedness lower_bound upper_bound relatedness
550 0.83441 0.83441 0.83441 0.83441
561 0.834427 0.834372 0.834482 0.834421
572 0.834388 0.834311 0.834465 0.834433
583 0.834412 0.834318 0.834506 0.834444
594 0.834393 0.834286 0.834501 0.834454
605 0.834429 0.834309 0.834548 0.834464
616 0.83442 0.834291 0.83455 0.834474
627 0.834429 0.83429 0.834568 0.834484
638 0.834514 0.834367 0.834661 0.834493
649 0.834515 0.834361 0.834668 0.834501
660 0.834505 0.834344 0.834666 0.83451
671 0.83453 0.834362 0.834697 0.834518
682 0.834493 0.834319 0.834667 0.834526
693 0.834515 0.834335 0.834695 0.834534
704 0.834529 0.834345 0.834714 0.834541
715 0.834538 0.834349 0.834727 0.834549
726 0.834551 0.834357 0.834745 0.834556
737 0.834565 0.834367 0.834763 0.834562
748 0.834565 0.834362 0.834767 0.834569
759 0.834571 0.834364 0.834778 0.834575
770 0.834565 0.834354 0.834775 0.834582
781 0.834557 0.834342 0.834772 0.834588
792 0.834563 0.834345 0.834781 0.834594
803 0.834536 0.834314 0.834758 0.834599
814 0.834507 0.834281 0.834732 0.834605
825 0.834508 0.834279 0.834736 0.83461
836 0.834504 0.834272 0.834736 0.834616
847 0.834501 0.834266 0.834736 0.834621
858 0.834515 0.834277 0.834753 0.834626
869 0.834533 0.834293 0.834774 0.834631
880 0.834566 0.834323 0.834809 0.834635
891 0.83456 0.834313 0.834806 0.83464
902 0.834553 0.834305 0.834801 0.834644
913 0.834545 0.834295 0.834796 0.834649
924 0.834545 0.834291 0.834798 0.834653
935 0.834544 0.834288 0.8348 0.834657
946 0.834518 0.83426 0.834776 0.834662
957 0.834484 0.834224 0.834744 0.834666
968 0.83449 0.834228 0.834752 0.834669
979 0.834492 0.834228 0.834756 0.834673
990 0.834467 0.834201 0.834732 0.834677
1001 0.834465 0.834198 0.834733 0.834681
1012 0.834474 0.834205 0.834742 0.834684
1023 0.834458 0.834188 0.834728 0.834688
1034 0.834425 0.834153 0.834697 0.834691
1045 0.834426 0.834152 0.834699 0.834695
1056 0.834431 0.834155 0.834706 0.834698
1067 0.834429 0.834152 0.834706 0.834701
1078 0.834423 0.834145 0.834702 0.834704
1089 0.83443 0.83415 0.83471 0.834707
1100 0.834426 0.834144 0.834707 0.83471
1111 0.834389 0.834107 0.834672 0.834713
1122 0.834381 0.834097 0.834664 0.834716
1133 0.834382 0.834097 0.834666 0.834719
1144 0.83438 0.834095 0.834666 0.834722
1155 0.834384 0.834097 0.834671 0.834725
1166 0.834417 0.834129 0.834705 0.834727
1177 0.834412 0.834122 0.834701 0.83473
1188 0.834426 0.834136 0.834716 0.834733
1199 0.834428 0.834137 0.83472 0.834735
1210 0.834451 0.834158 0.834744 0.834738
1221 0.834435 0.83414 0.834729 0.83474
1232 0.834444 0.834149 0.834739 0.834743
1243 0.834444 0.834148 0.83474 0.834745
1254 0.834447 0.834149 0.834744 0.834747
1265 0.834463 0.834165 0.834761 0.83475
1276 0.834485 0.834186 0.834784 0.834752
1287 0.834494 0.834193 0.834794 0.834754
1298 0.834491 0.834189 0.834792 0.834756
1309 0.834487 0.834185 0.834789 0.834758
1320 0.834481 0.834178 0.834784 0.834761
1331 0.83448 0.834176 0.834785 0.834763
1342 0.83448 0.834175 0.834786 0.834765
1353 0.834471 0.834165 0.834777 0.834767
1364 0.83448 0.834173 0.834787 0.834769
1375 0.834481 0.834172 0.834789 0.834771
1386 0.83448 0.834171 0.83479 0.834772
1397 0.834482 0.834172 0.834791 0.834774
1408 0.834468 0.834158 0.834779 0.834776
1419 0.834465 0.834153 0.834776 0.834778
1430 0.834461 0.834149 0.834773 0.83478
1441 0.834473 0.83416 0.834786 0.834782
1452 0.834498 0.834185 0.834812 0.834783
1463 0.834505 0.83419 0.83482 0.834785
1474 0.834502 0.834186 0.834817 0.834787
1485 0.834523 0.834207 0.834839 0.834788
1496 0.834519 0.834202 0.834836 0.83479
1507 0.834506 0.834188 0.834824 0.834792
1518 0.834504 0.834186 0.834823 0.834793
1529 0.834511 0.834192 0.83483 0.834795
1540 0.8345 0.83418 0.83482 0.834796
1551 0.834501 0.834181 0.834822 0.834798
1562 0.834507 0.834186 0.834828 0.834799
1573 0.834506 0.834185 0.834828 0.834801
1584 0.834501 0.834179 0.834823 0.834802
1595 0.834511 0.834188 0.834833 0.834804
1606 0.834523 0.8342 0.834846 0.834805
1617 0.834525 0.834202 0.834848 0.834807
1628 0.83453 0.834207 0.834854 0.834808
1639 0.834539 0.834215 0.834863 0.834809
1650 0.834534 0.834209 0.834858 0.834811
1661 0.834541 0.834216 0.834867 0.834812
1672 0.834548 0.834222 0.834874 0.834813
1683 0.834538 0.834212 0.834864 0.834815
1694 0.834529 0.834202 0.834856 0.834816
1705 0.834533 0.834205 0.83486 0.834817
1716 0.834533 0.834205 0.834861 0.834818
1727 0.834526 0.834197 0.834854 0.83482
1738 0.834529 0.834201 0.834858 0.834821
1749 0.83453 0.834201 0.834859 0.834822
1760 0.834539 0.834209 0.834868 0.834823
1771 0.834541 0.834211 0.834871 0.834824
1782 0.834534 0.834203 0.834864 0.834825
1793 0.834535 0.834204 0.834866 0.834827
1804 0.834531 0.834199 0.834862 0.834828
1815 0.834536 0.834204 0.834868 0.834829
1826 0.834538 0.834206 0.83487 0.83483
1837 0.834538 0.834205 0.834871 0.834831
1848 0.834546 0.834213 0.834879 0.834832
1859 0.834542 0.834209 0.834876 0.834833
1870 0.834553 0.834219 0.834887 0.834834
1881 0.834557 0.834223 0.834892 0.834835
1892 0.834551 0.834216 0.834886 0.834836
1903 0.834548 0.834213 0.834883 0.834837
1914 0.834555 0.834219 0.834891 0.834838
1925 0.834572 0.834236 0.834909 0.834839
1936 0.834568 0.834231 0.834905 0.83484
1947 0.834574 0.834237 0.83491 0.834841
1958 0.834581 0.834244 0.834919 0.834842
1969 0.834596 0.834258 0.834933 0.834843
1980 0.834607 0.834269 0.834945 0.834844
1991 0.834608 0.834269 0.834946 0.834845
2002 0.8346 0.834262 0.834939 0.834846
2013 0.834602 0.834263 0.834941 0.834847
2024 0.8346 0.83426 0.834939 0.834848
2035 0.834612 0.834273 0.834951 0.834848
2046 0.834633 0.834293 0.834973 0.834849
2057 0.834645 0.834305 0.834985 0.83485
2068 0.834654 0.834314 0.834994 0.834851
2079 0.834675 0.834334 0.835015 0.834852
2090 0.83466 0.834319 0.835001 0.834853
2101 0.834671 0.83433 0.835012 0.834854
2112 0.834668 0.834327 0.83501 0.834854
2123 0.834662 0.83432 0.835004 0.834855
2134 0.834675 0.834333 0.835017 0.834856
2145 0.834682 0.83434 0.835024 0.834857
2156 0.834693 0.834351 0.835036 0.834858
2167 0.834706 0.834363 0.835049 0.834858
2178 0.834704 0.834361 0.835047 0.834859
2189 0.834704 0.834361 0.835047 0.83486
2200 0.834706 0.834362 0.835049 0.834861
2211 0.834719 0.834375 0.835062 0.834861
2222 0.83471 0.834366 0.835054 0.834862
2233 0.834711 0.834367 0.835054 0.834863
2244 0.834715 0.83437 0.835059 0.834864
2255 0.834722 0.834377 0.835066 0.834864
2266 0.834723 0.834378 0.835068 0.834865
2277 0.83473 0.834385 0.835075 0.834866
2288 0.83474 0.834395 0.835086 0.834866
2299 0.83475 0.834405 0.835096 0.834867
2310 0.834762 0.834416 0.835107 0.834868
2321 0.834771 0.834425 0.835117 0.834868
2332 0.834764 0.834418 0.835111 0.834869
2343 0.83477 0.834423 0.835117 0.83487
2354 0.834771 0.834424 0.835118 0.83487
2365 0.83477 0.834423 0.835117 0.834871
2376 0.834772 0.834425 0.83512 0.834872
2387 0.834777 0.834429 0.835125 0.834872
2398 0.834777 0.834429 0.835125 0.834873
2409 0.834777 0.834429 0.835125 0.834874
2420 0.834775 0.834427 0.835124 0.834874
2431 0.834768 0.834419 0.835116 0.834875
2442 0.834768 0.834419 0.835118 0.834876
2453 0.834764 0.834415 0.835113 0.834876
2464 0.834764 0.834414 0.835113 0.834877
2475 0.834764 0.834414 0.835113 0.834877
2486 0.834768 0.834418 0.835118 0.834878
2497 0.834773 0.834422 0.835123 0.834879
2508 0.834772 0.834422 0.835123 0.834879
2519 0.834771 0.83442 0.835121 0.83488
2530 0.834777 0.834426 0.835128 0.83488
2541 0.834772 0.834421 0.835123 0.834881
2552 0.834776 0.834424 0.835127 0.834881
2563 0.834768 0.834416 0.83512 0.834882
2574 0.834772 0.83442 0.835124 0.834882
2585 0.834774 0.834422 0.835126 0.834883
2596 0.834769 0.834417 0.835121 0.834884
2607 0.834764 0.834412 0.835117 0.834884
2618 0.834782 0.834429 0.835134 0.834885
2629 0.834772 0.83442 0.835125 0.834885
2640 0.834765 0.834412 0.835117 0.834886
2651 0.834767 0.834415 0.83512 0.834886
2662 0.834781 0.834428 0.835134 0.834887
2673 0.834781 0.834428 0.835134 0.834887
2684 0.83478 0.834427 0.835134 0.834888
2695 0.834789 0.834435 0.835142 0.834888
2706 0.834785 0.834431 0.835139 0.834889
2717 0.834784 0.834431 0.835138 0.834889
2728 0.834786 0.834432 0.835139 0.83489
2739 0.834783 0.834429 0.835138 0.83489
2750 0.834783 0.834429 0.835137 0.834891
2761 0.834792 0.834438 0.835146 0.834891
2772 0.834799 0.834445 0.835153 0.834892
2783 0.834796 0.834442 0.835151 0.834892
2794 0.834795 0.834441 0.83515 0.834893
2805 0.834791 0.834436 0.835146 0.834893
2816 0.834792 0.834437 0.835147 0.834894
2827 0.834786 0.83443 0.835141 0.834894
2838 0.834784 0.834429 0.835139 0.834894
2849 0.834781 0.834426 0.835137 0.834895
2860 0.834776 0.83442 0.835132 0.834895
2871 0.834773 0.834416 0.835129 0.834896
2882 0.834776 0.83442 0.835133 0.834896
2893 0.834781 0.834425 0.835138 0.834897
2904 0.834771 0.834415 0.835128 0.834897
2915 0.83477 0.834413 0.835127 0.834897
2926 0.834767 0.83441 0.835124 0.834898
2937 0.834767 0.83441 0.835124 0.834898
2948 0.834766 0.834409 0.835123 0.834899
2959 0.834765 0.834408 0.835123 0.834899
2970 0.834774 0.834416 0.835131 0.8349
2981 0.834781 0.834423 0.835139 0.8349
2992 0.834776 0.834418 0.835134 0.8349
3003 0.834772 0.834414 0.835131 0.834901
3014 0.834768 0.834409 0.835126 0.834901
3025 0.834772 0.834413 0.83513 0.834902
3036 0.834777 0.834418 0.835135 0.834902
3047 0.834775 0.834416 0.835134 0.834902
3058 0.834769 0.83441 0.835128 0.834903
3069 0.834769 0.83441 0.835128 0.834903
3080 0.834766 0.834407 0.835126 0.834904
3091 0.834767 0.834407 0.835126 0.834904
3102 0.83476 0.8344 0.835119 0.834904
3113 0.834758 0.834399 0.835118 0.834905
3124 0.834763 0.834404 0.835123 0.834905
3135 0.834756 0.834396 0.835116 0.834905
3146 0.834755 0.834395 0.835115 0.834906
3157 0.834753 0.834393 0.835113 0.834906
3168 0.834756 0.834396 0.835117 0.834907
3179 0.834751 0.83439 0.835111 0.834907
3190 0.834752 0.834392 0.835112 0.834907
3201 0.834749 0.834388 0.835109 0.834908
3212 0.834747 0.834386 0.835108 0.834908
3223 0.834751 0.834391 0.835112 0.834908
3234 0.834752 0.834391 0.835113 0.834909
3245 0.834754 0.834393 0.835115 0.834909
3256 0.834757 0.834395 0.835118 0.834909
3267 0.834754 0.834393 0.835116 0.83491
3278 0.834754 0.834393 0.835116 0.83491
3289 0.834755 0.834394 0.835117 0.83491
3300 0.834748 0.834386 0.83511 0.834911
3311 0.834745 0.834384 0.835107 0.834911
3322 0.834747 0.834385 0.835109 0.834911
3333 0.834746 0.834384 0.835108 0.834912
3344 0.834744 0.834381 0.835106 0.834912
3355 0.834741 0.834378 0.835104 0.834912
3366 0.834736 0.834373 0.835099 0.834913
3377 0.834736 0.834373 0.835099 0.834913
3388 0.834739 0.834376 0.835102 0.834913
3399 0.834741 0.834378 0.835104 0.834914
3410 0.834738 0.834374 0.835101 0.834914
3421 0.834733 0.83437 0.835097 0.834914
3432 0.834736 0.834373 0.8351 0.834915
3443 0.834735 0.834372 0.835099 0.834915
3454 0.834742 0.834378 0.835106 0.834915
3465 0.834751 0.834388 0.835115 0.834915
3476 0.834756 0.834392 0.83512 0.834916
3487 0.834751 0.834387 0.835115 0.834916
3498 0.834745 0.83438 0.835109 0.834916
3509 0.834744 0.834379 0.835108 0.834917
3520 0.834739 0.834374 0.835103 0.834917
3531 0.834744 0.834379 0.835108 0.834917
3542 0.834744 0.83438 0.835109 0.834918
3553 0.834746 0.834381 0.835111 0.834918
3564 0.834743 0.834378 0.835108 0.834918
3575 0.834746 0.834381 0.835111 0.834918
3586 0.83475 0.834384 0.835115 0.834919
3597 0.834754 0.834388 0.83512 0.834919
3608 0.834754 0.834388 0.83512 0.834919
3619 0.834749 0.834383 0.835115 0.83492
3630 0.834748 0.834382 0.835114 0.83492
3641 0.834754 0.834388 0.83512 0.83492
3652 0.834754 0.834388 0.835121 0.83492
3663 0.834756 0.83439 0.835122 0.834921
3674 0.834761 0.834395 0.835128 0.834921
3685 0.834761 0.834394 0.835127 0.834921
3696 0.834758 0.834392 0.835125 0.834921
3707 0.834762 0.834395 0.835129 0.834922
3718 0.834756 0.83439 0.835123 0.834922
3729 0.834762 0.834395 0.835128 0.834922
3740 0.83476 0.834394 0.835127 0.834922
3751 0.834764 0.834398 0.835131 0.834923
3762 0.834771 0.834405 0.835138 0.834923
3773 0.834775 0.834409 0.835142 0.834923
3784 0.83478 0.834413 0.835147 0.834923
3795 0.834779 0.834412 0.835146 0.834924
3806 0.834776 0.83441 0.835143 0.834924
3817 0.834773 0.834406 0.83514 0.834924
3828 0.834776 0.834409 0.835143 0.834925
3839 0.834776 0.834409 0.835143 0.834925
3850 0.834779 0.834412 0.835146 0.834925
3861 0.834777 0.83441 0.835144 0.834925
3872 0.834782 0.834415 0.835149 0.834925
3883 0.834787 0.83442 0.835154 0.834926
3894 0.834791 0.834424 0.835159 0.834926
3905 0.834793 0.834425 0.83516 0.834926
3916 0.834788 0.83442 0.835156 0.834926
3927 0.834793 0.834425 0.83516 0.834927
3938 0.834798 0.83443 0.835166 0.834927
3949 0.834798 0.83443 0.835167 0.834927
3960 0.834798 0.83443 0.835166 0.834927
3971 0.834799 0.83443 0.835167 0.834928
3982 0.834801 0.834433 0.83517 0.834928
3993 0.834801 0.834433 0.83517 0.834928
4004 0.834798 0.834429 0.835166 0.834928
4015 0.834796 0.834427 0.835164 0.834929
4026 0.834796 0.834427 0.835165 0.834929
4037 0.834797 0.834428 0.835166 0.834929
4048 0.834801 0.834432 0.83517 0.834929
4059 0.834802 0.834432 0.835171 0.834929
4070 0.834801 0.834432 0.83517 0.83493
4081 0.834793 0.834423 0.835162 0.83493
4092 0.834792 0.834423 0.835162 0.83493
4103 0.834793 0.834424 0.835163 0.83493
4114 0.834793 0.834424 0.835163 0.83493
4125 0.834786 0.834416 0.835155 0.834931
4136 0.834785 0.834416 0.835155 0.834931
4147 0.83479 0.83442 0.83516 0.834931
4158 0.834792 0.834422 0.835162 0.834931
4169 0.834788 0.834418 0.835158 0.834932
4180 0.834785 0.834415 0.835155 0.834932
4191 0.834788 0.834418 0.835158 0.834932
4202 0.834785 0.834414 0.835155 0.834932
4213 0.834781 0.834411 0.835151 0.834932
4224 0.834781 0.83441 0.835151 0.834933
4235 0.834781 0.83441 0.835151 0.834933
4246 0.834777 0.834406 0.835147 0.834933
4257 0.834778 0.834407 0.835148 0.834933
4268 0.83478 0.834409 0.835151 0.834933
4279 0.834784 0.834414 0.835155 0.834934
4290 0.83479 0.834419 0.835161 0.834934
4301 0.834788 0.834417 0.835159 0.834934
4312 0.834793 0.834422 0.835164 0.834934
4323 0.834791 0.83442 0.835162 0.834934
4334 0.834796 0.834425 0.835167 0.834935
4345 0.834796 0.834425 0.835167 0.834935
4356 0.834798 0.834427 0.835169 0.834935
4367 0.834796 0.834425 0.835167 0.834935
4378 0.834791 0.83442 0.835162 0.834935
4389 0.834781 0.83441 0.835152 0.834936
4400 0.834768 0.834397 0.83514 0.834936
4411 0.834769 0.834398 0.835141 0.834936
4422 0.834773 0.834401 0.835144 0.834936
4433 0.83478 0.834408 0.835151 0.834936
4444 0.834783 0.834411 0.835155 0.834936
4455 0.834785 0.834413 0.835157 0.834937
4466 0.834791 0.834419 0.835163 0.834937
4477 0.834784 0.834412 0.835156 0.834937
4488 0.834778 0.834406 0.83515 0.834937
4499 0.834781 0.834409 0.835153 0.834937
4510 0.834782 0.83441 0.835154 0.834938
4521 0.834778 0.834406 0.83515 0.834938
4532 0.834781 0.834408 0.835153 0.834938
4543 0.83478 0.834408 0.835152 0.834938
4554 0.834781 0.834409 0.835153 0.834938
4565 0.834783 0.834411 0.835155 0.834938
4576 0.83478 0.834408 0.835152 0.834939
4587 0.834785 0.834412 0.835157 0.834939
4598 0.834776 0.834404 0.835148 0.834939
4609 0.834775 0.834403 0.835148 0.834939
4620 0.834774 0.834402 0.835147 0.834939
4631 0.834774 0.834402 0.835147 0.834939
4642 0.834776 0.834403 0.835149 0.83494
4653 0.834777 0.834404 0.835149 0.83494
4664 0.834778 0.834405 0.835151 0.83494
4675 0.834776 0.834403 0.835149 0.83494
4686 0.834775 0.834402 0.835148 0.83494
4697 0.834778 0.834405 0.835151 0.83494
4708 0.834776 0.834404 0.835149 0.834941
4719 0.834778 0.834405 0.835151 0.834941
4730 0.834781 0.834408 0.835154 0.834941
4741 0.83478 0.834407 0.835153 0.834941
4752 0.834775 0.834403 0.835148 0.834941
4763 0.834778 0.834405 0.835151 0.834941
4774 0.834775 0.834402 0.835149 0.834942
4785 0.834773 0.8344 0.835146 0.834942
4796 0.834777 0.834404 0.835151 0.834942
4807 0.834776 0.834403 0.83515 0.834942
4818 0.834777 0.834404 0.835151 0.834942
4829 0.834772 0.834398 0.835145 0.834942
4840 0.834776 0.834402 0.835149 0.834943
4851 0.834781 0.834407 0.835154 0.834943
4862 0.834776 0.834403 0.83515 0.834943
4873 0.834782 0.834408 0.835156 0.834943
4884 0.834777 0.834403 0.835151 0.834943
4895 0.834784 0.83441 0.835158 0.834943
4906 0.834789 0.834416 0.835163 0.834943
4917 0.834789 0.834415 0.835163 0.834944
4928 0.834791 0.834417 0.835165 0.834944
4939 0.834788 0.834414 0.835162 0.834944
4950 0.834789 0.834415 0.835163 0.834944
4961 0.834786 0.834412 0.83516 0.834944
4972 0.834785 0.834411 0.83516 0.834944
4983 0.834788 0.834414 0.835163 0.834944
4994 0.834791 0.834417 0.835165 0.834945
5005 0.83479 0.834416 0.835164 0.834945
5016 0.83479 0.834416 0.835165 0.834945
5027 0.834786 0.834412 0.83516 0.834945
5038 0.834788 0.834414 0.835163 0.834945
5049 0.834791 0.834417 0.835166 0.834945
5060 0.834794 0.834419 0.835168 0.834945
5071 0.8348 0.834426 0.835175 0.834946
5082 0.834798 0.834423 0.835172 0.834946
5093 0.834799 0.834425 0.835174 0.834946
5104 0.834803 0.834428 0.835178 0.834946
5115 0.834799 0.834424 0.835174 0.834946
5126 0.834803 0.834428 0.835178 0.834946
5137 0.834808 0.834433 0.835183 0.834946
5148 0.834813 0.834438 0.835189 0.834947
5159 0.834811 0.834435 0.835186 0.834947
5170 0.834809 0.834434 0.835184 0.834947
5181 0.834814 0.834439 0.835189 0.834947
5192 0.834817 0.834442 0.835192 0.834947
5203 0.834816 0.834441 0.835191 0.834947
5214 0.834818 0.834443 0.835193 0.834947
5225 0.834814 0.834439 0.83519 0.834948
5236 0.834813 0.834438 0.835189 0.834948
5247 0.834816 0.834441 0.835192 0.834948
5258 0.834818 0.834442 0.835193 0.834948
5269 0.834814 0.834438 0.83519 0.834948
5280 0.83481 0.834435 0.835186 0.834948
5291 0.83481 0.834434 0.835185 0.834948
5302 0.834808 0.834432 0.835183 0.834948
5313 0.834805 0.834429 0.835181 0.834949
5324 0.834806 0.83443 0.835182 0.834949
5335 0.834809 0.834433 0.835185 0.834949
5346 0.83481 0.834434 0.835186 0.834949
5357 0.834807 0.834431 0.835183 0.834949
5368 0.83481 0.834435 0.835186 0.834949
5379 0.834816 0.83444 0.835192 0.834949
5390 0.834824 0.834448 0.8352 0.834949
5401 0.834822 0.834446 0.835198 0.83495
5412 0.83482 0.834445 0.835196 0.83495
5423 0.834821 0.834445 0.835197 0.83495
5434 0.834816 0.83444 0.835192 0.83495
5445 0.834817 0.834441 0.835194 0.83495
5456 0.834811 0.834435 0.835187 0.83495
5467 0.834805 0.834429 0.835181 0.83495
5478 0.834812 0.834436 0.835189 0.83495
5489 0.834812 0.834436 0.835189 0.834951
5500 0.834812 0.834435 0.835188 0.834951
5511 0.83481 0.834433 0.835186 0.834951
5522 0.834813 0.834436 0.835189 0.834951
5533 0.834813 0.834436 0.835189 0.834951
5544 0.834818 0.834441 0.835194 0.834951
5555 0.834824 0.834447 0.8352 0.834951
5566 0.834827 0.83445 0.835204 0.834951
5577 0.834829 0.834452 0.835205 0.834952
5588 0.834832 0.834455 0.835209 0.834952
5599 0.834828 0.834451 0.835205 0.834952
5610 0.834831 0.834454 0.835208 0.834952
5621 0.834829 0.834452 0.835205 0.834952
5632 0.834832 0.834455 0.835209 0.834952
5643 0.834832 0.834455 0.835209 0.834952
5654 0.834833 0.834455 0.83521 0.834952
5665 0.834835 0.834458 0.835212 0.834952
5676 0.834839 0.834462 0.835216 0.834953
5687 0.834841 0.834464 0.835218 0.834953
5698 0.834838 0.834461 0.835215 0.834953
5709 0.83484 0.834463 0.835217 0.834953
5720 0.834837 0.83446 0.835214 0.834953
5731 0.834836 0.834459 0.835213 0.834953
5742 0.834834 0.834457 0.835211 0.834953
5753 0.834835 0.834458 0.835213 0.834953
5764 0.834835 0.834458 0.835212 0.834953
5775 0.834836 0.834459 0.835214 0.834954
5786 0.83484 0.834462 0.835217 0.834954
5797 0.834839 0.834461 0.835216 0.834954
5808 0.834837 0.83446 0.835215 0.834954
5819 0.834838 0.83446 0.835216 0.834954
5830 0.834832 0.834454 0.83521 0.834954
5841 0.834833 0.834455 0.83521 0.834954
5852 0.834833 0.834455 0.83521 0.834954
5863 0.834834 0.834456 0.835211 0.834954
5874 0.834833 0.834456 0.835211 0.834955
5885 0.834836 0.834458 0.835214 0.834955
5896 0.83484 0.834462 0.835219 0.834955
5907 0.834843 0.834465 0.835221 0.834955
5918 0.834847 0.834469 0.835226 0.834955
5929 0.834843 0.834465 0.835222 0.834955
5940 0.834845 0.834466 0.835223 0.834955
5951 0.834845 0.834466 0.835223 0.834955
5962 0.834845 0.834467 0.835224 0.834955
5973 0.834847 0.834469 0.835225 0.834955
5984 0.834847 0.834469 0.835226 0.834956
5995 0.834849 0.834471 0.835228 0.834956
6006 0.834849 0.83447 0.835227 0.834956
6017 0.834846 0.834467 0.835224 0.834956
6028 0.834846 0.834468 0.835225 0.834956
6039 0.834846 0.834468 0.835225 0.834956
6050 0.834845 0.834467 0.835224 0.834956
6061 0.834844 0.834466 0.835223 0.834956
6072 0.834846 0.834468 0.835225 0.834956
6083 0.834847 0.834469 0.835226 0.834956
6094 0.834843 0.834465 0.835222 0.834957
6105 0.834843 0.834464 0.835221 0.834957
6116 0.83484 0.834461 0.835218 0.834957
6127 0.834838 0.834459 0.835216 0.834957
6138 0.834838 0.834459 0.835216 0.834957
6149 0.834838 0.834459 0.835217 0.834957
6160 0.834845 0.834466 0.835223 0.834957
6171 0.834848 0.834469 0.835226 0.834957
6182 0.834847 0.834469 0.835226 0.834957
6193 0.834848 0.834469 0.835226 0.834957
6204 0.834848 0.834469 0.835226 0.834958
6215 0.834845 0.834466 0.835224 0.834958
6226 0.834844 0.834465 0.835223 0.834958
6237 0.834846 0.834467 0.835225 0.834958
6248 0.834845 0.834466 0.835224 0.834958
6259 0.834843 0.834465 0.835222 0.834958
6270 0.834845 0.834467 0.835224 0.834958
6281 0.834843 0.834464 0.835222 0.834958
6292 0.834844 0.834465 0.835223 0.834958
6303 0.834845 0.834466 0.835224 0.834958
6314 0.834845 0.834466 0.835224 0.834958
6325 0.834841 0.834462 0.83522 0.834959
6336 0.834844 0.834465 0.835223 0.834959
6347 0.834843 0.834464 0.835222 0.834959
6358 0.834845 0.834466 0.835224 0.834959
6369 0.834846 0.834467 0.835225 0.834959
6380 0.834847 0.834468 0.835227 0.834959
6391 0.834843 0.834464 0.835223 0.834959
6402 0.834841 0.834462 0.83522 0.834959
6413 0.834841 0.834462 0.83522 0.834959
6424 0.834844 0.834465 0.835223 0.834959
6435 0.834847 0.834468 0.835226 0.834959
6446 0.834851 0.834472 0.83523 0.83496
6457 0.83485 0.834471 0.835229 0.83496
6468 0.834852 0.834473 0.835231 0.83496
6479 0.834853 0.834474 0.835232 0.83496
6490 0.834852 0.834472 0.835231 0.83496
6501 0.834854 0.834475 0.835233 0.83496
6512 0.834853 0.834474 0.835232 0.83496
6523 0.834855 0.834476 0.835234 0.83496
6534 0.834856 0.834476 0.835235 0.83496
6545 0.834852 0.834473 0.835231 0.83496
6556 0.834852 0.834473 0.835232 0.83496
6567 0.834851 0.834471 0.83523 0.83496
6578 0.834848 0.834469 0.835227 0.834961
6589 0.834847 0.834468 0.835226 0.834961
6600 0.834844 0.834465 0.835224 0.834961
6611 0.834843 0.834463 0.835222 0.834961
6622 0.834845 0.834465 0.835224 0.834961
6633 0.834846 0.834466 0.835225 0.834961
6644 0.834849 0.834469 0.835228 0.834961
6655 0.834851 0.834471 0.83523 0.834961
6666 0.834854 0.834474 0.835233 0.834961
6677 0.834852 0.834472 0.835231 0.834961
6688 0.83485 0.83447 0.83523 0.834961
6699 0.834852 0.834472 0.835231 0.834961
6710 0.834852 0.834472 0.835232 0.834962
6721 0.834851 0.834471 0.835231 0.834962
6732 0.834852 0.834472 0.835232 0.834962
6743 0.83485 0.83447 0.83523 0.834962
6754 0.834853 0.834473 0.835233 0.834962
6765 0.83485 0.83447 0.83523 0.834962
6776 0.834847 0.834467 0.835227 0.834962
6787 0.834846 0.834466 0.835226 0.834962
6798 0.83485 0.834469 0.83523 0.834962
6809 0.83485 0.83447 0.83523 0.834962
6820 0.834849 0.834469 0.83523 0.834962
6831 0.834851 0.834471 0.835232 0.834962
6842 0.834848 0.834468 0.835229 0.834962
6853 0.83485 0.834469 0.83523 0.834963
6864 0.834849 0.834468 0.835229 0.834963
6875 0.834847 0.834467 0.835228 0.834963
6886 0.834845 0.834464 0.835225 0.834963
6897 0.834844 0.834463 0.835224 0.834963
6908 0.834842 0.834461 0.835222 0.834963
6919 0.83484 0.834459 0.83522 0.834963
6930 0.834843 0.834462 0.835224 0.834963
6941 0.834841 0.83446 0.835222 0.834963
6952 0.834845 0.834464 0.835225 0.834963
6963 0.834846 0.834466 0.835227 0.834963
6974 0.834844 0.834464 0.835225 0.834963
6985 0.83484 0.83446 0.835221 0.834963
6996 0.834837 0.834456 0.835218 0.834964
7007 0.834837 0.834457 0.835218 0.834964
7018 0.834836 0.834456 0.835217 0.834964
7029 0.834839 0.834458 0.83522 0.834964
7040 0.834838 0.834458 0.835219 0.834964
7051 0.83484 0.834459 0.835221 0.834964
7062 0.834841 0.83446 0.835223 0.834964
7073 0.834841 0.83446 0.835222 0.834964
7084 0.83484 0.834459 0.835221 0.834964
7095 0.834842 0.834461 0.835223 0.834964
7106 0.834842 0.834461 0.835223 0.834964
7117 0.83484 0.834459 0.835222 0.834964
7128 0.834841 0.83446 0.835223 0.834964
7139 0.834845 0.834464 0.835226 0.834964
7150 0.834848 0.834467 0.835229 0.834965
7161 0.834849 0.834468 0.83523 0.834965
7172 0.834852 0.83447 0.835233 0.834965
7183 0.834852 0.834471 0.835234 0.834965
7194 0.834851 0.834469 0.835232 0.834965
7205 0.834851 0.834469 0.835232 0.834965
7216 0.834855 0.834474 0.835237 0.834965
7227 0.834855 0.834474 0.835237 0.834965
7238 0.834853 0.834472 0.835235 0.834965
7249 0.834852 0.83447 0.835234 0.834965
7260 0.83485 0.834469 0.835232 0.834965
7271 0.834852 0.83447 0.835233 0.834965
7282 0.834851 0.834469 0.835233 0.834965
7293 0.834849 0.834467 0.835231 0.834965
7304 0.83485 0.834468 0.835232 0.834966
7315 0.834844 0.834462 0.835226 0.834966
7326 0.834843 0.834461 0.835225 0.834966
7337 0.834849 0.834467 0.835231 0.834966
7348 0.834847 0.834465 0.835229 0.834966
7359 0.834845 0.834463 0.835226 0.834966
7370 0.834843 0.834461 0.835225 0.834966
7381 0.834844 0.834462 0.835226 0.834966
7392 0.834842 0.83446 0.835224 0.834966
7403 0.834846 0.834463 0.835228 0.834966
7414 0.834846 0.834464 0.835228 0.834966
7425 0.83484 0.834457 0.835222 0.834966
7436 0.834841 0.834459 0.835224 0.834966
7447 0.834841 0.834459 0.835224 0.834966
7458 0.834839 0.834457 0.835221 0.834966
7469 0.834837 0.834454 0.835219 0.834967
7480 0.834834 0.834452 0.835216 0.834967
7491 0.834834 0.834452 0.835216 0.834967
7502 0.834831 0.834449 0.835214 0.834967
7513 0.834831 0.834449 0.835214 0.834967
7524 0.834827 0.834445 0.83521 0.834967
7535 0.834829 0.834446 0.835211 0.834967
7546 0.834831 0.834448 0.835213 0.834967
7557 0.834833 0.83445 0.835215 0.834967
7568 0.834832 0.83445 0.835215 0.834967
7579 0.834836 0.834453 0.835218 0.834967
7590 0.834836 0.834453 0.835218 0.834967
7601 0.834836 0.834454 0.835219 0.834967
7612 0.834837 0.834455 0.83522 0.834967
7623 0.834837 0.834454 0.835219 0.834967
7634 0.834832 0.83445 0.835215 0.834967
7645 0.834834 0.834451 0.835216 0.834968
7656 0.834837 0.834454 0.83522 0.834968
7667 0.834836 0.834453 0.835219 0.834968
7678 0.834838 0.834455 0.83522 0.834968
7689 0.834839 0.834456 0.835222 0.834968
7700 0.834842 0.834459 0.835225 0.834968
7711 0.834843 0.83446 0.835225 0.834968
7722 0.834842 0.83446 0.835225 0.834968
7733 0.834843 0.83446 0.835225 0.834968
7744 0.834842 0.834459 0.835225 0.834968
7755 0.834842 0.834459 0.835224 0.834968
7766 0.834841 0.834458 0.835224 0.834968
7777 0.834841 0.834458 0.835223 0.834968
7788 0.834837 0.834454 0.83522 0.834968
7799 0.834834 0.834451 0.835217 0.834968
7810 0.834833 0.83445 0.835216 0.834968
7821 0.834834 0.834451 0.835217 0.834969
7832 0.834836 0.834453 0.835219 0.834969
7843 0.834835 0.834452 0.835218 0.834969
7854 0.834836 0.834453 0.83522 0.834969
7865 0.83484 0.834457 0.835223 0.834969
7876 0.834842 0.834459 0.835225 0.834969
7887 0.834843 0.83446 0.835227 0.834969
7898 0.834846 0.834462 0.835229 0.834969
7909 0.834848 0.834464 0.835231 0.834969
7920 0.834847 0.834464 0.835231 0.834969
7931 0.834852 0.834468 0.835235 0.834969
7942 0.834853 0.834469 0.835236 0.834969
7953 0.834852 0.834469 0.835236 0.834969
7964 0.834852 0.834469 0.835235 0.834969
7975 0.834852 0.834469 0.835236 0.834969
7986 0.834853 0.834469 0.835236 0.834969
7997 0.834854 0.83447 0.835238 0.834969
8008 0.834857 0.834473 0.83524 0.83497
8019 0.834858 0.834474 0.835241 0.83497
8030 0.834856 0.834472 0.83524 0.83497
8041 0.834855 0.834471 0.835239 0.83497
8052 0.834857 0.834474 0.835241 0.83497
8063 0.834855 0.834471 0.835239 0.83497
8074 0.834855 0.834471 0.835239 0.83497
8085 0.834857 0.834473 0.835241 0.83497
8096 0.834857 0.834473 0.835241 0.83497
8107 0.834857 0.834473 0.835241 0.83497
8118 0.834858 0.834474 0.835242 0.83497
8129 0.834857 0.834473 0.835241 0.83497
8140 0.834857 0.834473 0.835241 0.83497
8151 0.834863 0.834479 0.835247 0.83497
8162 0.834863 0.834479 0.835247 0.83497
8173 0.834862 0.834478 0.835246 0.83497
8184 0.834866 0.834482 0.83525 0.83497
8195 0.834863 0.834479 0.835247 0.83497
8206 0.834866 0.834482 0.83525 0.834971
8217 0.834867 0.834483 0.835251 0.834971
8228 0.834867 0.834483 0.835251 0.834971
8239 0.83487 0.834486 0.835254 0.834971
8250 0.834869 0.834484 0.835253 0.834971
8261 0.834871 0.834487 0.835255 0.834971
8272 0.834869 0.834485 0.835253 0.834971
8283 0.834867 0.834483 0.835251 0.834971
8294 0.834869 0.834485 0.835253 0.834971
8305 0.83487 0.834486 0.835255 0.834971
8316 0.83487 0.834486 0.835254 0.834971
8327 0.83487 0.834485 0.835254 0.834971
8338 0.83487 0.834486 0.835254 0.834971
8349 0.834872 0.834487 0.835256 0.834971
8360 0.834873 0.834489 0.835258 0.834971
8371 0.834871 0.834486 0.835256 0.834971
8382 0.83487 0.834485 0.835254 0.834971
8393 0.834871 0.834486 0.835255 0.834971
8404 0.834867 0.834483 0.835252 0.834971
8415 0.834868 0.834483 0.835252 0.834972
8426 0.834869 0.834484 0.835254 0.834972
8437 0.834869 0.834484 0.835253 0.834972
8448 0.83487 0.834485 0.835254 0.834972
8459 0.83487 0.834485 0.835255 0.834972
8470 0.834867 0.834482 0.835252 0.834972
8481 0.834865 0.83448 0.83525 0.834972
8492 0.834864 0.834479 0.835248 0.834972
8503 0.834857 0.834472 0.835241 0.834972
8514 0.834855 0.83447 0.83524 0.834972
8525 0.834856 0.834471 0.83524 0.834972
8536 0.834857 0.834473 0.835242 0.834972
8547 0.834858 0.834473 0.835242 0.834972
8558 0.83486 0.834476 0.835245 0.834972
8569 0.834857 0.834472 0.835242 0.834972
8580 0.834857 0.834472 0.835241 0.834972
8591 0.834858 0.834473 0.835242 0.834972
8602 0.834856 0.834471 0.835241 0.834972
8613 0.834855 0.834471 0.83524 0.834972
8624 0.834855 0.83447 0.83524 0.834972
8635 0.834857 0.834473 0.835242 0.834973
8646 0.834857 0.834472 0.835242 0.834973
8657 0.834856 0.834471 0.835241 0.834973
8668 0.834858 0.834473 0.835243 0.834973
8679 0.834856 0.834471 0.835241 0.834973
8690 0.834856 0.834471 0.835241 0.834973
8701 0.834853 0.834468 0.835238 0.834973
8712 0.834851 0.834466 0.835236 0.834973
8723 0.834854 0.834469 0.835238 0.834973
8734 0.834853 0.834468 0.835238 0.834973
8745 0.834854 0.834469 0.835239 0.834973
8756 0.834855 0.83447 0.83524 0.834973
8767 0.83486 0.834475 0.835244 0.834973
8778 0.834863 0.834478 0.835248 0.834973
8789 0.834862 0.834477 0.835247 0.834973
8800 0.834861 0.834476 0.835246 0.834973
8811 0.834862 0.834477 0.835247 0.834973
8822 0.834862 0.834477 0.835247 0.834973
8833 0.834865 0.83448 0.83525 0.834973
8844 0.834863 0.834478 0.835248 0.834973
8855 0.834863 0.834477 0.835248 0.834973
8866 0.834862 0.834477 0.835248 0.834974
8877 0.834863 0.834477 0.835248 0.834974
8888 0.834862 0.834477 0.835247 0.834974
8899 0.834862 0.834477 0.835247 0.834974
8910 0.834863 0.834477 0.835248 0.834974
8921 0.834865 0.83448 0.83525 0.834974
8932 0.834865 0.83448 0.83525 0.834974
8943 0.834866 0.83448 0.835251 0.834974
8954 0.834865 0.83448 0.835251 0.834974
8965 0.834866 0.834481 0.835252 0.834974
8976 0.834865 0.834479 0.83525 0.834974
8987 0.834863 0.834477 0.835248 0.834974
8998 0.834864 0.834479 0.83525 0.834974
9009 0.834867 0.834481 0.835252 0.834974
9020 0.834869 0.834484 0.835254 0.834974
9031 0.834869 0.834483 0.835254 0.834974
9042 0.834869 0.834484 0.835254 0.834974
9053 0.834868 0.834482 0.835253 0.834974
9064 0.834864 0.834479 0.83525 0.834974
9075 0.834865 0.834479 0.83525 0.834974
9086 0.834865 0.834479 0.83525 0.834974
9097 0.834863 0.834478 0.835249 0.834974
9108 0.83486 0.834474 0.835245 0.834974
9119 0.834862 0.834477 0.835248 0.834975
9130 0.83486 0.834474 0.835245 0.834975
9141 0.83486 0.834475 0.835246 0.834975
9152 0.834858 0.834473 0.835244 0.834975
9163 0.834859 0.834474 0.835245 0.834975
9174 0.834859 0.834474 0.835245 0.834975
9185 0.834857 0.834471 0.835243 0.834975
9196 0.834857 0.834471 0.835242 0.834975
9207 0.834854 0.834468 0.835239 0.834975
9218 0.834851 0.834465 0.835236 0.834975
9229 0.834851 0.834465 0.835236 0.834975
9240 0.834853 0.834467 0.835238 0.834975
9251 0.834852 0.834466 0.835237 0.834975
9262 0.834849 0.834464 0.835235 0.834975
9273 0.834851 0.834465 0.835237 0.834975
9284 0.83485 0.834464 0.835236 0.834975
9295 0.834854 0.834468 0.83524 0.834975
9306 0.834851 0.834465 0.835236 0.834975
9317 0.834852 0.834466 0.835238 0.834975
9328 0.834853 0.834467 0.835239 0.834975
9339 0.834855 0.834469 0.835241 0.834975
9350 0.834855 0.834469 0.835241 0.834975
9361 0.834857 0.834471 0.835243 0.834975
9372 0.834855 0.834469 0.835241 0.834976
9383 0.83486 0.834474 0.835246 0.834976
9394 0.834859 0.834473 0.835245 0.834976
9405 0.834861 0.834475 0.835247 0.834976
9416 0.834863 0.834477 0.835249 0.834976
9427 0.834862 0.834476 0.835248 0.834976
9438 0.834863 0.834477 0.83525 0.834976
9449 0.834861 0.834475 0.835247 0.834976
9460 0.834861 0.834475 0.835248 0.834976
9471 0.834863 0.834477 0.835249 0.834976
9482 0.834862 0.834475 0.835248 0.834976
9493 0.83486 0.834474 0.835246 0.834976
9504 0.834861 0.834475 0.835247 0.834976
9515 0.834859 0.834473 0.835245 0.834976
9526 0.834859 0.834473 0.835245 0.834976
9537 0.83486 0.834474 0.835246 0.834976
9548 0.834861 0.834475 0.835247 0.834976
9559 0.834861 0.834474 0.835247 0.834976
9570 0.83486 0.834474 0.835247 0.834976
9581 0.83486 0.834474 0.835247 0.834976
9592 0.83486 0.834474 0.835247 0.834976
9603 0.834859 0.834473 0.835245 0.834976
9614 0.834856 0.83447 0.835243 0.834976
9625 0.834856 0.834469 0.835242 0.834976
9636 0.834855 0.834468 0.835241 0.834976
9647 0.834854 0.834467 0.83524 0.834977
9658 0.834855 0.834468 0.835241 0.834977
9669 0.834855 0.834469 0.835242 0.834977
9680 0.834854 0.834468 0.83524 0.834977
9691 0.834853 0.834467 0.835239 0.834977
9702 0.834855 0.834469 0.835241 0.834977
9713 0.834856 0.834469 0.835242 0.834977
9724 0.834856 0.834469 0.835242 0.834977
9735 0.834854 0.834468 0.835241 0.834977
9746 0.834855 0.834469 0.835241 0.834977
9757 0.834856 0.834469 0.835242 0.834977
9768 0.834857 0.83447 0.835243 0.834977
9779 0.834856 0.83447 0.835243 0.834977
9790 0.834853 0.834466 0.835239 0.834977
9801 0.834853 0.834466 0.835239 0.834977
9812 0.834852 0.834466 0.835239 0.834977
9823 0.834855 0.834469 0.835241 0.834977
9834 0.834858 0.834471 0.835244 0.834977
9845 0.83486 0.834474 0.835246 0.834977
9856 0.834859 0.834472 0.835245 0.834977
9867 0.834859 0.834472 0.835245 0.834977
9878 0.834858 0.834472 0.835244 0.834977
9889 0.834859 0.834472 0.835245 0.834977
9900 0.834859 0.834473 0.835246 0.834977
9911 0.834859 0.834473 0.835246 0.834977
9922 0.83486 0.834474 0.835247 0.834977
9933 0.834858 0.834471 0.835244 0.834978
9944 0.834859 0.834473 0.835245 0.834978
9955 0.834858 0.834472 0.835245 0.834978
9966 0.834859 0.834473 0.835246 0.834978
9977 0.834859 0.834472 0.835245 0.834978
9988 0.834856 0.83447 0.835243 0.834978
9999 0.834858 0.834471 0.835244 0.834978
10010 0.834858 0.834472 0.835245 0.834978
10021 0.834859 0.834473 0.835246 0.834978
10032 0.834856 0.83447 0.835243 0.834978
10043 0.834856 0.834469 0.835242 0.834978
10054 0.834853 0.834466 0.835239 0.834978
10065 0.83485 0.834464 0.835237 0.834978
10076 0.834849 0.834463 0.835236 0.834978
10087 0.834851 0.834465 0.835238 0.834978
10098 0.834852 0.834465 0.835239 0.834978
10109 0.834853 0.834466 0.83524 0.834978
10120 0.834854 0.834467 0.835241 0.834978
10131 0.834855 0.834468 0.835241 0.834978
10142 0.834854 0.834468 0.835241 0.834978
10153 0.834853 0.834466 0.83524 0.834978
10164 0.834855 0.834468 0.835242 0.834978
10175 0.834854 0.834468 0.835241 0.834978
10186 0.834854 0.834467 0.835241 0.834978
10197 0.834853 0.834466 0.83524 0.834978
10208 0.834855 0.834469 0.835242 0.834978
10219 0.834854 0.834467 0.83524 0.834978
10230 0.834854 0.834467 0.835241 0.834978
10241 0.834856 0.834469 0.835243 0.834978
10252 0.834859 0.834472 0.835246 0.834979
10263 0.83486 0.834473 0.835247 0.834979
10274 0.834859 0.834472 0.835246 0.834979
10285 0.83486 0.834473 0.835247 0.834979
10296 0.834859 0.834472 0.835245 0.834979
10307 0.834859 0.834472 0.835246 0.834979
10318 0.834858 0.834471 0.835245 0.834979
10329 0.834856 0.834469 0.835243 0.834979
10340 0.834855 0.834468 0.835242 0.834979
10351 0.834856 0.834469 0.835243 0.834979
10362 0.834857 0.83447 0.835244 0.834979
10373 0.83486 0.834473 0.835247 0.834979
10384 0.834861 0.834474 0.835248 0.834979
10395 0.834859 0.834473 0.835246 0.834979
10406 0.834861 0.834474 0.835248 0.834979
10417 0.834858 0.834471 0.835245 0.834979
10428 0.834858 0.834471 0.835245 0.834979
10439 0.834857 0.83447 0.835244 0.834979
10450 0.834858 0.834471 0.835245 0.834979
10461 0.834859 0.834472 0.835246 0.834979
10472 0.834859 0.834472 0.835246 0.834979
10483 0.834859 0.834472 0.835246 0.834979
10494 0.834861 0.834474 0.835248 0.834979
10505 0.834863 0.834476 0.83525 0.834979
10516 0.834862 0.834475 0.835249 0.834979
10527 0.834864 0.834477 0.835251 0.834979
10538 0.834862 0.834475 0.835249 0.834979
10549 0.834862 0.834474 0.835249 0.834979
10560 0.834861 0.834474 0.835248 0.834979
10571 0.834862 0.834474 0.835249 0.83498
10582 0.834861 0.834474 0.835248 0.83498
10593 0.834863 0.834475 0.83525 0.83498
10604 0.834861 0.834474 0.835248 0.83498
10615 0.834859 0.834472 0.835246 0.83498
10626 0.834859 0.834472 0.835246 0.83498
10637 0.83486 0.834473 0.835248 0.83498
10648 0.834859 0.834472 0.835246 0.83498
10659 0.834859 0.834472 0.835246 0.83498
10670 0.834859 0.834472 0.835247 0.83498
10681 0.83486 0.834473 0.835247 0.83498
10692 0.834858 0.834471 0.835245 0.83498
10703 0.83486 0.834473 0.835247 0.83498
10714 0.834861 0.834474 0.835249 0.83498
10725 0.834861 0.834473 0.835248 0.83498
10736 0.834859 0.834472 0.835246 0.83498
10747 0.834858 0.834471 0.835245 0.83498
10758 0.834858 0.834471 0.835245 0.83498
10769 0.83486 0.834473 0.835247 0.83498
10780 0.834859 0.834471 0.835246 0.83498
10791 0.83486 0.834473 0.835248 0.83498
10802 0.834861 0.834474 0.835248 0.83498
10813 0.83486 0.834473 0.835248 0.83498
10824 0.834861 0.834474 0.835249 0.83498
10835 0.834861 0.834474 0.835249 0.83498
10846 0.834862 0.834475 0.83525 0.83498
10857 0.83486 0.834473 0.835247 0.83498
10868 0.834859 0.834472 0.835246 0.83498
10879 0.834857 0.83447 0.835245 0.83498
10890 0.834857 0.83447 0.835244 0.83498
10901 0.834856 0.834469 0.835244 0.83498
10912 0.834855 0.834467 0.835242 0.83498
10923 0.834855 0.834467 0.835242 0.834981
10934 0.834855 0.834468 0.835242 0.834981
10945 0.834857 0.83447 0.835244 0.834981
10956 0.834856 0.834469 0.835243 0.834981
10967 0.834854 0.834467 0.835242 0.834981
10978 0.834854 0.834466 0.835241 0.834981
10989 0.834853 0.834466 0.835241 0.834981
11000 0.834854 0.834466 0.835241 0.834981
11011 0.834855 0.834468 0.835243 0.834981
11022 0.834855 0.834468 0.835243 0.834981
11033 0.834857 0.834469 0.835244 0.834981
11044 0.834854 0.834467 0.835242 0.834981
11055 0.834855 0.834468 0.835243 0.834981
11066 0.834852 0.834465 0.83524 0.834981
11077 0.834851 0.834464 0.835239 0.834981
11088 0.83485 0.834463 0.835238 0.834981
11099 0.83485 0.834462 0.835237 0.834981
11110 0.83485 0.834462 0.835237 0.834981
11121 0.834849 0.834462 0.835237 0.834981
11132 0.834846 0.834458 0.835233 0.834981
11143 0.834847 0.834459 0.835235 0.834981
11154 0.834847 0.834459 0.835235 0.834981
11165 0.834847 0.834459 0.835235 0.834981
11176 0.834845 0.834458 0.835233 0.834981
11187 0.834844 0.834457 0.835232 0.834981
11198 0.834841 0.834453 0.835229 0.834981
11209 0.834842 0.834454 0.835229 0.834981
11220 0.834839 0.834452 0.835227 0.834981
11231 0.834842 0.834454 0.835229 0.834981
11242 0.834841 0.834454 0.835229 0.834981
11253 0.83484 0.834453 0.835228 0.834981
11264 0.834839 0.834452 0.835227 0.834981
11275 0.834837 0.834449 0.835225 0.834981
11286 0.834836 0.834449 0.835224 0.834981
11297 0.834836 0.834449 0.835224 0.834982
11308 0.834839 0.834451 0.835227 0.834982
11319 0.834842 0.834454 0.835229 0.834982
11330 0.834841 0.834453 0.835229 0.834982
11341 0.834839 0.834451 0.835227 0.834982
11352 0.834839 0.834451 0.835227 0.834982
11363 0.834837 0.834449 0.835225 0.834982
11374 0.834835 0.834447 0.835223 0.834982
11385 0.834837 0.834449 0.835225 0.834982
11396 0.834837 0.834449 0.835225 0.834982
11407 0.834837 0.83445 0.835225 0.834982
11418 0.834837 0.83445 0.835225 0.834982
11429 0.834838 0.83445 0.835225 0.834982
11440 0.834839 0.834451 0.835227 0.834982
11451 0.83484 0.834452 0.835228 0.834982
11462 0.83484 0.834453 0.835228 0.834982
11473 0.834841 0.834453 0.835229 0.834982
11484 0.834842 0.834454 0.83523 0.834982
11495 0.834843 0.834455 0.835231 0.834982
11506 0.834841 0.834453 0.835229 0.834982
11517 0.834841 0.834453 0.835229 0.834982
11528 0.83484 0.834452 0.835228 0.834982
11539 0.834841 0.834453 0.835229 0.834982
