//total_population estimated_relatedness lower_bound upper_bound relatedness
100 0.494949 nan nan 0.494949
102 0.495148 0.495146 0.49515 0.495148
104 0.49534 0.495336 0.495345 0.495338
106 0.495525 0.495518 0.495532 0.495521
108 0.495704 0.495694 0.495713 0.495697
110 0.495875 0.495863 0.495887 0.495867
112 0.496044 0.49603 0.496059 0.496031
114 0.496202 0.496185 0.496218 0.496189
116 0.496357 0.496339 0.496376 0.496341
118 0.496508 0.496487 0.496529 0.496488
120 0.496653 0.49663 0.496675 0.49663
122 0.496788 0.496764 0.496813 0.496768
124 0.49692 0.496894 0.496947 0.496901
126 0.497042 0.497014 0.49707 0.49703
128 0.497174 0.497144 0.497204 0.497154
130 0.497288 0.497257 0.49732 0.497275
132 0.497406 0.497373 0.497439 0.497392
134 0.497525 0.49749 0.49756 0.497506
136 0.497626 0.49759 0.497662 0.497616
138 0.497739 0.497701 0.497776 0.497723
140 0.497855 0.497816 0.497895 0.497827
142 0.497961 0.49792 0.498002 0.497929
144 0.498064 0.498022 0.498107 0.498027
146 0.498157 0.498113 0.498201 0.498122
148 0.498249 0.498204 0.498295 0.498215
150 0.498334 0.498288 0.498381 0.498306
152 0.498429 0.498381 0.498476 0.498394
154 0.49851 0.498462 0.498559 0.498479
156 0.498602 0.498552 0.498652 0.498563
158 0.498681 0.49863 0.498732 0.498644
160 0.498771 0.498718 0.498824 0.498723
162 0.498843 0.498789 0.498896 0.498801
164 0.498927 0.498872 0.498983 0.498876
166 0.499002 0.498945 0.499058 0.49895
168 0.499074 0.499017 0.499131 0.499022
170 0.499151 0.499093 0.499209 0.499092
172 0.499217 0.499158 0.499276 0.49916
174 0.499284 0.499225 0.499344 0.499227
176 0.499354 0.499294 0.499415 0.499293
178 0.499414 0.499353 0.499475 0.499357
180 0.499479 0.499417 0.499541 0.499419
182 0.499535 0.499472 0.499597 0.49948
184 0.499593 0.499529 0.499656 0.49954
186 0.499646 0.499582 0.499711 0.499599
188 0.499707 0.499642 0.499773 0.499656
190 0.499766 0.4997 0.499832 0.499712
192 0.499822 0.499755 0.499889 0.499767
194 0.499875 0.499807 0.499943 0.49982
196 0.499924 0.499856 0.499992 0.499873
198 0.499978 0.499909 0.500048 0.499925
200 0.500029 0.499959 0.500099 0.499975
202 0.500079 0.500008 0.50015 0.500025
204 0.500124 0.500052 0.500195 0.500073
206 0.500179 0.500106 0.500251 0.500121
208 0.500228 0.500155 0.5003 0.500167
210 0.500271 0.500198 0.500344 0.500213
212 0.500312 0.500238 0.500385 0.500258
214 0.500346 0.500273 0.50042 0.500302
216 0.500381 0.500307 0.500455 0.500345
218 0.500418 0.500343 0.500492 0.500388
220 0.500458 0.500383 0.500534 0.500429
222 0.500502 0.500426 0.500578 0.50047
224 0.500548 0.500471 0.500624 0.500511
226 0.500585 0.500508 0.500662 0.50055
228 0.500623 0.500546 0.5007 0.500589
230 0.500665 0.500588 0.500743 0.500627
232 0.500711 0.500632 0.500789 0.500664
234 0.500741 0.500662 0.50082 0.500701
236 0.500773 0.500694 0.500852 0.500737
238 0.500804 0.500725 0.500884 0.500773
240 0.50084 0.50076 0.50092 0.500808
242 0.50088 0.5008 0.50096 0.500842
244 0.500911 0.50083 0.500991 0.500876
246 0.500941 0.50086 0.501022 0.500909
248 0.500978 0.500896 0.501059 0.500942
250 0.501011 0.500929 0.501093 0.500974
252 0.501041 0.500959 0.501123 0.501006
254 0.501077 0.500994 0.50116 0.501037
256 0.501113 0.501029 0.501196 0.501068
258 0.501146 0.501062 0.50123 0.501098
260 0.50118 0.501095 0.501264 0.501128
262 0.501209 0.501124 0.501294 0.501157
264 0.501236 0.501151 0.501321 0.501186
266 0.501265 0.501179 0.50135 0.501214
268 0.501293 0.501207 0.501379 0.501242
270 0.501325 0.501238 0.501412 0.50127
272 0.501353 0.501266 0.50144 0.501297
274 0.501378 0.501291 0.501466 0.501324
276 0.501401 0.501313 0.501489 0.50135
278 0.501432 0.501344 0.50152 0.501376
280 0.50145 0.501362 0.501539 0.501402
282 0.501483 0.501394 0.501572 0.501427
284 0.501507 0.501418 0.501596 0.501452
286 0.501537 0.501447 0.501627 0.501476
288 0.501555 0.501466 0.501645 0.501501
290 0.501573 0.501483 0.501662 0.501525
292 0.501599 0.501509 0.501689 0.501548
294 0.501623 0.501533 0.501714 0.501571
296 0.501642 0.501551 0.501733 0.501594
298 0.501664 0.501572 0.501755 0.501617
300 0.501685 0.501594 0.501776 0.501639
302 0.50171 0.501618 0.501801 0.501661
304 0.501728 0.501637 0.50182 0.501683
306 0.501751 0.501659 0.501843 0.501704
308 0.501764 0.501672 0.501856 0.501725
310 0.501792 0.5017 0.501885 0.501746
312 0.501812 0.501719 0.501905 0.501767
314 0.501833 0.50174 0.501926 0.501787
316 0.501853 0.501759 0.501946 0.501807
318 0.501872 0.501779 0.501965 0.501827
320 0.501892 0.501799 0.501986 0.501847
322 0.501916 0.501822 0.502011 0.501866
324 0.501934 0.50184 0.502029 0.501885
326 0.501955 0.501861 0.50205 0.501904
328 0.501974 0.501879 0.502069 0.501923
330 0.501994 0.501898 0.502089 0.501941
332 0.502016 0.50192 0.502112 0.501959
334 0.502032 0.501936 0.502128 0.501977
336 0.502051 0.501955 0.502148 0.501995
338 0.502071 0.501974 0.502167 0.502013
340 0.502087 0.501991 0.502184 0.50203
342 0.502102 0.502005 0.502199 0.502047
344 0.502117 0.50202 0.502213 0.502064
346 0.502138 0.502041 0.502235 0.502081
348 0.502156 0.502058 0.502253 0.502097
350 0.502172 0.502075 0.50227 0.502114
352 0.502186 0.502088 0.502284 0.50213
354 0.502208 0.50211 0.502306 0.502146
356 0.502221 0.502123 0.502319 0.502161
358 0.502234 0.502135 0.502332 0.502177
360 0.502246 0.502147 0.502344 0.502193
362 0.50226 0.502161 0.502359 0.502208
364 0.502273 0.502174 0.502372 0.502223
366 0.502287 0.502187 0.502386 0.502238
368 0.502305 0.502205 0.502404 0.502253
370 0.502315 0.502216 0.502415 0.502267
372 0.50233 0.502231 0.50243 0.502282
374 0.502343 0.502243 0.502443 0.502296
376 0.502361 0.50226 0.502461 0.50231
378 0.502375 0.502274 0.502475 0.502324
380 0.50239 0.502289 0.50249 0.502338
382 0.502406 0.502306 0.502507 0.502352
384 0.502424 0.502323 0.502525 0.502365
386 0.502441 0.502339 0.502542 0.502379
388 0.502449 0.502347 0.50255 0.502392
390 0.502459 0.502357 0.50256 0.502405
392 0.502471 0.502369 0.502572 0.502418
394 0.502478 0.502376 0.502579 0.502431
396 0.502489 0.502388 0.502591 0.502444
398 0.502498 0.502397 0.5026 0.502457
400 0.502511 0.502409 0.502613 0.502469
402 0.502526 0.502424 0.502628 0.502481
404 0.50254 0.502438 0.502642 0.502494
406 0.502551 0.502449 0.502653 0.502506
408 0.502561 0.502459 0.502663 0.502518
410 0.502571 0.502469 0.502674 0.50253
412 0.50258 0.502478 0.502683 0.502541
414 0.50259 0.502487 0.502693 0.502553
416 0.502598 0.502495 0.502701 0.502565
418 0.502611 0.502508 0.502714 0.502576
420 0.502623 0.50252 0.502727 0.502587
422 0.502633 0.50253 0.502736 0.502599
424 0.502642 0.502539 0.502746 0.50261
426 0.502655 0.502551 0.502759 0.502621
428 0.502664 0.50256 0.502768 0.502632
430 0.502679 0.502575 0.502783 0.502643
432 0.502689 0.502585 0.502793 0.502653
434 0.502699 0.502594 0.502803 0.502664
436 0.502711 0.502606 0.502815 0.502674
438 0.50272 0.502615 0.502825 0.502685
440 0.502725 0.50262 0.502829 0.502695
442 0.502734 0.502629 0.502839 0.502705
444 0.502743 0.502638 0.502848 0.502716
446 0.502749 0.502644 0.502854 0.502726
448 0.50276 0.502655 0.502865 0.502736
450 0.502769 0.502664 0.502875 0.502745
452 0.50278 0.502675 0.502885 0.502755
454 0.502795 0.502689 0.502901 0.502765
456 0.50281 0.502704 0.502916 0.502774
458 0.502819 0.502712 0.502925 0.502784
460 0.502827 0.50272 0.502933 0.502793
462 0.502833 0.502727 0.502939 0.502803
464 0.502846 0.50274 0.502952 0.502812
466 0.502858 0.502752 0.502965 0.502821
468 0.502869 0.502763 0.502976 0.50283
470 0.502877 0.50277 0.502984 0.502839
472 0.502893 0.502786 0.503 0.502848
474 0.502906 0.502799 0.503013 0.502857
476 0.502915 0.502808 0.503022 0.502866
478 0.50292 0.502813 0.503028 0.502875
480 0.502925 0.502818 0.503032 0.502883
482 0.502935 0.502827 0.503042 0.502892
484 0.502942 0.502835 0.50305 0.502901
486 0.502952 0.502844 0.50306 0.502909
488 0.50296 0.502852 0.503068 0.502917
490 0.502969 0.502861 0.503077 0.502926
492 0.502979 0.50287 0.503087 0.502934
494 0.502987 0.502878 0.503095 0.502942
496 0.502996 0.502887 0.503104 0.50295
498 0.503001 0.502893 0.50311 0.502958
500 0.503007 0.502898 0.503115 0.502966
502 0.50301 0.502901 0.503118 0.502974
504 0.503018 0.502909 0.503127 0.502982
506 0.503031 0.502922 0.50314 0.50299
508 0.503037 0.502928 0.503145 0.502998
510 0.503044 0.502935 0.503153 0.503005
512 0.503051 0.502942 0.50316 0.503013
514 0.50306 0.502951 0.503169 0.50302
516 0.503069 0.50296 0.503178 0.503028
518 0.503075 0.502966 0.503185 0.503035
520 0.503082 0.502973 0.503192 0.503043
522 0.503088 0.502978 0.503197 0.50305
524 0.503095 0.502986 0.503205 0.503057
526 0.503104 0.502994 0.503214 0.503065
528 0.503111 0.503001 0.503221 0.503072
530 0.503119 0.50301 0.503229 0.503079
532 0.503123 0.503013 0.503233 0.503086
534 0.50313 0.50302 0.50324 0.503093
536 0.503136 0.503026 0.503246 0.5031
538 0.503144 0.503033 0.503254 0.503107
540 0.503148 0.503038 0.503258 0.503114
542 0.503152 0.503042 0.503263 0.50312
544 0.503157 0.503046 0.503267 0.503127
546 0.503161 0.503051 0.503272 0.503134
548 0.503169 0.503058 0.503279 0.50314
550 0.503175 0.503064 0.503285 0.503147
552 0.503183 0.503072 0.503294 0.503154
554 0.503191 0.50308 0.503302 0.50316
556 0.503198 0.503087 0.503309 0.503167
558 0.503206 0.503095 0.503317 0.503173
560 0.503211 0.5031 0.503322 0.503179
562 0.503214 0.503103 0.503325 0.503186
564 0.503219 0.503108 0.503331 0.503192
566 0.503224 0.503113 0.503335 0.503198
568 0.503229 0.503118 0.503341 0.503204
570 0.503237 0.503125 0.503348 0.50321
572 0.503242 0.503131 0.503354 0.503217
574 0.503248 0.503137 0.50336 0.503223
576 0.503249 0.503137 0.50336 0.503229
578 0.503258 0.503146 0.503369 0.503235
580 0.503263 0.503151 0.503375 0.50324
582 0.503268 0.503156 0.50338 0.503246
584 0.503275 0.503163 0.503387 0.503252
586 0.503277 0.503165 0.503389 0.503258
588 0.503283 0.50317 0.503395 0.503264
590 0.503289 0.503177 0.503401 0.50327
592 0.503292 0.50318 0.503404 0.503275
594 0.503299 0.503187 0.503411 0.503281
596 0.503305 0.503192 0.503417 0.503286
598 0.503308 0.503196 0.503421 0.503292
600 0.503311 0.503199 0.503424 0.503298
602 0.503311 0.503199 0.503423 0.503303
604 0.503316 0.503204 0.503428 0.503309
606 0.503321 0.503208 0.503433 0.503314
608 0.503329 0.503216 0.503442 0.503319
610 0.503332 0.503219 0.503444 0.503325
612 0.503337 0.503224 0.503449 0.50333
614 0.503339 0.503227 0.503452 0.503335
616 0.503343 0.503231 0.503456 0.503341
618 0.503348 0.503236 0.503461 0.503346
620 0.503354 0.503241 0.503467 0.503351
622 0.503355 0.503242 0.503467 0.503356
624 0.503355 0.503243 0.503468 0.503361
626 0.503361 0.503248 0.503473 0.503366
628 0.503366 0.503254 0.503479 0.503371
630 0.50337 0.503257 0.503482 0.503376
632 0.503373 0.50326 0.503486 0.503381
634 0.503376 0.503263 0.503489 0.503386
636 0.503379 0.503266 0.503492 0.503391
638 0.503381 0.503267 0.503494 0.503396
640 0.503386 0.503273 0.5035 0.503401
642 0.503393 0.50328 0.503506 0.503406
644 0.503395 0.503281 0.503508 0.503411
646 0.503394 0.503281 0.503508 0.503415
648 0.5034 0.503286 0.503513 0.50342
650 0.503404 0.503291 0.503518 0.503425
652 0.50341 0.503296 0.503523 0.50343
654 0.503413 0.5033 0.503527 0.503434
656 0.50342 0.503306 0.503533 0.503439
658 0.503424 0.50331 0.503538 0.503443
660 0.503432 0.503318 0.503546 0.503448
662 0.503436 0.503322 0.50355 0.503453
664 0.503439 0.503324 0.503553 0.503457
666 0.503443 0.503328 0.503557 0.503462
668 0.503448 0.503334 0.503563 0.503466
670 0.503451 0.503337 0.503566 0.503471
672 0.503454 0.50334 0.503569 0.503475
674 0.503458 0.503344 0.503573 0.503479
676 0.503461 0.503347 0.503576 0.503484
678 0.503467 0.503352 0.503582 0.503488
680 0.50347 0.503356 0.503585 0.503492
682 0.503476 0.503361 0.503591 0.503497
684 0.503481 0.503366 0.503596 0.503501
686 0.503485 0.50337 0.503599 0.503505
688 0.50349 0.503375 0.503605 0.503509
690 0.503493 0.503378 0.503608 0.503513
692 0.503497 0.503382 0.503612 0.503518
694 0.503498 0.503383 0.503613 0.503522
696 0.5035 0.503385 0.503615 0.503526
698 0.503503 0.503388 0.503618 0.50353
700 0.503506 0.503391 0.503621 0.503534
702 0.503506 0.503391 0.503621 0.503538
704 0.503512 0.503397 0.503628 0.503542
706 0.503515 0.5034 0.50363 0.503546
708 0.503518 0.503403 0.503634 0.50355
710 0.503524 0.503409 0.503639 0.503554
712 0.503528 0.503413 0.503644 0.503558
714 0.503532 0.503416 0.503647 0.503562
716 0.503533 0.503418 0.503649 0.503566
718 0.50354 0.503424 0.503655 0.50357
720 0.503543 0.503427 0.503658 0.503573
722 0.503549 0.503433 0.503665 0.503577
724 0.503552 0.503437 0.503668 0.503581
726 0.503556 0.50344 0.503672 0.503585
728 0.503556 0.50344 0.503672 0.503589
730 0.50356 0.503444 0.503675 0.503592
732 0.503565 0.50345 0.503681 0.503596
734 0.503571 0.503455 0.503686 0.5036
736 0.503572 0.503456 0.503688 0.503603
738 0.503576 0.50346 0.503692 0.503607
740 0.503579 0.503463 0.503695 0.503611
742 0.503582 0.503466 0.503698 0.503614
744 0.503584 0.503468 0.5037 0.503618
746 0.503586 0.50347 0.503702 0.503622
748 0.503589 0.503473 0.503705 0.503625
750 0.503593 0.503477 0.503709 0.503629
752 0.5036 0.503484 0.503716 0.503632
754 0.503604 0.503488 0.50372 0.503636
756 0.50361 0.503493 0.503726 0.503639
758 0.503611 0.503495 0.503727 0.503643
760 0.503615 0.503498 0.503731 0.503646
762 0.503619 0.503502 0.503735 0.503649
764 0.503624 0.503508 0.50374 0.503653
766 0.503627 0.503511 0.503744 0.503656
768 0.503629 0.503513 0.503745 0.50366
770 0.50363 0.503514 0.503747 0.503663
772 0.503635 0.503519 0.503752 0.503666
774 0.50364 0.503523 0.503757 0.50367
776 0.503641 0.503524 0.503757 0.503673
778 0.503644 0.503528 0.503761 0.503676
780 0.503647 0.50353 0.503763 0.50368
782 0.503648 0.503532 0.503765 0.503683
784 0.503652 0.503536 0.503769 0.503686
786 0.503659 0.503543 0.503776 0.503689
788 0.503664 0.503547 0.503781 0.503692
790 0.503667 0.50355 0.503784 0.503696
792 0.503672 0.503555 0.503789 0.503699
794 0.503674 0.503557 0.503791 0.503702
796 0.503676 0.503559 0.503793 0.503705
798 0.503681 0.503564 0.503799 0.503708
800 0.503682 0.503565 0.503799 0.503711
802 0.503686 0.503569 0.503804 0.503714
804 0.503688 0.50357 0.503805 0.503717
806 0.50369 0.503572 0.503807 0.503721
808 0.503691 0.503574 0.503809 0.503724
810 0.503697 0.503579 0.503814 0.503727
812 0.503701 0.503583 0.503819 0.50373
814 0.503702 0.503584 0.503819 0.503733
816 0.503703 0.503586 0.503821 0.503736
818 0.503705 0.503587 0.503822 0.503739
820 0.503708 0.50359 0.503825 0.503742
822 0.503711 0.503593 0.503829 0.503745
824 0.503716 0.503598 0.503834 0.503747
826 0.50372 0.503602 0.503838 0.50375
828 0.503724 0.503607 0.503842 0.503753
830 0.503728 0.50361 0.503846 0.503756
832 0.503731 0.503613 0.503849 0.503759
834 0.503735 0.503617 0.503853 0.503762
836 0.503738 0.50362 0.503856 0.503765
838 0.503744 0.503626 0.503862 0.503768
840 0.503747 0.503629 0.503866 0.50377
842 0.503751 0.503633 0.50387 0.503773
844 0.503755 0.503637 0.503874 0.503776
846 0.503756 0.503638 0.503875 0.503779
848 0.503758 0.503639 0.503876 0.503782
850 0.503759 0.50364 0.503877 0.503784
852 0.503759 0.503641 0.503877 0.503787
854 0.503762 0.503643 0.50388 0.50379
856 0.503767 0.503648 0.503885 0.503792
858 0.503771 0.503652 0.503889 0.503795
860 0.503773 0.503655 0.503892 0.503798
862 0.503772 0.503653 0.50389 0.503801
864 0.503775 0.503656 0.503893 0.503803
866 0.503777 0.503659 0.503896 0.503806
868 0.503778 0.50366 0.503897 0.503809
870 0.503779 0.50366 0.503898 0.503811
872 0.503781 0.503662 0.5039 0.503814
874 0.503784 0.503666 0.503903 0.503816
876 0.503787 0.503668 0.503905 0.503819
878 0.503792 0.503673 0.50391 0.503822
880 0.503795 0.503676 0.503914 0.503824
882 0.503798 0.503679 0.503917 0.503827
884 0.503799 0.503681 0.503918 0.503829
886 0.503802 0.503683 0.50392 0.503832
888 0.503802 0.503684 0.503921 0.503834
890 0.503807 0.503688 0.503926 0.503837
892 0.503811 0.503692 0.50393 0.503839
894 0.503814 0.503695 0.503932 0.503842
896 0.503816 0.503697 0.503935 0.503844
898 0.503819 0.5037 0.503938 0.503847
900 0.503822 0.503703 0.503941 0.503849
902 0.503827 0.503708 0.503946 0.503852
904 0.503831 0.503711 0.50395 0.503854
906 0.503832 0.503713 0.503952 0.503856
908 0.503834 0.503715 0.503954 0.503859
910 0.503838 0.503718 0.503958 0.503861
912 0.503842 0.503723 0.503962 0.503864
914 0.503845 0.503726 0.503965 0.503866
916 0.503849 0.503729 0.503968 0.503868
918 0.503853 0.503733 0.503972 0.503871
920 0.503855 0.503735 0.503975 0.503873
922 0.503858 0.503738 0.503978 0.503875
924 0.50386 0.50374 0.50398 0.503878
926 0.50386 0.50374 0.50398 0.50388
928 0.503862 0.503742 0.503982 0.503882
930 0.503865 0.503745 0.503985 0.503885
932 0.503868 0.503748 0.503988 0.503887
934 0.503874 0.503754 0.503994 0.503889
936 0.503876 0.503756 0.503997 0.503892
938 0.503879 0.503759 0.503999 0.503894
940 0.503882 0.503762 0.504003 0.503896
942 0.503885 0.503764 0.504005 0.503898
944 0.503887 0.503766 0.504007 0.503901
946 0.503888 0.503768 0.504008 0.503903
948 0.503891 0.503771 0.504012 0.503905
950 0.503895 0.503775 0.504016 0.503907
952 0.503897 0.503777 0.504018 0.503909
954 0.503901 0.50378 0.504022 0.503912
956 0.5039 0.50378 0.504021 0.503914
958 0.503902 0.503781 0.504022 0.503916
960 0.503904 0.503784 0.504025 0.503918
962 0.503908 0.503787 0.504028 0.50392
964 0.50391 0.503789 0.504031 0.503922
966 0.503913 0.503792 0.504033 0.503924
968 0.503917 0.503796 0.504038 0.503927
970 0.503916 0.503795 0.504036 0.503929
972 0.503918 0.503797 0.504039 0.503931
974 0.503921 0.5038 0.504042 0.503933
976 0.503922 0.503801 0.504043 0.503935
978 0.503923 0.503802 0.504044 0.503937
980 0.503924 0.503803 0.504044 0.503939
982 0.503927 0.503806 0.504048 0.503941
984 0.50393 0.503809 0.504051 0.503943
986 0.503931 0.50381 0.504052 0.503945
988 0.503932 0.503811 0.504053 0.503947
990 0.503935 0.503814 0.504056 0.503949
992 0.503936 0.503815 0.504058 0.503951
994 0.503937 0.503816 0.504058 0.503953
996 0.50394 0.503819 0.504062 0.503955
998 0.503943 0.503821 0.504064 0.503957
1000 0.503944 0.503823 0.504065 0.503959
1002 0.503945 0.503824 0.504066 0.503961
1004 0.503948 0.503827 0.50407 0.503963
1006 0.503949 0.503828 0.50407 0.503965
1008 0.503951 0.503829 0.504072 0.503967
1010 0.503953 0.503832 0.504074 0.503969
1012 0.503955 0.503834 0.504076 0.503971
1014 0.503959 0.503838 0.504081 0.503973
1016 0.503962 0.503841 0.504083 0.503975
1018 0.503966 0.503844 0.504087 0.503977
1020 0.503969 0.503847 0.504091 0.503979
1022 0.503971 0.503849 0.504093 0.503981
1024 0.503973 0.503851 0.504095 0.503983
1026 0.503975 0.503853 0.504096 0.503985
1028 0.503976 0.503855 0.504098 0.503986
1030 0.503978 0.503856 0.5041 0.503988
1032 0.503979 0.503857 0.504101 0.50399
1034 0.503982 0.50386 0.504104 0.503992
1036 0.503985 0.503863 0.504107 0.503994
1038 0.503987 0.503865 0.504109 0.503996
1040 0.50399 0.503868 0.504112 0.503998
1042 0.503992 0.50387 0.504114 0.503999
1044 0.503995 0.503873 0.504117 0.504001
1046 0.503998 0.503876 0.50412 0.504003
1048 0.503998 0.503876 0.50412 0.504005
1050 0.504 0.503878 0.504122 0.504007
1052 0.504002 0.50388 0.504124 0.504008
1054 0.504002 0.50388 0.504124 0.50401
1056 0.504002 0.50388 0.504124 0.504012
1058 0.504004 0.503882 0.504126 0.504014
1060 0.504006 0.503884 0.504128 0.504016
1062 0.50401 0.503888 0.504132 0.504017
1064 0.504011 0.503889 0.504133 0.504019
1066 0.504011 0.503889 0.504133 0.504021
1068 0.504013 0.503891 0.504135 0.504023
1070 0.504015 0.503893 0.504137 0.504024
1072 0.504017 0.503895 0.504139 0.504026
1074 0.504017 0.503894 0.504139 0.504028
1076 0.504018 0.503896 0.50414 0.504029
1078 0.504019 0.503896 0.504141 0.504031
1080 0.50402 0.503898 0.504143 0.504033
1082 0.504023 0.5039 0.504145 0.504035
1084 0.504024 0.503901 0.504146 0.504036
1086 0.504028 0.503905 0.50415 0.504038
1088 0.504029 0.503907 0.504151 0.50404
1090 0.504029 0.503907 0.504152 0.504041
1092 0.504033 0.503911 0.504156 0.504043
1094 0.504035 0.503912 0.504157 0.504045
1096 0.504036 0.503913 0.504158 0.504046
1098 0.504039 0.503916 0.504161 0.504048
1100 0.504042 0.503919 0.504165 0.50405
1102 0.504044 0.503921 0.504167 0.504051
1104 0.504045 0.503922 0.504168 0.504053
1106 0.504044 0.503921 0.504167 0.504054
1108 0.504047 0.503925 0.50417 0.504056
1110 0.50405 0.503927 0.504173 0.504058
1112 0.50405 0.503927 0.504173 0.504059
1114 0.50405 0.503928 0.504173 0.504061
1116 0.504053 0.50393 0.504176 0.504063
1118 0.504056 0.503933 0.504179 0.504064
1120 0.504057 0.503934 0.50418 0.504066
1122 0.504058 0.503935 0.504181 0.504067
1124 0.50406 0.503937 0.504183 0.504069
1126 0.504061 0.503938 0.504184 0.50407
1128 0.504062 0.503939 0.504185 0.504072
1130 0.504062 0.503939 0.504185 0.504074
1132 0.504067 0.503944 0.50419 0.504075
1134 0.504069 0.503946 0.504192 0.504077
1136 0.50407 0.503947 0.504193 0.504078
1138 0.504073 0.503949 0.504196 0.50408
1140 0.504073 0.50395 0.504197 0.504081
1142 0.504075 0.503951 0.504198 0.504083
1144 0.504078 0.503954 0.504201 0.504084
1146 0.50408 0.503956 0.504203 0.504086
1148 0.504083 0.503959 0.504206 0.504087
1150 0.504085 0.503961 0.504208 0.504089
1152 0.504086 0.503963 0.50421 0.50409
1154 0.50409 0.503966 0.504213 0.504092
1156 0.504092 0.503968 0.504215 0.504093
1158 0.504093 0.503969 0.504216 0.504095
1160 0.504095 0.503971 0.504219 0.504096
1162 0.504097 0.503974 0.504221 0.504098
1164 0.504097 0.503974 0.504221 0.504099
1166 0.504098 0.503975 0.504222 0.504101
1168 0.504099 0.503975 0.504222 0.504102
1170 0.504101 0.503977 0.504224 0.504104
1172 0.504101 0.503978 0.504225 0.504105
1174 0.504103 0.50398 0.504227 0.504106
1176 0.504103 0.503979 0.504226 0.504108
1178 0.504105 0.503981 0.504228 0.504109
1180 0.504106 0.503983 0.50423 0.504111
1182 0.504109 0.503986 0.504233 0.504112
1184 0.504111 0.503987 0.504234 0.504114
1186 0.504112 0.503988 0.504236 0.504115
1188 0.504113 0.503989 0.504237 0.504116
1190 0.504114 0.503991 0.504238 0.504118
1192 0.504116 0.503992 0.504239 0.504119
1194 0.504115 0.503991 0.504239 0.504121
1196 0.504115 0.503992 0.504239 0.504122
1198 0.504118 0.503994 0.504242 0.504123
1200 0.504118 0.503995 0.504242 0.504125
1202 0.504121 0.503997 0.504245 0.504126
1204 0.504122 0.503999 0.504246 0.504127
1206 0.504123 0.503999 0.504247 0.504129
1208 0.504123 0.503999 0.504247 0.50413
1210 0.504125 0.504001 0.504249 0.504132
1212 0.504127 0.504003 0.504251 0.504133
1214 0.504129 0.504005 0.504253 0.504134
1216 0.504128 0.504004 0.504252 0.504136
1218 0.50413 0.504006 0.504253 0.504137
1220 0.50413 0.504006 0.504253 0.504138
1222 0.50413 0.504006 0.504254 0.50414
1224 0.504132 0.504008 0.504256 0.504141
1226 0.504133 0.504009 0.504257 0.504142
1228 0.504134 0.50401 0.504258 0.504144
1230 0.504134 0.50401 0.504258 0.504145
1232 0.504134 0.50401 0.504257 0.504146
1234 0.504137 0.504013 0.504261 0.504147
1236 0.504137 0.504013 0.504261 0.504149
1238 0.50414 0.504016 0.504264 0.50415
1240 0.504142 0.504018 0.504266 0.504151
1242 0.504144 0.50402 0.504268 0.504153
1244 0.504145 0.504021 0.504269 0.504154
1246 0.504146 0.504022 0.50427 0.504155
1248 0.504146 0.504022 0.50427 0.504157
1250 0.504147 0.504023 0.504271 0.504158
1252 0.50415 0.504026 0.504275 0.504159
1254 0.504154 0.50403 0.504278 0.50416
1256 0.504155 0.50403 0.504279 0.504162
1258 0.504155 0.504031 0.504279 0.504163
1260 0.504155 0.504031 0.504279 0.504164
1262 0.504155 0.504031 0.50428 0.504165
1264 0.504157 0.504033 0.504282 0.504167
1266 0.504158 0.504034 0.504282 0.504168
1268 0.504158 0.504034 0.504283 0.504169
1270 0.504159 0.504035 0.504284 0.50417
1272 0.504162 0.504038 0.504287 0.504172
1274 0.504163 0.504038 0.504287 0.504173
1276 0.504167 0.504043 0.504292 0.504174
1278 0.504169 0.504044 0.504293 0.504175
1280 0.504169 0.504044 0.504293 0.504176
1282 0.50417 0.504046 0.504295 0.504178
1284 0.50417 0.504046 0.504295 0.504179
1286 0.504172 0.504047 0.504296 0.50418
1288 0.504173 0.504048 0.504297 0.504181
1290 0.504175 0.50405 0.504299 0.504182
1292 0.504176 0.504051 0.504301 0.504184
1294 0.504177 0.504052 0.504301 0.504185
1296 0.504179 0.504055 0.504304 0.504186
1298 0.504179 0.504055 0.504304 0.504187
1300 0.504181 0.504056 0.504306 0.504188
1302 0.504183 0.504059 0.504308 0.504189
1304 0.504185 0.50406 0.50431 0.504191
1306 0.504186 0.504062 0.504311 0.504192
1308 0.504188 0.504063 0.504313 0.504193
1310 0.504188 0.504063 0.504313 0.504194
1312 0.504188 0.504064 0.504313 0.504195
1314 0.50419 0.504065 0.504315 0.504196
1316 0.504189 0.504065 0.504314 0.504198
1318 0.504189 0.504064 0.504314 0.504199
1320 0.504191 0.504066 0.504315 0.5042
1322 0.504191 0.504066 0.504315 0.504201
1324 0.50419 0.504066 0.504315 0.504202
1326 0.504191 0.504066 0.504315 0.504203
1328 0.504191 0.504066 0.504315 0.504204
1330 0.504192 0.504067 0.504317 0.504205
1332 0.504192 0.504067 0.504317 0.504207
1334 0.504194 0.504069 0.504318 0.504208
1336 0.504197 0.504072 0.504322 0.504209
1338 0.504197 0.504072 0.504322 0.50421
1340 0.504198 0.504073 0.504323 0.504211
1342 0.504198 0.504073 0.504323 0.504212
1344 0.504198 0.504073 0.504323 0.504213
1346 0.504197 0.504072 0.504322 0.504214
1348 0.504199 0.504075 0.504324 0.504215
1350 0.5042 0.504075 0.504325 0.504217
1352 0.504202 0.504077 0.504327 0.504218
1354 0.504204 0.504079 0.504329 0.504219
1356 0.504206 0.504081 0.504331 0.50422
1358 0.504207 0.504082 0.504332 0.504221
1360 0.50421 0.504085 0.504335 0.504222
1362 0.504211 0.504085 0.504336 0.504223
1364 0.504211 0.504086 0.504336 0.504224
1366 0.504213 0.504088 0.504338 0.504225
1368 0.504214 0.504089 0.504339 0.504226
1370 0.504216 0.50409 0.504341 0.504227
1372 0.504216 0.504091 0.504341 0.504228
1374 0.504217 0.504092 0.504343 0.504229
1376 0.504218 0.504093 0.504343 0.50423
1378 0.50422 0.504094 0.504345 0.504231
1380 0.504222 0.504097 0.504348 0.504233
1382 0.504223 0.504098 0.504349 0.504234
1384 0.504224 0.504099 0.50435 0.504235
1386 0.504228 0.504102 0.504353 0.504236
1388 0.504229 0.504103 0.504354 0.504237
1390 0.50423 0.504105 0.504355 0.504238
1392 0.504231 0.504106 0.504356 0.504239
1394 0.504234 0.504108 0.504359 0.50424
1396 0.504236 0.504111 0.504362 0.504241
1398 0.504236 0.50411 0.504362 0.504242
1400 0.504239 0.504113 0.504364 0.504243
1402 0.504241 0.504115 0.504367 0.504244
1404 0.504243 0.504117 0.504369 0.504245
1406 0.504244 0.504118 0.50437 0.504246
1408 0.504245 0.504119 0.50437 0.504247
1410 0.504245 0.504119 0.504371 0.504248
1412 0.504245 0.50412 0.504371 0.504249
1414 0.504246 0.504121 0.504372 0.50425
1416 0.504246 0.50412 0.504371 0.504251
1418 0.504246 0.504121 0.504372 0.504252
1420 0.504246 0.504121 0.504372 0.504253
1422 0.504247 0.504121 0.504372 0.504254
1424 0.504247 0.504122 0.504373 0.504255
1426 0.504248 0.504123 0.504374 0.504256
1428 0.504249 0.504123 0.504375 0.504257
1430 0.50425 0.504124 0.504375 0.504258
1432 0.504251 0.504125 0.504377 0.504259
1434 0.504252 0.504126 0.504377 0.50426
1436 0.504251 0.504125 0.504376 0.504261
1438 0.504251 0.504125 0.504376 0.504261
1440 0.504253 0.504127 0.504379 0.504262
1442 0.504255 0.504129 0.504381 0.504263
1444 0.504255 0.50413 0.504381 0.504264
1446 0.504257 0.504132 0.504383 0.504265
1448 0.504259 0.504133 0.504384 0.504266
1450 0.504261 0.504135 0.504387 0.504267
1452 0.504261 0.504135 0.504387 0.504268
1454 0.504264 0.504138 0.504389 0.504269
1456 0.504265 0.504139 0.504391 0.50427
1458 0.504266 0.50414 0.504392 0.504271
1460 0.504267 0.504141 0.504393 0.504272
1462 0.504268 0.504142 0.504394 0.504273
1464 0.504269 0.504143 0.504395 0.504274
1466 0.50427 0.504144 0.504396 0.504275
1468 0.50427 0.504144 0.504396 0.504276
1470 0.504272 0.504146 0.504398 0.504276
1472 0.504273 0.504147 0.504399 0.504277
1474 0.504274 0.504148 0.5044 0.504278
1476 0.504276 0.50415 0.504402 0.504279
1478 0.504278 0.504151 0.504404 0.50428
1480 0.504276 0.50415 0.504402 0.504281
1482 0.504277 0.504151 0.504403 0.504282
1484 0.504277 0.504151 0.504403 0.504283
1486 0.504277 0.504151 0.504403 0.504284
1488 0.504278 0.504152 0.504404 0.504285
1490 0.504278 0.504152 0.504404 0.504286
1492 0.50428 0.504154 0.504406 0.504286
1494 0.504282 0.504156 0.504408 0.504287
1496 0.504283 0.504156 0.504409 0.504288
1498 0.504282 0.504156 0.504408 0.504289
1500 0.504283 0.504157 0.504409 0.50429
1502 0.504284 0.504158 0.50441 0.504291
1504 0.504284 0.504158 0.50441 0.504292
1506 0.504286 0.50416 0.504412 0.504293
1508 0.504287 0.504161 0.504413 0.504293
1510 0.504288 0.504162 0.504414 0.504294
1512 0.504288 0.504162 0.504414 0.504295
1514 0.50429 0.504164 0.504416 0.504296
1516 0.50429 0.504164 0.504416 0.504297
1518 0.50429 0.504164 0.504416 0.504298
1520 0.50429 0.504164 0.504416 0.504299
1522 0.504291 0.504165 0.504417 0.5043
1524 0.504293 0.504167 0.504419 0.5043
1526 0.504293 0.504167 0.504419 0.504301
1528 0.504293 0.504167 0.50442 0.504302
1530 0.504294 0.504168 0.504421 0.504303
1532 0.504295 0.504169 0.504421 0.504304
1534 0.504296 0.50417 0.504422 0.504305
1536 0.504294 0.504168 0.50442 0.504305
1538 0.504296 0.50417 0.504422 0.504306
1540 0.504296 0.50417 0.504422 0.504307
1542 0.504295 0.504169 0.504421 0.504308
1544 0.504296 0.504171 0.504422 0.504309
1546 0.504297 0.504171 0.504423 0.50431
1548 0.504297 0.504171 0.504422 0.50431
1550 0.504298 0.504172 0.504424 0.504311
1552 0.5043 0.504174 0.504426 0.504312
1554 0.504301 0.504175 0.504427 0.504313
1556 0.504302 0.504176 0.504428 0.504314
1558 0.504302 0.504176 0.504428 0.504315
1560 0.504303 0.504177 0.504429 0.504315
1562 0.504303 0.504177 0.504429 0.504316
1564 0.504305 0.504179 0.504431 0.504317
1566 0.504305 0.504179 0.504431 0.504318
1568 0.504305 0.504179 0.504431 0.504319
1570 0.504306 0.50418 0.504432 0.504319
1572 0.504307 0.504181 0.504433 0.50432
1574 0.504308 0.504182 0.504434 0.504321
1576 0.504307 0.504182 0.504433 0.504322
1578 0.504308 0.504182 0.504434 0.504323
1580 0.504309 0.504183 0.504435 0.504323
1582 0.504311 0.504185 0.504437 0.504324
1584 0.504311 0.504185 0.504437 0.504325
1586 0.504311 0.504185 0.504437 0.504326
1588 0.504312 0.504186 0.504438 0.504327
1590 0.504312 0.504186 0.504438 0.504327
1592 0.504313 0.504187 0.504439 0.504328
1594 0.504314 0.504188 0.50444 0.504329
1596 0.504315 0.504189 0.504441 0.50433
1598 0.504316 0.50419 0.504442 0.504331
1600 0.504316 0.50419 0.504443 0.504331
1602 0.504317 0.504191 0.504443 0.504332
1604 0.504317 0.504191 0.504443 0.504333
1606 0.504319 0.504192 0.504445 0.504334
1608 0.504319 0.504192 0.504445 0.504334
1610 0.504321 0.504194 0.504447 0.504335
1612 0.504321 0.504195 0.504448 0.504336
1614 0.504322 0.504196 0.504449 0.504337
1616 0.504325 0.504198 0.504451 0.504337
1618 0.504325 0.504199 0.504452 0.504338
1620 0.504327 0.504201 0.504453 0.504339
1622 0.504328 0.504202 0.504455 0.50434
1624 0.504331 0.504204 0.504457 0.50434
1626 0.504331 0.504204 0.504457 0.504341
1628 0.504332 0.504206 0.504459 0.504342
1630 0.504332 0.504206 0.504459 0.504343
1632 0.504332 0.504206 0.504459 0.504343
1634 0.504332 0.504205 0.504458 0.504344
1636 0.504332 0.504206 0.504459 0.504345
1638 0.504331 0.504205 0.504458 0.504346
1640 0.504331 0.504204 0.504457 0.504346
1642 0.504331 0.504204 0.504457 0.504347
1644 0.504332 0.504205 0.504459 0.504348
1646 0.504334 0.504207 0.50446 0.504349
1648 0.504335 0.504209 0.504462 0.504349
1650 0.504336 0.50421 0.504463 0.50435
1652 0.504338 0.504212 0.504465 0.504351
1654 0.504339 0.504213 0.504466 0.504352
1656 0.50434 0.504213 0.504466 0.504352
1658 0.504341 0.504215 0.504468 0.504353
1660 0.504343 0.504216 0.50447 0.504354
1662 0.504342 0.504216 0.504469 0.504354
1664 0.504343 0.504217 0.50447 0.504355
1666 0.504344 0.504218 0.504471 0.504356
1668 0.504344 0.504218 0.504471 0.504357
1670 0.504346 0.504219 0.504472 0.504357
1672 0.504347 0.50422 0.504473 0.504358
1674 0.504348 0.504222 0.504475 0.504359
1676 0.504349 0.504222 0.504476 0.504359
1678 0.50435 0.504223 0.504476 0.50436
1680 0.50435 0.504223 0.504477 0.504361
1682 0.504351 0.504224 0.504477 0.504362
1684 0.504352 0.504226 0.504479 0.504362
1686 0.504354 0.504227 0.504481 0.504363
1688 0.504355 0.504228 0.504481 0.504364
1690 0.504355 0.504228 0.504482 0.504364
1692 0.504356 0.504229 0.504482 0.504365
1694 0.504356 0.504229 0.504483 0.504366
1696 0.504357 0.50423 0.504483 0.504366
1698 0.504357 0.50423 0.504484 0.504367
1700 0.504357 0.50423 0.504484 0.504368
1702 0.504359 0.504232 0.504485 0.504368
1704 0.504359 0.504232 0.504486 0.504369
1706 0.504361 0.504234 0.504488 0.50437
1708 0.504362 0.504235 0.504489 0.50437
1710 0.504363 0.504236 0.50449 0.504371
1712 0.504364 0.504237 0.504491 0.504372
1714 0.504365 0.504238 0.504492 0.504373
1716 0.504366 0.504239 0.504493 0.504373
1718 0.504366 0.504239 0.504493 0.504374
1720 0.504367 0.50424 0.504494 0.504375
1722 0.504366 0.504239 0.504493 0.504375
1724 0.504368 0.504241 0.504495 0.504376
1726 0.504369 0.504242 0.504496 0.504377
1728 0.504369 0.504242 0.504496 0.504377
1730 0.504369 0.504242 0.504496 0.504378
1732 0.504371 0.504244 0.504498 0.504379
1734 0.504371 0.504244 0.504498 0.504379
1736 0.504371 0.504244 0.504498 0.50438
1738 0.50437 0.504243 0.504497 0.50438
1740 0.504371 0.504244 0.504498 0.504381
1742 0.504373 0.504246 0.5045 0.504382
1744 0.504373 0.504246 0.5045 0.504382
1746 0.504373 0.504246 0.5045 0.504383
1748 0.504373 0.504246 0.5045 0.504384
1750 0.504374 0.504247 0.504501 0.504384
1752 0.504374 0.504247 0.504501 0.504385
1754 0.504375 0.504248 0.504502 0.504386
1756 0.504376 0.504249 0.504503 0.504386
1758 0.504378 0.504251 0.504505 0.504387
1760 0.504378 0.504251 0.504505 0.504388
1762 0.504378 0.504251 0.504505 0.504388
1764 0.504378 0.504251 0.504505 0.504389
1766 0.504378 0.504251 0.504505 0.50439
1768 0.504379 0.504252 0.504506 0.50439
1770 0.50438 0.504253 0.504507 0.504391
1772 0.504382 0.504255 0.504509 0.504391
1774 0.504382 0.504255 0.50451 0.504392
1776 0.504383 0.504255 0.50451 0.504393
1778 0.504383 0.504256 0.50451 0.504393
1780 0.504384 0.504257 0.504511 0.504394
1782 0.504385 0.504258 0.504512 0.504395
1784 0.504386 0.504259 0.504513 0.504395
1786 0.504386 0.504259 0.504514 0.504396
1788 0.504388 0.504261 0.504516 0.504396
1790 0.504389 0.504262 0.504516 0.504397
1792 0.504389 0.504262 0.504516 0.504398
1794 0.50439 0.504263 0.504517 0.504398
1796 0.504391 0.504264 0.504518 0.504399
1798 0.504392 0.504265 0.50452 0.5044
1800 0.504393 0.504265 0.50452 0.5044
1802 0.504393 0.504266 0.50452 0.504401
1804 0.504392 0.504265 0.50452 0.504401
1806 0.504393 0.504266 0.50452 0.504402
1808 0.504393 0.504266 0.504521 0.504403
1810 0.504394 0.504267 0.504522 0.504403
1812 0.504395 0.504267 0.504522 0.504404
1814 0.504394 0.504267 0.504522 0.504404
1816 0.504395 0.504267 0.504522 0.504405
1818 0.504396 0.504269 0.504524 0.504406
1820 0.504396 0.504269 0.504524 0.504406
1822 0.504397 0.504269 0.504524 0.504407
1824 0.504399 0.504271 0.504526 0.504407
1826 0.504398 0.504271 0.504526 0.504408
1828 0.504398 0.50427 0.504525 0.504409
1830 0.504398 0.504271 0.504526 0.504409
1832 0.504397 0.50427 0.504524 0.50441
1834 0.504398 0.50427 0.504525 0.50441
1836 0.504399 0.504272 0.504527 0.504411
1838 0.504399 0.504272 0.504527 0.504412
1840 0.5044 0.504273 0.504528 0.504412
1842 0.504402 0.504274 0.504529 0.504413
1844 0.504401 0.504274 0.504529 0.504413
1846 0.504403 0.504275 0.50453 0.504414
1848 0.504404 0.504276 0.504531 0.504414
1850 0.504404 0.504277 0.504532 0.504415
1852 0.504405 0.504278 0.504533 0.504416
1854 0.504406 0.504279 0.504534 0.504416
1856 0.504405 0.504278 0.504533 0.504417
1858 0.504405 0.504278 0.504533 0.504417
1860 0.504406 0.504278 0.504533 0.504418
1862 0.504406 0.504278 0.504533 0.504418
1864 0.504406 0.504279 0.504534 0.504419
1866 0.504408 0.50428 0.504535 0.50442
1868 0.504408 0.504281 0.504536 0.50442
1870 0.504409 0.504282 0.504537 0.504421
1872 0.50441 0.504282 0.504538 0.504421
1874 0.50441 0.504282 0.504537 0.504422
1876 0.504412 0.504284 0.504539 0.504422
1878 0.504411 0.504284 0.504539 0.504423
1880 0.504412 0.504285 0.50454 0.504424
1882 0.504413 0.504285 0.50454 0.504424
1884 0.504413 0.504285 0.50454 0.504425
1886 0.504413 0.504286 0.504541 0.504425
1888 0.504414 0.504286 0.504541 0.504426
1890 0.504415 0.504287 0.504542 0.504426
1892 0.504415 0.504288 0.504543 0.504427
1894 0.504416 0.504288 0.504543 0.504427
1896 0.504417 0.504289 0.504544 0.504428
1898 0.504416 0.504289 0.504544 0.504429
1900 0.504417 0.504289 0.504544 0.504429
1902 0.504417 0.50429 0.504545 0.50443
1904 0.504416 0.504289 0.504544 0.50443
1906 0.504417 0.50429 0.504545 0.504431
1908 0.504418 0.504291 0.504546 0.504431
1910 0.504418 0.50429 0.504545 0.504432
1912 0.504419 0.504292 0.504547 0.504432
1914 0.50442 0.504293 0.504548 0.504433
1916 0.50442 0.504292 0.504547 0.504433
1918 0.504419 0.504292 0.504547 0.504434
1920 0.504421 0.504293 0.504548 0.504435
1922 0.50442 0.504293 0.504548 0.504435
1924 0.504421 0.504294 0.504549 0.504436
1926 0.504421 0.504294 0.504548 0.504436
1928 0.504422 0.504294 0.504549 0.504437
1930 0.504423 0.504296 0.504551 0.504437
1932 0.504423 0.504296 0.50455 0.504438
1934 0.504423 0.504295 0.50455 0.504438
1936 0.504423 0.504296 0.504551 0.504439
1938 0.504423 0.504295 0.50455 0.504439
1940 0.504424 0.504296 0.504551 0.50444
1942 0.504425 0.504297 0.504552 0.50444
1944 0.504426 0.504298 0.504553 0.504441
1946 0.504427 0.504299 0.504554 0.504441
1948 0.504426 0.504298 0.504554 0.504442
1950 0.504427 0.504299 0.504554 0.504442
1952 0.504428 0.5043 0.504555 0.504443
1954 0.504428 0.504301 0.504556 0.504444
1956 0.504428 0.504301 0.504556 0.504444
1958 0.504428 0.504301 0.504556 0.504445
1960 0.50443 0.504303 0.504558 0.504445
1962 0.504431 0.504303 0.504558 0.504446
1964 0.504431 0.504304 0.504559 0.504446
1966 0.504432 0.504304 0.504559 0.504447
1968 0.504432 0.504305 0.50456 0.504447
1970 0.504432 0.504304 0.50456 0.504448
1972 0.504433 0.504305 0.504561 0.504448
1974 0.504434 0.504306 0.504562 0.504449
1976 0.504434 0.504306 0.504561 0.504449
1978 0.504433 0.504305 0.50456 0.50445
1980 0.504433 0.504305 0.50456 0.50445
1982 0.504433 0.504305 0.50456 0.504451
1984 0.504433 0.504305 0.50456 0.504451
1986 0.504433 0.504305 0.50456 0.504452
1988 0.504433 0.504305 0.504561 0.504452
1990 0.504433 0.504305 0.50456 0.504453
1992 0.504434 0.504307 0.504562 0.504453
1994 0.504434 0.504307 0.504562 0.504454
1996 0.504435 0.504307 0.504562 0.504454
1998 0.504435 0.504307 0.504563 0.504455
2000 0.504435 0.504307 0.504562 0.504455
2002 0.504435 0.504308 0.504563 0.504456
2004 0.504436 0.504309 0.504564 0.504456
2006 0.504438 0.50431 0.504566 0.504457
2008 0.504438 0.50431 0.504566 0.504457
2010 0.504439 0.504312 0.504567 0.504458
2012 0.50444 0.504312 0.504567 0.504458
2014 0.504441 0.504313 0.504568 0.504459
2016 0.504441 0.504313 0.504569 0.504459
2018 0.504442 0.504314 0.50457 0.50446
2020 0.504442 0.504314 0.50457 0.50446
2022 0.504443 0.504315 0.504571 0.504461
2024 0.504443 0.504315 0.504571 0.504461
2026 0.504441 0.504313 0.504569 0.504462
2028 0.504441 0.504313 0.504569 0.504462
2030 0.504441 0.504313 0.504568 0.504463
2032 0.50444 0.504313 0.504568 0.504463
2034 0.504441 0.504313 0.504569 0.504463
2036 0.504442 0.504314 0.50457 0.504464
2038 0.504443 0.504316 0.504571 0.504464
2040 0.504444 0.504316 0.504571 0.504465
2042 0.504443 0.504316 0.504571 0.504465
2044 0.504442 0.504315 0.50457 0.504466
2046 0.504442 0.504314 0.50457 0.504466
2048 0.504443 0.504315 0.50457 0.504467
2050 0.504443 0.504315 0.504571 0.504467
2052 0.504443 0.504315 0.504571 0.504468
2054 0.504445 0.504317 0.504573 0.504468
2056 0.504446 0.504318 0.504573 0.504469
2058 0.504445 0.504317 0.504573 0.504469
2060 0.504445 0.504318 0.504573 0.50447
2062 0.504445 0.504318 0.504573 0.50447
2064 0.504444 0.504316 0.504571 0.504471
2066 0.504445 0.504317 0.504573 0.504471
2068 0.504444 0.504317 0.504572 0.504471
2070 0.504445 0.504317 0.504573 0.504472
2072 0.504446 0.504318 0.504573 0.504472
2074 0.504445 0.504317 0.504572 0.504473
2076 0.504446 0.504318 0.504574 0.504473
2078 0.504447 0.504319 0.504575 0.504474
2080 0.504447 0.50432 0.504575 0.504474
2082 0.504448 0.50432 0.504575 0.504475
2084 0.504448 0.50432 0.504576 0.504475
2086 0.504449 0.504321 0.504577 0.504476
2088 0.504448 0.504321 0.504576 0.504476
2090 0.504449 0.504321 0.504576 0.504477
2092 0.504449 0.504321 0.504577 0.504477
2094 0.50445 0.504322 0.504578 0.504477
2096 0.50445 0.504323 0.504578 0.504478
2098 0.50445 0.504322 0.504578 0.504478
