//total_population estimated_relatedness lower_bound upper_bound relatedness
530 0.892999 0.892999 0.892999 0.892999
540 0.893019 0.892972 0.893066 0.893006
551 0.893031 0.892962 0.893099 0.893014
561 0.892986 0.892904 0.893068 0.893021
572 0.892986 0.892891 0.893081 0.893028
583 0.892946 0.892839 0.893052 0.893035
593 0.892952 0.892837 0.893068 0.893041
604 0.89295 0.892827 0.893074 0.893048
614 0.892962 0.892831 0.893092 0.893054
625 0.892961 0.892824 0.893098 0.89306
636 0.892972 0.892828 0.893116 0.893066
646 0.892957 0.892807 0.893107 0.893071
657 0.893007 0.892851 0.893162 0.893077
667 0.893002 0.892842 0.893162 0.893081
678 0.893004 0.892839 0.893168 0.893087
689 0.892993 0.892825 0.893162 0.893092
699 0.893005 0.892833 0.893178 0.893096
710 0.892967 0.89279 0.893144 0.893101
720 0.892988 0.892807 0.893168 0.893105
731 0.892975 0.892791 0.893159 0.89311
742 0.892984 0.892796 0.893171 0.893114
752 0.892993 0.892802 0.893184 0.893118
763 0.893032 0.892838 0.893225 0.893122
773 0.893074 0.892877 0.89327 0.893125
784 0.893072 0.892873 0.893272 0.893129
795 0.893063 0.892861 0.893266 0.893133
805 0.893052 0.892847 0.893258 0.893136
816 0.893068 0.89286 0.893276 0.89314
826 0.893058 0.892847 0.893268 0.893143
837 0.893051 0.892837 0.893264 0.893147
848 0.893055 0.89284 0.893271 0.89315
858 0.893042 0.892824 0.89326 0.893153
869 0.893045 0.892825 0.893265 0.893156
879 0.89304 0.892818 0.893261 0.893159
890 0.893083 0.892859 0.893307 0.893162
901 0.893074 0.892848 0.893299 0.893165
911 0.893077 0.892849 0.893304 0.893167
922 0.893077 0.892848 0.893307 0.89317
932 0.893054 0.892822 0.893286 0.893173
943 0.89304 0.892807 0.893274 0.893175
954 0.893012 0.892777 0.893247 0.893178
964 0.892991 0.892755 0.893228 0.89318
975 0.892991 0.892752 0.893229 0.893183
985 0.892982 0.892743 0.893222 0.893185
996 0.892972 0.892731 0.893214 0.893187
1007 0.89299 0.892748 0.893233 0.89319
1017 0.893001 0.892758 0.893245 0.893192
1028 0.893006 0.892761 0.893252 0.893194
1038 0.893019 0.892772 0.893265 0.893196
1049 0.892996 0.892749 0.893243 0.893198
1060 0.892997 0.892748 0.893246 0.8932
1070 0.893007 0.892758 0.893257 0.893202
1081 0.893007 0.892756 0.893258 0.893204
1091 0.893004 0.892752 0.893256 0.893206
1102 0.893021 0.892768 0.893273 0.893208
1113 0.893025 0.892771 0.893279 0.89321
1123 0.89303 0.892774 0.893286 0.893212
1134 0.893018 0.892761 0.893275 0.893213
1144 0.893034 0.892776 0.893292 0.893215
1155 0.893045 0.892786 0.893305 0.893217
1166 0.893035 0.892775 0.893296 0.893219
1176 0.893022 0.892761 0.893284 0.89322
1187 0.893006 0.892744 0.893269 0.893222
1197 0.893004 0.892741 0.893268 0.893223
1208 0.892985 0.892721 0.89325 0.893225
1219 0.892995 0.89273 0.893261 0.893227
1229 0.892991 0.892724 0.893257 0.893228
1240 0.892994 0.892726 0.893261 0.893229
1250 0.893005 0.892737 0.893274 0.893231
1261 0.893003 0.892734 0.893273 0.893232
1272 0.893 0.89273 0.89327 0.893234
1282 0.893019 0.892749 0.89329 0.893235
1293 0.893022 0.89275 0.893294 0.893237
1303 0.89303 0.892757 0.893302 0.893238
1314 0.893021 0.892747 0.893294 0.893239
1325 0.893012 0.892738 0.893287 0.893241
1335 0.893023 0.892748 0.893298 0.893242
1346 0.893029 0.892754 0.893305 0.893243
1356 0.893023 0.892747 0.893299 0.893244
1367 0.893027 0.89275 0.893304 0.893245
1378 0.893023 0.892745 0.893301 0.893247
1388 0.893022 0.892744 0.8933 0.893248
1399 0.89301 0.892732 0.893289 0.893249
1409 0.893002 0.892723 0.893282 0.89325
1420 0.893007 0.892727 0.893287 0.893251
1431 0.893014 0.892734 0.893295 0.893252
1441 0.893027 0.892746 0.893308 0.893254
1452 0.893021 0.892739 0.893303 0.893255
1462 0.893028 0.892746 0.89331 0.893256
1473 0.893024 0.892741 0.893306 0.893257
1484 0.893031 0.892747 0.893314 0.893258
1494 0.893026 0.892742 0.89331 0.893259
1505 0.89302 0.892736 0.893305 0.89326
1515 0.89303 0.892745 0.893315 0.893261
1526 0.89302 0.892734 0.893305 0.893262
1537 0.893022 0.892736 0.893308 0.893263
1547 0.893024 0.892737 0.893311 0.893264
1558 0.893034 0.892747 0.893321 0.893265
1568 0.89305 0.892763 0.893338 0.893266
1579 0.893057 0.892769 0.893345 0.893266
1590 0.893067 0.892778 0.893355 0.893267
1600 0.893053 0.892764 0.893342 0.893268
1611 0.893057 0.892767 0.893346 0.893269
1621 0.893067 0.892777 0.893358 0.89327
1632 0.89307 0.892779 0.893361 0.893271
1643 0.893079 0.892788 0.89337 0.893272
1653 0.893072 0.89278 0.893364 0.893273
1664 0.893075 0.892783 0.893367 0.893273
1674 0.893066 0.892773 0.893359 0.893274
1685 0.89307 0.892776 0.893363 0.893275
1696 0.893063 0.89277 0.893357 0.893276
1706 0.89306 0.892766 0.893355 0.893277
1717 0.893062 0.892767 0.893357 0.893277
1727 0.893054 0.892758 0.893349 0.893278
1738 0.893055 0.892759 0.89335 0.893279
1749 0.893058 0.892762 0.893354 0.89328
1759 0.893053 0.892757 0.893349 0.89328
1770 0.893034 0.892737 0.89333 0.893281
1780 0.893023 0.892726 0.89332 0.893282
1791 0.893025 0.892727 0.893323 0.893282
1802 0.89303 0.892732 0.893328 0.893283
1812 0.893027 0.892729 0.893326 0.893284
1823 0.893023 0.892724 0.893321 0.893285
1833 0.89303 0.892731 0.893329 0.893285
1844 0.893021 0.892721 0.89332 0.893286
1855 0.893008 0.892708 0.893308 0.893287
1865 0.893017 0.892717 0.893317 0.893287
1876 0.893014 0.892714 0.893314 0.893288
1886 0.893019 0.892718 0.89332 0.893288
1897 0.893015 0.892714 0.893316 0.893289
1908 0.89302 0.892719 0.893322 0.89329
1918 0.893015 0.892713 0.893317 0.89329
1929 0.893017 0.892715 0.893319 0.893291
1939 0.893005 0.892703 0.893308 0.893292
1950 0.893008 0.892705 0.89331 0.893292
1961 0.893005 0.892702 0.893308 0.893293
1971 0.893 0.892696 0.893303 0.893293
1982 0.892993 0.89269 0.893297 0.893294
1992 0.892986 0.892682 0.89329 0.893294
2003 0.892991 0.892687 0.893296 0.893295
2014 0.892985 0.89268 0.893289 0.893296
2024 0.892979 0.892674 0.893284 0.893296
2035 0.892994 0.892689 0.893299 0.893297
2045 0.892997 0.892692 0.893302 0.893297
2056 0.892994 0.892689 0.8933 0.893298
2067 0.893 0.892694 0.893305 0.893298
2077 0.892993 0.892687 0.893298 0.893299
2088 0.892996 0.89269 0.893303 0.893299
2098 0.892988 0.892681 0.893294 0.8933
2109 0.892998 0.892692 0.893305 0.8933
2120 0.892991 0.892684 0.893298 0.893301
2130 0.89299 0.892683 0.893298 0.893301
2141 0.892993 0.892685 0.8933 0.893302
2151 0.893 0.892692 0.893308 0.893302
2162 0.893006 0.892698 0.893314 0.893303
2173 0.893 0.892692 0.893308 0.893303
2183 0.892999 0.89269 0.893307 0.893304
2194 0.892996 0.892688 0.893304 0.893304
2204 0.892991 0.892682 0.8933 0.893305
2215 0.892992 0.892683 0.893301 0.893305
2226 0.892991 0.892682 0.8933 0.893306
2236 0.892992 0.892683 0.893301 0.893306
2247 0.892996 0.892687 0.893306 0.893307
2257 0.892994 0.892684 0.893304 0.893307
2268 0.893003 0.892693 0.893313 0.893308
2279 0.893003 0.892693 0.893313 0.893308
2289 0.892996 0.892686 0.893307 0.893308
2300 0.893003 0.892693 0.893314 0.893309
2310 0.893006 0.892695 0.893316 0.893309
2321 0.892999 0.892687 0.89331 0.89331
2332 0.892988 0.892677 0.8933 0.89331
2342 0.892981 0.892669 0.893292 0.89331
2353 0.892983 0.892671 0.893294 0.893311
2363 0.892979 0.892667 0.893291 0.893311
2374 0.892986 0.892674 0.893298 0.893312
2385 0.892981 0.892669 0.893293 0.893312
2395 0.892982 0.89267 0.893295 0.893313
2406 0.892984 0.892672 0.893297 0.893313
2416 0.892981 0.892668 0.893294 0.893313
2427 0.892981 0.892668 0.893294 0.893314
2438 0.892971 0.892658 0.893285 0.893314
2448 0.892969 0.892655 0.893282 0.893314
2459 0.892972 0.892659 0.893286 0.893315
2469 0.892971 0.892657 0.893285 0.893315
2480 0.892962 0.892649 0.893276 0.893316
2491 0.892961 0.892647 0.893275 0.893316
2501 0.892959 0.892645 0.893274 0.893316
2512 0.892957 0.892642 0.893272 0.893317
2522 0.892959 0.892644 0.893274 0.893317
2533 0.892963 0.892648 0.893278 0.893317
2544 0.892961 0.892645 0.893276 0.893318
2554 0.892962 0.892646 0.893277 0.893318
2565 0.892963 0.892648 0.893279 0.893318
2575 0.892962 0.892646 0.893278 0.893319
2586 0.89296 0.892644 0.893277 0.893319
2597 0.892953 0.892637 0.893269 0.893319
2607 0.892953 0.892637 0.89327 0.89332
2618 0.89296 0.892644 0.893277 0.89332
2628 0.892959 0.892642 0.893275 0.89332
2639 0.892964 0.892647 0.89328 0.893321
2650 0.892964 0.892647 0.893281 0.893321
2660 0.892966 0.892649 0.893283 0.893321
2671 0.892968 0.892651 0.893285 0.893322
2681 0.892955 0.892638 0.893272 0.893322
2692 0.892955 0.892638 0.893273 0.893322
2703 0.892956 0.892638 0.893273 0.893323
2713 0.892965 0.892647 0.893282 0.893323
2724 0.892961 0.892643 0.893278 0.893323
2734 0.892954 0.892636 0.893272 0.893324
2745 0.892953 0.892635 0.893271 0.893324
2756 0.892954 0.892636 0.893273 0.893324
2766 0.892956 0.892638 0.893274 0.893324
2777 0.892966 0.892648 0.893285 0.893325
2787 0.892975 0.892657 0.893294 0.893325
2798 0.892965 0.892646 0.893284 0.893325
2809 0.892966 0.892647 0.893285 0.893326
2819 0.892967 0.892647 0.893286 0.893326
2830 0.892969 0.89265 0.893288 0.893326
2840 0.892968 0.892648 0.893288 0.893326
2851 0.892975 0.892655 0.893294 0.893327
2862 0.892986 0.892666 0.893305 0.893327
2872 0.892982 0.892662 0.893302 0.893327
2883 0.89298 0.89266 0.8933 0.893328
2893 0.892983 0.892663 0.893303 0.893328
2904 0.892982 0.892662 0.893302 0.893328
2915 0.892974 0.892654 0.893295 0.893328
2925 0.892973 0.892653 0.893294 0.893329
2936 0.892965 0.892645 0.893286 0.893329
2946 0.892969 0.892648 0.893289 0.893329
2957 0.892965 0.892644 0.893286 0.893329
2968 0.892952 0.892631 0.893272 0.89333
2978 0.892944 0.892623 0.893265 0.89333
2989 0.892946 0.892625 0.893267 0.89333
2999 0.892945 0.892623 0.893266 0.89333
3010 0.892944 0.892623 0.893266 0.893331
3021 0.892948 0.892627 0.893269 0.893331
3031 0.892953 0.892632 0.893275 0.893331
3042 0.892951 0.892629 0.893273 0.893331
3052 0.892952 0.89263 0.893273 0.893332
3063 0.892955 0.892633 0.893276 0.893332
3074 0.892953 0.892631 0.893274 0.893332
3084 0.892946 0.892624 0.893268 0.893332
3095 0.892949 0.892627 0.893271 0.893333
3105 0.892953 0.89263 0.893275 0.893333
3116 0.892954 0.892632 0.893277 0.893333
3127 0.892955 0.892632 0.893277 0.893333
3137 0.892955 0.892633 0.893278 0.893334
3148 0.892953 0.89263 0.893275 0.893334
3158 0.892945 0.892622 0.893268 0.893334
3169 0.89295 0.892627 0.893273 0.893334
3180 0.892952 0.892629 0.893275 0.893334
3190 0.892945 0.892622 0.893268 0.893335
3201 0.892944 0.892621 0.893267 0.893335
3211 0.892944 0.892621 0.893268 0.893335
3222 0.892947 0.892624 0.89327 0.893335
3233 0.892943 0.89262 0.893266 0.893336
3243 0.892939 0.892616 0.893263 0.893336
3254 0.892938 0.892615 0.893262 0.893336
3264 0.892943 0.892619 0.893267 0.893336
3275 0.892947 0.892623 0.893271 0.893336
3286 0.892951 0.892627 0.893275 0.893337
3296 0.892946 0.892622 0.89327 0.893337
3307 0.892942 0.892618 0.893266 0.893337
3317 0.892945 0.892621 0.893269 0.893337
3328 0.892943 0.892619 0.893267 0.893337
3339 0.892947 0.892623 0.893272 0.893338
3349 0.892949 0.892625 0.893273 0.893338
3360 0.89295 0.892626 0.893275 0.893338
3370 0.892951 0.892627 0.893275 0.893338
3381 0.892946 0.892622 0.89327 0.893338
3392 0.892939 0.892615 0.893264 0.893339
3402 0.892945 0.892621 0.89327 0.893339
3413 0.892947 0.892622 0.893272 0.893339
3423 0.892947 0.892623 0.893272 0.893339
3434 0.892951 0.892626 0.893276 0.893339
3445 0.892949 0.892624 0.893274 0.89334
3455 0.892945 0.89262 0.89327 0.89334
3466 0.892951 0.892626 0.893276 0.89334
3476 0.892951 0.892625 0.893276 0.89334
3487 0.892941 0.892615 0.893266 0.89334
3498 0.892946 0.892621 0.893272 0.893341
3508 0.892944 0.892619 0.89327 0.893341
3519 0.892947 0.892621 0.893273 0.893341
3529 0.89295 0.892624 0.893275 0.893341
3540 0.892945 0.892619 0.893271 0.893341
3551 0.892941 0.892615 0.893267 0.893342
3561 0.892942 0.892615 0.893268 0.893342
3572 0.892946 0.892619 0.893272 0.893342
3582 0.89295 0.892624 0.893277 0.893342
3593 0.892948 0.892621 0.893275 0.893342
3604 0.892954 0.892627 0.89328 0.893342
3614 0.89295 0.892623 0.893277 0.893343
3625 0.892949 0.892623 0.893276 0.893343
3635 0.89295 0.892623 0.893277 0.893343
3646 0.892947 0.89262 0.893274 0.893343
3657 0.892948 0.892621 0.893275 0.893343
3667 0.892945 0.892618 0.893272 0.893343
3678 0.892953 0.892626 0.89328 0.893344
3688 0.892953 0.892626 0.89328 0.893344
3699 0.892956 0.892629 0.893283 0.893344
3710 0.892953 0.892626 0.89328 0.893344
3720 0.892951 0.892624 0.893279 0.893344
3731 0.892949 0.892622 0.893277 0.893344
3741 0.892947 0.892619 0.893274 0.893345
3752 0.892942 0.892614 0.89327 0.893345
3763 0.892941 0.892614 0.893269 0.893345
3773 0.892941 0.892614 0.893269 0.893345
3784 0.892942 0.892614 0.89327 0.893345
3794 0.892945 0.892617 0.893273 0.893345
3805 0.892944 0.892616 0.893272 0.893346
3816 0.892949 0.892621 0.893277 0.893346
3826 0.892954 0.892626 0.893282 0.893346
3837 0.892961 0.892633 0.893289 0.893346
3847 0.892962 0.892634 0.893291 0.893346
3858 0.89297 0.892641 0.893298 0.893346
3869 0.892967 0.892638 0.893295 0.893346
3879 0.89297 0.892641 0.893299 0.893347
3890 0.892968 0.892639 0.893297 0.893347
3900 0.892966 0.892637 0.893295 0.893347
3911 0.892962 0.892633 0.893291 0.893347
3922 0.892968 0.892639 0.893297 0.893347
3932 0.892969 0.89264 0.893298 0.893347
3943 0.89297 0.892641 0.893299 0.893347
3953 0.892973 0.892644 0.893303 0.893348
3964 0.892974 0.892644 0.893303 0.893348
3975 0.892979 0.89265 0.893309 0.893348
3985 0.89298 0.89265 0.893309 0.893348
3996 0.892979 0.892649 0.893309 0.893348
4006 0.89298 0.89265 0.89331 0.893348
4017 0.892983 0.892653 0.893313 0.893348
4028 0.892983 0.892653 0.893312 0.893349
4038 0.892975 0.892645 0.893305 0.893349
4049 0.892977 0.892647 0.893307 0.893349
4059 0.892974 0.892644 0.893304 0.893349
4070 0.892976 0.892646 0.893306 0.893349
4081 0.892978 0.892648 0.893308 0.893349
4091 0.892979 0.892649 0.893309 0.893349
4102 0.892982 0.892651 0.893312 0.89335
4112 0.892983 0.892653 0.893313 0.89335
4123 0.892981 0.89265 0.893311 0.89335
4134 0.892988 0.892658 0.893319 0.89335
4144 0.892985 0.892655 0.893316 0.89335
4155 0.892984 0.892653 0.893314 0.89335
4165 0.892983 0.892653 0.893314 0.89335
4176 0.892985 0.892654 0.893316 0.89335
4187 0.892988 0.892657 0.893319 0.893351
4197 0.892991 0.89266 0.893322 0.893351
4208 0.892993 0.892662 0.893323 0.893351
4218 0.892986 0.892655 0.893317 0.893351
4229 0.892984 0.892653 0.893315 0.893351
4240 0.892985 0.892654 0.893316 0.893351
4250 0.892984 0.892653 0.893315 0.893351
4261 0.892985 0.892654 0.893316 0.893352
4271 0.892981 0.89265 0.893312 0.893352
4282 0.892973 0.892642 0.893304 0.893352
4293 0.89297 0.892639 0.893301 0.893352
4303 0.892972 0.892641 0.893303 0.893352
4314 0.89298 0.892648 0.893311 0.893352
4324 0.892978 0.892646 0.893309 0.893352
4335 0.892978 0.892647 0.893309 0.893352
4346 0.892983 0.892651 0.893314 0.893352
4356 0.892978 0.892646 0.89331 0.893353
4367 0.892981 0.89265 0.893313 0.893353
4377 0.892981 0.892649 0.893313 0.893353
4388 0.892982 0.89265 0.893313 0.893353
4399 0.892986 0.892654 0.893318 0.893353
4409 0.892988 0.892657 0.89332 0.893353
4420 0.892984 0.892652 0.893316 0.893353
4430 0.892982 0.89265 0.893314 0.893353
4441 0.892978 0.892645 0.89331 0.893354
4452 0.892976 0.892644 0.893308 0.893354
4462 0.892975 0.892642 0.893307 0.893354
4473 0.892971 0.892639 0.893303 0.893354
4483 0.89297 0.892638 0.893302 0.893354
4494 0.89297 0.892638 0.893302 0.893354
4505 0.892972 0.89264 0.893304 0.893354
4515 0.892973 0.89264 0.893305 0.893354
4526 0.892973 0.89264 0.893305 0.893354
4536 0.892972 0.89264 0.893305 0.893355
4547 0.89297 0.892638 0.893303 0.893355
4558 0.892972 0.89264 0.893305 0.893355
4568 0.892972 0.892639 0.893304 0.893355
4579 0.892974 0.892642 0.893307 0.893355
4589 0.892976 0.892643 0.893309 0.893355
4600 0.892969 0.892636 0.893302 0.893355
4611 0.892972 0.892639 0.893305 0.893355
4621 0.892969 0.892636 0.893302 0.893355
4632 0.89297 0.892637 0.893303 0.893356
4642 0.892974 0.892641 0.893307 0.893356
4653 0.892975 0.892642 0.893308 0.893356
4664 0.892969 0.892636 0.893302 0.893356
4674 0.892966 0.892633 0.8933 0.893356
4685 0.892969 0.892636 0.893302 0.893356
4695 0.892967 0.892633 0.8933 0.893356
4706 0.892967 0.892634 0.893301 0.893356
4717 0.892973 0.89264 0.893307 0.893356
4727 0.892972 0.892639 0.893306 0.893356
4738 0.892972 0.892639 0.893306 0.893357
4748 0.892972 0.892638 0.893306 0.893357
4759 0.892975 0.892642 0.893309 0.893357
4770 0.892977 0.892643 0.893311 0.893357
4780 0.892981 0.892647 0.893315 0.893357
4791 0.89298 0.892646 0.893314 0.893357
4801 0.89298 0.892646 0.893314 0.893357
4812 0.89298 0.892646 0.893314 0.893357
4823 0.892977 0.892643 0.893311 0.893357
4833 0.892975 0.892641 0.893309 0.893357
4844 0.892982 0.892647 0.893316 0.893358
4854 0.892982 0.892647 0.893316 0.893358
4865 0.892981 0.892646 0.893315 0.893358
4876 0.892978 0.892644 0.893312 0.893358
4886 0.892977 0.892642 0.893311 0.893358
4897 0.892976 0.892641 0.89331 0.893358
4907 0.892975 0.892641 0.89331 0.893358
4918 0.892971 0.892637 0.893306 0.893358
4929 0.892975 0.892641 0.89331 0.893358
4939 0.892979 0.892645 0.893314 0.893358
4950 0.892983 0.892648 0.893317 0.893358
4960 0.892986 0.892651 0.893321 0.893359
4971 0.892985 0.89265 0.89332 0.893359
4982 0.892983 0.892649 0.893318 0.893359
4992 0.892983 0.892649 0.893318 0.893359
5003 0.892983 0.892648 0.893318 0.893359
5013 0.892981 0.892646 0.893316 0.893359
5024 0.892985 0.89265 0.89332 0.893359
5035 0.892984 0.892649 0.893319 0.893359
5045 0.892984 0.892649 0.893319 0.893359
5056 0.89298 0.892645 0.893315 0.893359
5066 0.892982 0.892647 0.893317 0.893359
5077 0.892981 0.892646 0.893315 0.89336
5088 0.892979 0.892644 0.893314 0.89336
5098 0.892982 0.892646 0.893317 0.89336
5109 0.892982 0.892647 0.893318 0.89336
5119 0.892984 0.892649 0.893319 0.89336
5130 0.892987 0.892652 0.893322 0.89336
5141 0.892989 0.892654 0.893324 0.89336
5151 0.89299 0.892655 0.893325 0.89336
5162 0.892987 0.892652 0.893322 0.89336
5172 0.892987 0.892652 0.893323 0.89336
5183 0.892982 0.892646 0.893317 0.89336
5194 0.89298 0.892645 0.893316 0.893361
5204 0.892985 0.89265 0.893321 0.893361
5215 0.892985 0.89265 0.893321 0.893361
5225 0.892988 0.892652 0.893323 0.893361
5236 0.892995 0.89266 0.893331 0.893361
5247 0.89299 0.892654 0.893325 0.893361
5257 0.892991 0.892655 0.893326 0.893361
5268 0.892995 0.89266 0.893331 0.893361
5278 0.892999 0.892663 0.893334 0.893361
5289 0.892999 0.892663 0.893334 0.893361
5300 0.892998 0.892663 0.893334 0.893361
5310 0.892994 0.892658 0.893329 0.893361
5321 0.892996 0.89266 0.893332 0.893361
5331 0.892991 0.892656 0.893327 0.893362
5342 0.892993 0.892658 0.893329 0.893362
5353 0.892994 0.892658 0.893329 0.893362
5363 0.892988 0.892653 0.893324 0.893362
5374 0.89299 0.892654 0.893326 0.893362
5384 0.892991 0.892655 0.893327 0.893362
5395 0.892985 0.892649 0.893322 0.893362
5406 0.892987 0.892651 0.893323 0.893362
5416 0.892987 0.892651 0.893324 0.893362
5427 0.892986 0.892649 0.893322 0.893362
5437 0.892981 0.892645 0.893317 0.893362
5448 0.892982 0.892646 0.893318 0.893362
5459 0.892982 0.892645 0.893318 0.893362
5469 0.892981 0.892644 0.893317 0.893363
5480 0.89298 0.892644 0.893317 0.893363
5490 0.89298 0.892644 0.893317 0.893363
5501 0.892981 0.892644 0.893317 0.893363
5512 0.892978 0.892642 0.893315 0.893363
5522 0.892981 0.892645 0.893318 0.893363
5533 0.892982 0.892645 0.893319 0.893363
5543 0.892983 0.892646 0.893319 0.893363
5554 0.892984 0.892647 0.89332 0.893363
5565 0.892978 0.892641 0.893315 0.893363
5575 0.892983 0.892646 0.893319 0.893363
5586 0.892985 0.892648 0.893321 0.893363
5596 0.892986 0.892649 0.893323 0.893363
5607 0.892989 0.892652 0.893326 0.893364
5618 0.892991 0.892654 0.893328 0.893364
5628 0.892992 0.892655 0.893329 0.893364
5639 0.892989 0.892652 0.893326 0.893364
5649 0.892992 0.892655 0.893329 0.893364
5660 0.892989 0.892652 0.893326 0.893364
5671 0.892988 0.892651 0.893325 0.893364
5681 0.892987 0.89265 0.893324 0.893364
5692 0.892985 0.892648 0.893322 0.893364
5702 0.892982 0.892645 0.893319 0.893364
5713 0.892982 0.892645 0.893319 0.893364
5724 0.89298 0.892643 0.893317 0.893364
5734 0.892978 0.892641 0.893315 0.893364
5745 0.892978 0.892641 0.893316 0.893364
5755 0.892977 0.89264 0.893314 0.893365
5766 0.892977 0.892639 0.893314 0.893365
5777 0.892975 0.892638 0.893312 0.893365
5787 0.892976 0.892639 0.893313 0.893365
5798 0.892975 0.892638 0.893312 0.893365
5808 0.892976 0.892639 0.893314 0.893365
5819 0.892975 0.892638 0.893313 0.893365
5830 0.892979 0.892642 0.893317 0.893365
5840 0.892977 0.89264 0.893314 0.893365
5851 0.892977 0.89264 0.893315 0.893365
5861 0.892977 0.89264 0.893314 0.893365
5872 0.892976 0.892639 0.893313 0.893365
5883 0.892976 0.892638 0.893313 0.893365
5893 0.892977 0.892639 0.893314 0.893365
5904 0.892979 0.892642 0.893316 0.893365
5914 0.892977 0.89264 0.893315 0.893366
5925 0.89298 0.892642 0.893317 0.893366
5936 0.89298 0.892642 0.893317 0.893366
5946 0.892979 0.892642 0.893317 0.893366
5957 0.892978 0.892641 0.893316 0.893366
5967 0.892977 0.892639 0.893315 0.893366
5978 0.892974 0.892637 0.893312 0.893366
5989 0.892975 0.892637 0.893312 0.893366
5999 0.892972 0.892635 0.89331 0.893366
6010 0.89297 0.892632 0.893307 0.893366
6020 0.892969 0.892632 0.893307 0.893366
6031 0.892971 0.892634 0.893309 0.893366
6042 0.892972 0.892634 0.893309 0.893366
6052 0.892975 0.892637 0.893312 0.893366
6063 0.892975 0.892637 0.893312 0.893366
6073 0.892981 0.892643 0.893319 0.893366
6084 0.892976 0.892638 0.893314 0.893367
6095 0.892978 0.89264 0.893316 0.893367
6105 0.892976 0.892638 0.893314 0.893367
6116 0.892975 0.892637 0.893313 0.893367
6126 0.89297 0.892632 0.893308 0.893367
6137 0.89297 0.892632 0.893308 0.893367
6148 0.892968 0.89263 0.893306 0.893367
6158 0.892968 0.89263 0.893306 0.893367
6169 0.892967 0.892629 0.893305 0.893367
6179 0.892966 0.892628 0.893304 0.893367
6190 0.892969 0.892631 0.893308 0.893367
6201 0.892968 0.89263 0.893306 0.893367
6211 0.892967 0.892629 0.893305 0.893367
6222 0.892967 0.892628 0.893305 0.893367
6232 0.892967 0.892629 0.893305 0.893367
6243 0.89297 0.892632 0.893308 0.893367
6254 0.892968 0.89263 0.893306 0.893367
6264 0.892968 0.89263 0.893306 0.893368
6275 0.892966 0.892628 0.893305 0.893368
6285 0.892968 0.892629 0.893306 0.893368
6296 0.892966 0.892628 0.893305 0.893368
6307 0.892966 0.892627 0.893304 0.893368
6317 0.892964 0.892625 0.893302 0.893368
6328 0.892966 0.892627 0.893304 0.893368
6338 0.892966 0.892627 0.893305 0.893368
6349 0.892963 0.892624 0.893301 0.893368
6360 0.892964 0.892626 0.893303 0.893368
6370 0.892966 0.892627 0.893305 0.893368
6381 0.892966 0.892628 0.893305 0.893368
6391 0.892964 0.892625 0.893303 0.893368
6402 0.892963 0.892624 0.893302 0.893368
6413 0.892964 0.892625 0.893303 0.893368
6423 0.892963 0.892624 0.893302 0.893368
6434 0.892964 0.892625 0.893303 0.893368
6444 0.892965 0.892626 0.893304 0.893368
6455 0.892968 0.892629 0.893307 0.893369
6466 0.892966 0.892627 0.893305 0.893369
6476 0.892963 0.892624 0.893302 0.893369
6487 0.892963 0.892624 0.893302 0.893369
6497 0.892964 0.892625 0.893303 0.893369
6508 0.892967 0.892628 0.893306 0.893369
6519 0.892966 0.892626 0.893305 0.893369
6529 0.892963 0.892624 0.893302 0.893369
6540 0.892965 0.892626 0.893304 0.893369
6550 0.892966 0.892627 0.893305 0.893369
6561 0.892968 0.892628 0.893307 0.893369
6572 0.892967 0.892628 0.893307 0.893369
6582 0.892969 0.892629 0.893308 0.893369
6593 0.892966 0.892627 0.893306 0.893369
6603 0.892968 0.892628 0.893307 0.893369
6614 0.892969 0.89263 0.893308 0.893369
6625 0.892972 0.892633 0.893311 0.893369
6635 0.892971 0.892632 0.89331 0.893369
6646 0.892969 0.89263 0.893309 0.893369
6656 0.892968 0.892629 0.893308 0.89337
6667 0.892969 0.892629 0.893308 0.89337
6678 0.892971 0.892631 0.89331 0.89337
6688 0.892968 0.892628 0.893307 0.89337
6699 0.892963 0.892624 0.893303 0.89337
6709 0.892965 0.892626 0.893304 0.89337
6720 0.892965 0.892626 0.893305 0.89337
6731 0.892966 0.892626 0.893305 0.89337
6741 0.892967 0.892627 0.893306 0.89337
6752 0.892969 0.892629 0.893308 0.89337
6762 0.89297 0.892631 0.89331 0.89337
6773 0.892968 0.892629 0.893308 0.89337
6784 0.892965 0.892625 0.893304 0.89337
6794 0.892962 0.892622 0.893301 0.89337
6805 0.892963 0.892623 0.893302 0.89337
6815 0.892965 0.892625 0.893304 0.89337
6826 0.892965 0.892626 0.893305 0.89337
6837 0.892964 0.892624 0.893304 0.89337
6847 0.892961 0.892621 0.893301 0.89337
6858 0.892962 0.892623 0.893302 0.89337
6868 0.892965 0.892625 0.893305 0.893371
6879 0.892964 0.892624 0.893303 0.893371
6890 0.892964 0.892624 0.893304 0.893371
6900 0.892963 0.892623 0.893303 0.893371
6911 0.892963 0.892623 0.893303 0.893371
6921 0.892964 0.892624 0.893304 0.893371
6932 0.892963 0.892623 0.893303 0.893371
6943 0.892963 0.892623 0.893303 0.893371
6953 0.892964 0.892624 0.893304 0.893371
6964 0.892966 0.892626 0.893306 0.893371
6974 0.892967 0.892627 0.893307 0.893371
6985 0.892963 0.892623 0.893303 0.893371
6996 0.892962 0.892622 0.893302 0.893371
7006 0.892965 0.892625 0.893306 0.893371
7017 0.892966 0.892626 0.893306 0.893371
7027 0.892965 0.892625 0.893305 0.893371
7038 0.892966 0.892626 0.893306 0.893371
7049 0.892966 0.892626 0.893307 0.893371
7059 0.892966 0.892626 0.893306 0.893371
7070 0.892965 0.892625 0.893306 0.893371
7080 0.892964 0.892624 0.893304 0.893371
7091 0.892964 0.892624 0.893304 0.893371
7102 0.892963 0.892622 0.893303 0.893372
7112 0.892963 0.892623 0.893303 0.893372
7123 0.892962 0.892622 0.893303 0.893372
7133 0.892962 0.892621 0.893302 0.893372
7144 0.89296 0.89262 0.8933 0.893372
7155 0.892959 0.892618 0.893299 0.893372
7165 0.892958 0.892617 0.893298 0.893372
7176 0.892956 0.892615 0.893296 0.893372
7186 0.892956 0.892615 0.893296 0.893372
7197 0.892956 0.892616 0.893297 0.893372
7208 0.892956 0.892615 0.893296 0.893372
7218 0.892955 0.892615 0.893295 0.893372
7229 0.892957 0.892617 0.893298 0.893372
7239 0.892953 0.892612 0.893293 0.893372
7250 0.892956 0.892615 0.893296 0.893372
7261 0.892954 0.892613 0.893294 0.893372
7271 0.892952 0.892612 0.893293 0.893372
7282 0.892956 0.892615 0.893296 0.893372
7292 0.892953 0.892613 0.893293 0.893372
7303 0.892952 0.892611 0.893292 0.893372
7314 0.892953 0.892612 0.893294 0.893372
7324 0.892957 0.892616 0.893297 0.893372
7335 0.892954 0.892614 0.893295 0.893372
7345 0.892954 0.892613 0.893294 0.893373
7356 0.892955 0.892615 0.893296 0.893373
7367 0.892954 0.892613 0.893294 0.893373
7377 0.89295 0.892609 0.89329 0.893373
7388 0.892952 0.892612 0.893293 0.893373
7398 0.892955 0.892615 0.893296 0.893373
7409 0.892955 0.892615 0.893296 0.893373
7420 0.892952 0.892611 0.893292 0.893373
7430 0.892952 0.892611 0.893293 0.893373
7441 0.892952 0.892611 0.893293 0.893373
7451 0.89295 0.89261 0.893291 0.893373
7462 0.892952 0.892611 0.893293 0.893373
7473 0.892952 0.892611 0.893293 0.893373
7483 0.892952 0.892611 0.893293 0.893373
7494 0.892952 0.892612 0.893293 0.893373
7504 0.892953 0.892612 0.893294 0.893373
7515 0.89295 0.892609 0.893291 0.893373
7526 0.892951 0.89261 0.893292 0.893373
7536 0.892954 0.892613 0.893295 0.893373
7547 0.892956 0.892615 0.893297 0.893373
7557 0.892957 0.892616 0.893298 0.893373
7568 0.892959 0.892618 0.8933 0.893373
7579 0.892961 0.89262 0.893302 0.893373
7589 0.89296 0.892619 0.893301 0.893373
7600 0.892956 0.892615 0.893298 0.893374
7610 0.892956 0.892614 0.893297 0.893374
7621 0.892952 0.892611 0.893293 0.893374
7632 0.892952 0.89261 0.893293 0.893374
7642 0.892953 0.892611 0.893294 0.893374
7653 0.89295 0.892609 0.893292 0.893374
7663 0.892953 0.892612 0.893294 0.893374
7674 0.892953 0.892612 0.893295 0.893374
7685 0.892952 0.89261 0.893293 0.893374
7695 0.89295 0.892609 0.893291 0.893374
7706 0.892949 0.892607 0.89329 0.893374
7716 0.892949 0.892608 0.893291 0.893374
7727 0.89295 0.892609 0.893291 0.893374
7738 0.89295 0.892609 0.893291 0.893374
7748 0.89295 0.892609 0.893291 0.893374
7759 0.892952 0.89261 0.893293 0.893374
7769 0.892952 0.892611 0.893294 0.893374
7780 0.892951 0.89261 0.893292 0.893374
7791 0.892948 0.892607 0.89329 0.893374
7801 0.892953 0.892612 0.893295 0.893374
7812 0.892952 0.89261 0.893293 0.893374
7822 0.892949 0.892607 0.89329 0.893374
7833 0.892948 0.892607 0.89329 0.893374
7844 0.892949 0.892607 0.89329 0.893374
7854 0.892948 0.892607 0.89329 0.893374
7865 0.892949 0.892607 0.89329 0.893374
7875 0.892948 0.892607 0.89329 0.893374
7886 0.89295 0.892608 0.893291 0.893375
7897 0.892948 0.892606 0.89329 0.893375
7907 0.892948 0.892606 0.89329 0.893375
7918 0.892947 0.892606 0.893289 0.893375
7928 0.892949 0.892607 0.89329 0.893375
7939 0.892951 0.892609 0.893292 0.893375
7950 0.89295 0.892608 0.893291 0.893375
7960 0.892948 0.892607 0.89329 0.893375
7971 0.892948 0.892606 0.893289 0.893375
7981 0.89295 0.892608 0.893291 0.893375
7992 0.89295 0.892608 0.893291 0.893375
8003 0.892951 0.892609 0.893293 0.893375
8013 0.892949 0.892608 0.893291 0.893375
8024 0.892949 0.892608 0.893291 0.893375
8034 0.892951 0.892609 0.893293 0.893375
8045 0.892954 0.892612 0.893296 0.893375
8056 0.892953 0.892611 0.893294 0.893375
8066 0.892953 0.892611 0.893295 0.893375
8077 0.89295 0.892609 0.893292 0.893375
8087 0.892952 0.89261 0.893294 0.893375
8098 0.892954 0.892612 0.893296 0.893375
8109 0.892954 0.892612 0.893296 0.893375
8119 0.892954 0.892612 0.893296 0.893375
8130 0.892954 0.892612 0.893296 0.893375
8140 0.892958 0.892616 0.8933 0.893375
8151 0.89296 0.892618 0.893302 0.893375
8162 0.892961 0.892619 0.893303 0.893375
8172 0.892962 0.89262 0.893304 0.893375
8183 0.892966 0.892624 0.893308 0.893375
8193 0.892968 0.892626 0.89331 0.893376
8204 0.892969 0.892627 0.893311 0.893376
8215 0.892968 0.892626 0.89331 0.893376
8225 0.892967 0.892625 0.89331 0.893376
8236 0.892966 0.892624 0.893308 0.893376
8246 0.892966 0.892624 0.893308 0.893376
8257 0.892965 0.892623 0.893307 0.893376
8268 0.892965 0.892623 0.893307 0.893376
8278 0.892965 0.892623 0.893307 0.893376
8289 0.892963 0.892621 0.893305 0.893376
8299 0.892966 0.892624 0.893308 0.893376
8310 0.892968 0.892626 0.89331 0.893376
8321 0.892969 0.892626 0.893311 0.893376
8331 0.892967 0.892625 0.893309 0.893376
8342 0.892963 0.892621 0.893305 0.893376
8352 0.892963 0.892621 0.893305 0.893376
8363 0.892964 0.892622 0.893306 0.893376
8374 0.892967 0.892625 0.893309 0.893376
8384 0.892968 0.892626 0.89331 0.893376
8395 0.892967 0.892625 0.89331 0.893376
8405 0.892968 0.892625 0.89331 0.893376
8416 0.892967 0.892624 0.893309 0.893376
8427 0.892966 0.892624 0.893308 0.893376
8437 0.892966 0.892624 0.893308 0.893376
8448 0.892965 0.892623 0.893307 0.893376
8458 0.892965 0.892623 0.893308 0.893376
8469 0.892966 0.892624 0.893308 0.893376
8480 0.892967 0.892624 0.893309 0.893376
8490 0.892968 0.892625 0.89331 0.893376
8501 0.892964 0.892622 0.893307 0.893376
8511 0.892965 0.892622 0.893307 0.893377
8522 0.892966 0.892624 0.893309 0.893377
8533 0.892966 0.892624 0.893309 0.893377
8543 0.892966 0.892623 0.893308 0.893377
8554 0.892967 0.892625 0.89331 0.893377
8564 0.892969 0.892626 0.893311 0.893377
8575 0.892968 0.892626 0.893311 0.893377
8586 0.892966 0.892624 0.893309 0.893377
8596 0.892967 0.892625 0.893309 0.893377
8607 0.892967 0.892625 0.893309 0.893377
8617 0.89297 0.892627 0.893312 0.893377
8628 0.892972 0.89263 0.893315 0.893377
8639 0.892972 0.892629 0.893314 0.893377
8649 0.892971 0.892628 0.893313 0.893377
8660 0.89297 0.892627 0.893313 0.893377
8670 0.892969 0.892626 0.893312 0.893377
8681 0.89297 0.892628 0.893313 0.893377
8692 0.892968 0.892626 0.893311 0.893377
8702 0.892968 0.892625 0.89331 0.893377
8713 0.892967 0.892624 0.893309 0.893377
8723 0.892968 0.892626 0.893311 0.893377
8734 0.89297 0.892627 0.893312 0.893377
8745 0.89297 0.892627 0.893312 0.893377
8755 0.892972 0.89263 0.893315 0.893377
8766 0.892972 0.892629 0.893315 0.893377
8776 0.892972 0.892629 0.893315 0.893377
8787 0.892974 0.892632 0.893317 0.893377
8798 0.892974 0.892631 0.893317 0.893377
8808 0.892971 0.892628 0.893313 0.893377
8819 0.89297 0.892627 0.893313 0.893377
8829 0.892969 0.892626 0.893312 0.893377
8840 0.892971 0.892628 0.893313 0.893377
8851 0.89297 0.892627 0.893312 0.893377
8861 0.892971 0.892628 0.893314 0.893377
8872 0.892972 0.892629 0.893314 0.893378
8882 0.89297 0.892627 0.893312 0.893378
8893 0.892972 0.892629 0.893315 0.893378
8904 0.892971 0.892628 0.893313 0.893378
8914 0.89297 0.892628 0.893313 0.893378
8925 0.892971 0.892628 0.893313 0.893378
8935 0.892971 0.892628 0.893314 0.893378
8946 0.892973 0.89263 0.893316 0.893378
8957 0.892976 0.892633 0.893319 0.893378
8967 0.892976 0.892633 0.893319 0.893378
8978 0.892975 0.892632 0.893318 0.893378
8988 0.892975 0.892632 0.893318 0.893378
8999 0.892975 0.892633 0.893318 0.893378
9010 0.892977 0.892634 0.89332 0.893378
9020 0.892977 0.892634 0.89332 0.893378
9031 0.892975 0.892633 0.893318 0.893378
9041 0.892976 0.892633 0.893319 0.893378
9052 0.892977 0.892634 0.89332 0.893378
9063 0.892975 0.892632 0.893318 0.893378
9073 0.892976 0.892633 0.893319 0.893378
9084 0.89298 0.892637 0.893323 0.893378
9094 0.892982 0.892639 0.893325 0.893378
9105 0.892982 0.892639 0.893325 0.893378
9116 0.892984 0.892641 0.893327 0.893378
9126 0.892983 0.89264 0.893326 0.893378
9137 0.892982 0.892639 0.893325 0.893378
9147 0.892986 0.892644 0.893329 0.893378
9158 0.892986 0.892643 0.893329 0.893378
9169 0.892988 0.892646 0.893331 0.893378
9179 0.892987 0.892644 0.89333 0.893378
9190 0.892988 0.892645 0.893331 0.893378
9200 0.892988 0.892645 0.893331 0.893378
9211 0.892988 0.892645 0.893331 0.893378
9222 0.892986 0.892643 0.893329 0.893378
9232 0.892986 0.892643 0.893329 0.893378
9243 0.892985 0.892642 0.893328 0.893378
9253 0.892987 0.892644 0.89333 0.893379
9264 0.892986 0.892643 0.893329 0.893379
9275 0.892986 0.892643 0.893329 0.893379
9285 0.892986 0.892643 0.893329 0.893379
9296 0.892986 0.892643 0.893329 0.893379
9306 0.892987 0.892644 0.89333 0.893379
9317 0.892987 0.892644 0.89333 0.893379
9328 0.892987 0.892644 0.89333 0.893379
9338 0.892986 0.892643 0.893329 0.893379
9349 0.892987 0.892644 0.89333 0.893379
9359 0.892988 0.892645 0.893331 0.893379
9370 0.892989 0.892646 0.893332 0.893379
9381 0.892989 0.892647 0.893332 0.893379
9391 0.89299 0.892647 0.893333 0.893379
9402 0.892991 0.892648 0.893334 0.893379
9412 0.892993 0.89265 0.893336 0.893379
9423 0.892994 0.892651 0.893337 0.893379
9434 0.892994 0.892651 0.893337 0.893379
9444 0.892995 0.892652 0.893338 0.893379
9455 0.892994 0.892651 0.893337 0.893379
9465 0.892995 0.892652 0.893338 0.893379
9476 0.892993 0.89265 0.893336 0.893379
9487 0.892994 0.892651 0.893337 0.893379
9497 0.892992 0.892649 0.893335 0.893379
9508 0.892995 0.892652 0.893338 0.893379
9518 0.892994 0.892651 0.893337 0.893379
9529 0.892994 0.892651 0.893337 0.893379
9540 0.892996 0.892653 0.893339 0.893379
9550 0.892996 0.892653 0.893339 0.893379
9561 0.892999 0.892656 0.893342 0.893379
9571 0.892999 0.892655 0.893342 0.893379
9582 0.893002 0.892659 0.893345 0.893379
9593 0.893 0.892657 0.893343 0.893379
9603 0.893 0.892656 0.893343 0.893379
9614 0.893 0.892657 0.893343 0.893379
9624 0.892999 0.892656 0.893343 0.893379
9635 0.893001 0.892658 0.893344 0.893379
9646 0.893001 0.892658 0.893344 0.893379
9656 0.892999 0.892656 0.893342 0.893379
9667 0.893001 0.892658 0.893344 0.893379
9677 0.893001 0.892658 0.893344 0.89338
9688 0.892999 0.892656 0.893342 0.89338
9699 0.892999 0.892656 0.893342 0.89338
9709 0.892996 0.892653 0.89334 0.89338
9720 0.892995 0.892652 0.893339 0.89338
9730 0.892994 0.892651 0.893338 0.89338
9741 0.892996 0.892652 0.893339 0.89338
9752 0.892994 0.892651 0.893338 0.89338
9762 0.892996 0.892653 0.893339 0.89338
9773 0.892998 0.892654 0.893341 0.89338
9783 0.892997 0.892654 0.89334 0.89338
9794 0.892997 0.892654 0.893341 0.89338
9805 0.892997 0.892654 0.893341 0.89338
9815 0.892996 0.892652 0.893339 0.89338
9826 0.892996 0.892653 0.893339 0.89338
9836 0.892997 0.892653 0.89334 0.89338
9847 0.892997 0.892654 0.893341 0.89338
9858 0.893 0.892656 0.893343 0.89338
9868 0.893 0.892657 0.893344 0.89338
9879 0.892999 0.892656 0.893343 0.89338
9889 0.892997 0.892654 0.893341 0.89338
9900 0.893 0.892656 0.893343 0.89338
9911 0.892998 0.892655 0.893342 0.89338
9921 0.892998 0.892654 0.893341 0.89338
9932 0.892999 0.892655 0.893343 0.89338
9942 0.892998 0.892654 0.893342 0.89338
9953 0.892997 0.892653 0.893341 0.89338
9964 0.893001 0.892657 0.893345 0.89338
9974 0.893 0.892657 0.893344 0.89338
9985 0.892998 0.892654 0.893342 0.89338
9995 0.892999 0.892655 0.893342 0.89338
10006 0.893 0.892657 0.893344 0.89338
10017 0.893001 0.892657 0.893345 0.89338
10027 0.893001 0.892657 0.893345 0.89338
10038 0.892999 0.892655 0.893343 0.89338
10048 0.893 0.892656 0.893344 0.89338
10059 0.893 0.892656 0.893344 0.89338
10070 0.892999 0.892655 0.893342 0.89338
10080 0.893001 0.892657 0.893344 0.89338
10091 0.893002 0.892658 0.893346 0.89338
10101 0.893001 0.892657 0.893344 0.89338
10112 0.893001 0.892657 0.893345 0.89338
10123 0.893002 0.892658 0.893346 0.89338
10133 0.893002 0.892658 0.893346 0.893381
10144 0.893001 0.892657 0.893345 0.893381
10154 0.893002 0.892658 0.893346 0.893381
10165 0.893001 0.892657 0.893345 0.893381
10176 0.893 0.892656 0.893344 0.893381
10186 0.893002 0.892658 0.893346 0.893381
10197 0.893 0.892656 0.893344 0.893381
10207 0.893 0.892656 0.893344 0.893381
10218 0.893003 0.892659 0.893347 0.893381
10229 0.893002 0.892658 0.893346 0.893381
10239 0.893004 0.89266 0.893348 0.893381
10250 0.893004 0.89266 0.893348 0.893381
10260 0.893003 0.892659 0.893347 0.893381
10271 0.893005 0.892661 0.893349 0.893381
10282 0.893005 0.892661 0.893349 0.893381
10292 0.893007 0.892663 0.893351 0.893381
10303 0.893008 0.892664 0.893352 0.893381
10313 0.893007 0.892663 0.893351 0.893381
10324 0.893006 0.892662 0.89335 0.893381
10335 0.893005 0.892661 0.893349 0.893381
10345 0.893005 0.892661 0.893349 0.893381
10356 0.893002 0.892658 0.893346 0.893381
10366 0.893001 0.892657 0.893345 0.893381
10377 0.893002 0.892658 0.893346 0.893381
10388 0.892999 0.892654 0.893343 0.893381
10398 0.892999 0.892655 0.893343 0.893381
10409 0.892999 0.892655 0.893343 0.893381
10419 0.893 0.892656 0.893344 0.893381
10430 0.893 0.892656 0.893345 0.893381
10441 0.893001 0.892657 0.893346 0.893381
10451 0.893002 0.892658 0.893347 0.893381
10462 0.893006 0.892662 0.89335 0.893381
10472 0.893009 0.892664 0.893353 0.893381
10483 0.893008 0.892664 0.893353 0.893381
10494 0.893009 0.892665 0.893353 0.893381
10504 0.893008 0.892664 0.893353 0.893381
10515 0.893009 0.892665 0.893354 0.893381
10525 0.89301 0.892665 0.893354 0.893381
10536 0.893009 0.892665 0.893353 0.893381
10547 0.893009 0.892664 0.893353 0.893381
10557 0.893013 0.892669 0.893357 0.893381
10568 0.893013 0.892668 0.893357 0.893381
10578 0.89301 0.892666 0.893354 0.893381
10589 0.89301 0.892666 0.893355 0.893381
10600 0.893007 0.892663 0.893352 0.893381
10610 0.893007 0.892663 0.893352 0.893381
10621 0.893008 0.892664 0.893352 0.893381
10631 0.893007 0.892662 0.893351 0.893382
10642 0.893008 0.892664 0.893352 0.893382
10653 0.893007 0.892663 0.893352 0.893382
10663 0.893008 0.892664 0.893352 0.893382
10674 0.893008 0.892663 0.893352 0.893382
10684 0.893008 0.892663 0.893352 0.893382
10695 0.893008 0.892663 0.893352 0.893382
10706 0.893008 0.892663 0.893352 0.893382
10716 0.893008 0.892664 0.893353 0.893382
10727 0.893008 0.892664 0.893353 0.893382
10737 0.893009 0.892665 0.893354 0.893382
10748 0.893007 0.892663 0.893352 0.893382
10759 0.893006 0.892661 0.89335 0.893382
10769 0.893007 0.892662 0.893351 0.893382
10780 0.893007 0.892662 0.893351 0.893382
10790 0.893007 0.892662 0.893352 0.893382
10801 0.893006 0.892662 0.893351 0.893382
10812 0.893006 0.892662 0.893351 0.893382
10822 0.893006 0.892661 0.893351 0.893382
10833 0.893005 0.89266 0.89335 0.893382
10843 0.893005 0.89266 0.893349 0.893382
10854 0.893005 0.89266 0.893349 0.893382
10865 0.893003 0.892658 0.893347 0.893382
10875 0.893003 0.892658 0.893347 0.893382
10886 0.893002 0.892657 0.893347 0.893382
10896 0.893002 0.892658 0.893347 0.893382
10907 0.893005 0.892661 0.89335 0.893382
10918 0.893006 0.892661 0.89335 0.893382
10928 0.893007 0.892662 0.893351 0.893382
10939 0.893007 0.892662 0.893352 0.893382
10949 0.893008 0.892663 0.893352 0.893382
10960 0.893008 0.892663 0.893353 0.893382
10971 0.893008 0.892664 0.893353 0.893382
10981 0.893009 0.892664 0.893354 0.893382
10992 0.893008 0.892664 0.893353 0.893382
11002 0.893009 0.892664 0.893353 0.893382
11013 0.893008 0.892664 0.893353 0.893382
11024 0.893008 0.892663 0.893353 0.893382
11034 0.893009 0.892665 0.893354 0.893382
11045 0.89301 0.892665 0.893355 0.893382
11055 0.89301 0.892665 0.893355 0.893382
11066 0.893011 0.892666 0.893355 0.893382
11077 0.893009 0.892664 0.893354 0.893382
11087 0.893009 0.892665 0.893354 0.893382
11098 0.893008 0.892663 0.893353 0.893382
11108 0.893008 0.892663 0.893353 0.893382
11119 0.893009 0.892665 0.893354 0.893382
