//total_population estimated_relatedness lower_bound upper_bound relatedness
510 0.961478 0.961478 0.961478 0.961478
520 0.961525 0.961493 0.961556 0.961481
530 0.961531 0.961487 0.961575 0.961483
540 0.961554 0.9615 0.961608 0.961486
550 0.961576 0.961515 0.961637 0.961489
561 0.961587 0.961519 0.961656 0.961491
571 0.961597 0.961523 0.961672 0.961494
581 0.961617 0.961537 0.961697 0.961496
591 0.961604 0.961518 0.961689 0.961498
601 0.961606 0.961516 0.961696 0.961501
612 0.961613 0.961519 0.961708 0.961503
622 0.961626 0.961528 0.961723 0.961505
632 0.961629 0.961528 0.96173 0.961507
642 0.961632 0.961527 0.961736 0.961509
652 0.961623 0.961516 0.961731 0.961511
663 0.961608 0.961497 0.961719 0.961513
673 0.961602 0.961488 0.961716 0.961514
683 0.961596 0.96148 0.961712 0.961516
693 0.961592 0.961473 0.961711 0.961518
703 0.961579 0.961458 0.9617 0.961519
714 0.961588 0.961465 0.961712 0.961521
724 0.961581 0.961455 0.961707 0.961522
734 0.961577 0.961449 0.961705 0.961524
744 0.961584 0.961453 0.961714 0.961525
754 0.961581 0.961448 0.961713 0.961527
765 0.961574 0.96144 0.961709 0.961528
775 0.961569 0.961433 0.961705 0.961529
785 0.961557 0.961419 0.961695 0.961531
795 0.961555 0.961415 0.961694 0.961532
805 0.961566 0.961425 0.961707 0.961533
816 0.961569 0.961426 0.961712 0.961534
826 0.961564 0.96142 0.961708 0.961535
836 0.961571 0.961426 0.961717 0.961537
846 0.96157 0.961423 0.961717 0.961538
856 0.961572 0.961424 0.96172 0.961539
867 0.961591 0.961442 0.961741 0.96154
877 0.961597 0.961446 0.961747 0.961541
887 0.961597 0.961446 0.961749 0.961542
897 0.961608 0.961456 0.961761 0.961543
907 0.96161 0.961456 0.961763 0.961544
918 0.961626 0.961472 0.961781 0.961545
928 0.961625 0.96147 0.961781 0.961546
938 0.961635 0.961478 0.961792 0.961547
948 0.961634 0.961476 0.961792 0.961547
958 0.961647 0.961488 0.961807 0.961548
969 0.961649 0.961488 0.961809 0.961549
979 0.96167 0.961509 0.961831 0.96155
989 0.961667 0.961505 0.961829 0.961551
999 0.961663 0.9615 0.961826 0.961552
1009 0.961654 0.96149 0.961819 0.961552
1020 0.961667 0.961502 0.961832 0.961553
1030 0.961663 0.961498 0.961829 0.961554
1040 0.961661 0.961494 0.961827 0.961555
1050 0.961674 0.961507 0.961841 0.961555
1060 0.961684 0.961516 0.961852 0.961556
1071 0.961679 0.961511 0.961848 0.961557
1081 0.961685 0.961515 0.961854 0.961557
1091 0.961667 0.961497 0.961837 0.961558
1101 0.961675 0.961504 0.961845 0.961559
1111 0.961668 0.961497 0.96184 0.961559
1122 0.961665 0.961493 0.961838 0.96156
1132 0.961673 0.9615 0.961845 0.961561
1142 0.961671 0.961498 0.961845 0.961561
1152 0.961673 0.961499 0.961848 0.961562
1162 0.961659 0.961484 0.961834 0.961562
1173 0.961672 0.961496 0.961847 0.961563
1183 0.961662 0.961485 0.961838 0.961564
1193 0.961658 0.961481 0.961835 0.961564
1203 0.961667 0.96149 0.961845 0.961565
1213 0.961675 0.961497 0.961853 0.961565
1224 0.961675 0.961496 0.961854 0.961566
1234 0.961679 0.961499 0.961858 0.961566
1244 0.961689 0.961509 0.961868 0.961567
1254 0.961694 0.961514 0.961875 0.961567
1264 0.961691 0.961511 0.961872 0.961568
1275 0.961697 0.961516 0.961878 0.961568
1285 0.961708 0.961527 0.96189 0.961569
1295 0.961699 0.961517 0.961881 0.961569
1305 0.961704 0.961521 0.961886 0.96157
1315 0.96171 0.961528 0.961893 0.96157
1326 0.961707 0.961524 0.96189 0.961571
1336 0.961703 0.961519 0.961886 0.961571
1346 0.961714 0.96153 0.961898 0.961571
1356 0.961724 0.96154 0.961908 0.961572
1366 0.961714 0.96153 0.961899 0.961572
1377 0.96171 0.961524 0.961895 0.961573
1387 0.961716 0.96153 0.961901 0.961573
1397 0.961712 0.961526 0.961898 0.961574
1407 0.961709 0.961523 0.961895 0.961574
1417 0.961714 0.961527 0.961901 0.961574
1428 0.961714 0.961527 0.961901 0.961575
1438 0.96172 0.961532 0.961907 0.961575
1448 0.961729 0.961541 0.961916 0.961575
1458 0.961733 0.961545 0.961922 0.961576
1468 0.961734 0.961545 0.961922 0.961576
1479 0.961718 0.961529 0.961907 0.961577
1489 0.961722 0.961532 0.961911 0.961577
1499 0.96172 0.96153 0.96191 0.961577
1509 0.961721 0.961531 0.961911 0.961578
1519 0.961711 0.961521 0.961902 0.961578
1530 0.961711 0.961521 0.961902 0.961578
1540 0.961714 0.961523 0.961905 0.961579
1550 0.961716 0.961525 0.961908 0.961579
1560 0.961713 0.961521 0.961904 0.961579
1570 0.961713 0.961521 0.961904 0.96158
1581 0.961709 0.961517 0.961902 0.96158
1591 0.961711 0.961518 0.961903 0.96158
1601 0.961707 0.961514 0.961899 0.961581
1611 0.961717 0.961524 0.96191 0.961581
1621 0.961718 0.961525 0.961911 0.961581
1632 0.961724 0.961531 0.961918 0.961581
1642 0.961737 0.961543 0.961931 0.961582
1652 0.961736 0.961542 0.96193 0.961582
1662 0.961737 0.961543 0.961931 0.961582
1672 0.961739 0.961545 0.961934 0.961583
1683 0.961747 0.961552 0.961942 0.961583
1693 0.961749 0.961554 0.961944 0.961583
1703 0.961742 0.961547 0.961938 0.961583
1713 0.961748 0.961553 0.961944 0.961584
1723 0.961743 0.961548 0.961939 0.961584
1734 0.96175 0.961554 0.961945 0.961584
1744 0.961749 0.961553 0.961945 0.961584
1754 0.961746 0.96155 0.961942 0.961585
1764 0.961742 0.961545 0.961939 0.961585
1774 0.961749 0.961552 0.961946 0.961585
1785 0.961747 0.96155 0.961944 0.961585
1795 0.961745 0.961548 0.961943 0.961586
1805 0.961736 0.961539 0.961933 0.961586
1815 0.961732 0.961535 0.96193 0.961586
1825 0.961725 0.961528 0.961923 0.961586
1836 0.961722 0.961524 0.96192 0.961587
1846 0.961727 0.961529 0.961925 0.961587
1856 0.961722 0.961524 0.96192 0.961587
1866 0.961724 0.961525 0.961922 0.961587
1876 0.961722 0.961523 0.961921 0.961588
1887 0.961722 0.961523 0.961921 0.961588
1897 0.961723 0.961524 0.961922 0.961588
1907 0.96172 0.96152 0.961919 0.961588
1917 0.961717 0.961517 0.961916 0.961588
1927 0.961718 0.961518 0.961918 0.961589
1938 0.961718 0.961518 0.961918 0.961589
1948 0.961713 0.961513 0.961913 0.961589
1958 0.961715 0.961515 0.961915 0.961589
1968 0.96171 0.96151 0.961911 0.961589
1978 0.961708 0.961507 0.961908 0.96159
1989 0.961706 0.961505 0.961907 0.96159
1999 0.961706 0.961504 0.961907 0.96159
2009 0.9617 0.961499 0.961901 0.96159
2019 0.961702 0.961501 0.961904 0.96159
2029 0.961694 0.961492 0.961896 0.961591
2040 0.961689 0.961487 0.961891 0.961591
2050 0.961692 0.96149 0.961894 0.961591
2060 0.961694 0.961491 0.961896 0.961591
2070 0.961691 0.961489 0.961894 0.961591
2080 0.961699 0.961496 0.961902 0.961592
2091 0.9617 0.961497 0.961902 0.961592
2101 0.961699 0.961497 0.961902 0.961592
2111 0.9617 0.961497 0.961903 0.961592
2121 0.961701 0.961498 0.961904 0.961592
2131 0.961705 0.961502 0.961908 0.961592
2142 0.961695 0.961492 0.961899 0.961593
2152 0.961699 0.961496 0.961903 0.961593
2162 0.9617 0.961497 0.961904 0.961593
2172 0.961693 0.961489 0.961897 0.961593
2182 0.961691 0.961487 0.961895 0.961593
2193 0.961691 0.961487 0.961895 0.961593
2203 0.961696 0.961492 0.9619 0.961594
2213 0.961699 0.961494 0.961903 0.961594
2223 0.961699 0.961494 0.961903 0.961594
2233 0.961702 0.961497 0.961906 0.961594
2244 0.961701 0.961496 0.961905 0.961594
2254 0.961702 0.961497 0.961907 0.961594
2264 0.9617 0.961495 0.961905 0.961595
2274 0.961708 0.961503 0.961913 0.961595
2284 0.961709 0.961503 0.961914 0.961595
2295 0.961714 0.961509 0.961919 0.961595
2305 0.961712 0.961507 0.961918 0.961595
2315 0.961712 0.961506 0.961917 0.961595
2325 0.961709 0.961503 0.961914 0.961595
2335 0.961709 0.961503 0.961914 0.961596
2346 0.961712 0.961506 0.961918 0.961596
2356 0.961711 0.961505 0.961917 0.961596
2366 0.961704 0.961498 0.96191 0.961596
2376 0.961704 0.961498 0.961911 0.961596
2386 0.961712 0.961506 0.961918 0.961596
2397 0.961714 0.961508 0.96192 0.961596
2407 0.961718 0.961512 0.961925 0.961597
2417 0.961718 0.961511 0.961924 0.961597
2427 0.961719 0.961512 0.961926 0.961597
2437 0.961717 0.96151 0.961924 0.961597
2448 0.961718 0.961511 0.961925 0.961597
2458 0.961718 0.961511 0.961925 0.961597
2468 0.961719 0.961512 0.961926 0.961597
2478 0.961715 0.961509 0.961922 0.961598
2488 0.961717 0.96151 0.961924 0.961598
2499 0.961722 0.961515 0.961929 0.961598
2509 0.961725 0.961518 0.961932 0.961598
2519 0.961724 0.961516 0.961931 0.961598
2529 0.961718 0.96151 0.961925 0.961598
2539 0.961717 0.961509 0.961925 0.961598
2550 0.961712 0.961504 0.96192 0.961598
2560 0.961712 0.961504 0.96192 0.961598
2570 0.96171 0.961502 0.961918 0.961599
2580 0.961709 0.961501 0.961917 0.961599
2590 0.961704 0.961495 0.961912 0.961599
2601 0.961706 0.961497 0.961914 0.961599
2611 0.96171 0.961501 0.961918 0.961599
2621 0.961707 0.961499 0.961916 0.961599
2631 0.961705 0.961496 0.961913 0.961599
2641 0.961709 0.961501 0.961918 0.961599
2652 0.961708 0.9615 0.961917 0.9616
2662 0.961708 0.961499 0.961917 0.9616
2672 0.961706 0.961497 0.961915 0.9616
2682 0.961705 0.961496 0.961915 0.9616
2692 0.961705 0.961495 0.961914 0.9616
2703 0.9617 0.96149 0.961909 0.9616
2713 0.961699 0.961489 0.961908 0.9616
2723 0.9617 0.961491 0.96191 0.9616
2733 0.961703 0.961493 0.961913 0.9616
2743 0.961708 0.961498 0.961917 0.9616
2754 0.96171 0.9615 0.96192 0.961601
2764 0.961708 0.961498 0.961918 0.961601
2774 0.961705 0.961495 0.961915 0.961601
2784 0.961701 0.96149 0.961911 0.961601
2794 0.9617 0.96149 0.96191 0.961601
2805 0.961703 0.961493 0.961914 0.961601
2815 0.961698 0.961488 0.961909 0.961601
2825 0.961698 0.961487 0.961908 0.961601
2835 0.961692 0.961481 0.961903 0.961601
2845 0.961694 0.961483 0.961905 0.961602
2856 0.961695 0.961484 0.961906 0.961602
2866 0.961694 0.961483 0.961905 0.961602
2876 0.961695 0.961484 0.961906 0.961602
2886 0.961694 0.961482 0.961905 0.961602
2896 0.961692 0.961481 0.961903 0.961602
2907 0.961692 0.961481 0.961904 0.961602
2917 0.961687 0.961476 0.961899 0.961602
2927 0.96169 0.961479 0.961902 0.961602
2937 0.961695 0.961483 0.961906 0.961602
2947 0.961695 0.961483 0.961907 0.961602
2958 0.961695 0.961483 0.961907 0.961603
2968 0.961699 0.961487 0.96191 0.961603
2978 0.961695 0.961483 0.961907 0.961603
2988 0.961702 0.96149 0.961914 0.961603
2998 0.961704 0.961492 0.961916 0.961603
3009 0.961705 0.961493 0.961917 0.961603
3019 0.961706 0.961493 0.961918 0.961603
3029 0.961705 0.961492 0.961917 0.961603
3039 0.961701 0.961489 0.961913 0.961603
3049 0.961699 0.961487 0.961912 0.961603
3060 0.961697 0.961484 0.961909 0.961603
3070 0.961698 0.961486 0.961911 0.961603
3080 0.961704 0.961491 0.961916 0.961604
3090 0.961705 0.961492 0.961917 0.961604
3100 0.961706 0.961494 0.961919 0.961604
3111 0.961707 0.961494 0.96192 0.961604
3121 0.961707 0.961494 0.96192 0.961604
3131 0.961706 0.961493 0.961919 0.961604
3141 0.961705 0.961492 0.961918 0.961604
3151 0.961709 0.961496 0.961922 0.961604
3162 0.961709 0.961496 0.961922 0.961604
3172 0.961711 0.961498 0.961924 0.961604
3182 0.96171 0.961497 0.961924 0.961604
3192 0.961708 0.961494 0.961921 0.961604
3202 0.961707 0.961493 0.96192 0.961605
3213 0.961708 0.961494 0.961921 0.961605
3223 0.961708 0.961494 0.961921 0.961605
3233 0.96171 0.961496 0.961923 0.961605
3243 0.961712 0.961499 0.961926 0.961605
3253 0.961716 0.961502 0.96193 0.961605
3264 0.961717 0.961503 0.961931 0.961605
3274 0.961721 0.961507 0.961935 0.961605
3284 0.961721 0.961507 0.961935 0.961605
3294 0.961719 0.961505 0.961933 0.961605
3304 0.961724 0.96151 0.961938 0.961605
3315 0.961725 0.961511 0.961939 0.961605
3325 0.961729 0.961515 0.961944 0.961605
3335 0.961731 0.961517 0.961945 0.961605
3345 0.961732 0.961517 0.961946 0.961606
3355 0.961732 0.961518 0.961946 0.961606
3366 0.961729 0.961514 0.961943 0.961606
3376 0.961725 0.961511 0.96194 0.961606
3386 0.961726 0.961512 0.961941 0.961606
3396 0.961729 0.961514 0.961943 0.961606
3406 0.961731 0.961516 0.961946 0.961606
3417 0.96173 0.961515 0.961945 0.961606
3427 0.961732 0.961517 0.961947 0.961606
3437 0.961729 0.961514 0.961943 0.961606
3447 0.961734 0.961519 0.961949 0.961606
3457 0.961735 0.96152 0.961949 0.961606
3468 0.961732 0.961517 0.961947 0.961606
3478 0.961726 0.961511 0.961941 0.961606
3488 0.961725 0.96151 0.96194 0.961606
3498 0.961724 0.961509 0.961939 0.961607
3508 0.961727 0.961512 0.961942 0.961607
3519 0.961728 0.961513 0.961943 0.961607
3529 0.961725 0.96151 0.961941 0.961607
3539 0.961724 0.961508 0.961939 0.961607
3549 0.961728 0.961512 0.961943 0.961607
3559 0.961732 0.961516 0.961947 0.961607
3570 0.961733 0.961517 0.961949 0.961607
3580 0.961731 0.961516 0.961947 0.961607
3590 0.961734 0.961518 0.96195 0.961607
3600 0.961735 0.961519 0.96195 0.961607
3610 0.961732 0.961516 0.961948 0.961607
3621 0.961732 0.961516 0.961948 0.961607
3631 0.961733 0.961517 0.961949 0.961607
3641 0.961732 0.961516 0.961948 0.961607
3651 0.96173 0.961514 0.961946 0.961607
3661 0.961733 0.961517 0.961949 0.961608
3672 0.961736 0.96152 0.961952 0.961608
3682 0.961736 0.961519 0.961952 0.961608
3692 0.961736 0.96152 0.961952 0.961608
3702 0.961737 0.96152 0.961953 0.961608
3712 0.961736 0.96152 0.961952 0.961608
3723 0.961733 0.961517 0.96195 0.961608
3733 0.961735 0.961518 0.961951 0.961608
3743 0.961733 0.961517 0.961949 0.961608
3753 0.961736 0.96152 0.961953 0.961608
3763 0.961737 0.96152 0.961953 0.961608
3774 0.961739 0.961523 0.961956 0.961608
3784 0.961743 0.961526 0.961959 0.961608
3794 0.961743 0.961527 0.96196 0.961608
3804 0.961744 0.961527 0.96196 0.961608
3814 0.961745 0.961529 0.961962 0.961608
3825 0.961746 0.96153 0.961963 0.961608
3835 0.961746 0.961529 0.961962 0.961608
3845 0.961743 0.961527 0.96196 0.961609
3855 0.961745 0.961528 0.961961 0.961609
3865 0.961745 0.961528 0.961962 0.961609
3876 0.961746 0.961529 0.961963 0.961609
3886 0.961744 0.961528 0.961961 0.961609
3896 0.961742 0.961525 0.961959 0.961609
3906 0.96174 0.961523 0.961957 0.961609
3916 0.961743 0.961526 0.96196 0.961609
3927 0.961741 0.961524 0.961958 0.961609
3937 0.961741 0.961524 0.961958 0.961609
3947 0.961739 0.961522 0.961956 0.961609
3957 0.961739 0.961521 0.961956 0.961609
3967 0.961738 0.961521 0.961956 0.961609
3978 0.961738 0.961521 0.961955 0.961609
3988 0.96174 0.961523 0.961958 0.961609
3998 0.961738 0.961521 0.961956 0.961609
4008 0.961737 0.961519 0.961955 0.961609
4018 0.96174 0.961523 0.961958 0.961609
4029 0.961742 0.961524 0.961959 0.961609
4039 0.961743 0.961525 0.96196 0.961609
4049 0.961743 0.961525 0.961961 0.96161
4059 0.961743 0.961525 0.961961 0.96161
4069 0.961743 0.961525 0.961961 0.96161
4080 0.961738 0.96152 0.961956 0.96161
4090 0.961738 0.96152 0.961956 0.96161
4100 0.961736 0.961518 0.961954 0.96161
4110 0.961734 0.961516 0.961952 0.96161
4120 0.961729 0.961511 0.961947 0.96161
4131 0.961727 0.961509 0.961946 0.96161
4141 0.96173 0.961512 0.961948 0.96161
4151 0.961728 0.96151 0.961946 0.96161
4161 0.961727 0.961509 0.961945 0.96161
4171 0.961729 0.961511 0.961947 0.96161
4182 0.961729 0.961511 0.961947 0.96161
4192 0.96173 0.961511 0.961948 0.96161
4202 0.961732 0.961513 0.96195 0.96161
4212 0.961732 0.961514 0.96195 0.96161
4222 0.961737 0.961519 0.961955 0.96161
4233 0.961734 0.961516 0.961953 0.96161
4243 0.961735 0.961517 0.961953 0.96161
4253 0.961735 0.961517 0.961953 0.96161
4263 0.961734 0.961516 0.961952 0.96161
4273 0.961739 0.961521 0.961957 0.961611
4284 0.961736 0.961518 0.961954 0.961611
4294 0.961734 0.961516 0.961952 0.961611
4304 0.961732 0.961513 0.96195 0.961611
4314 0.961732 0.961513 0.96195 0.961611
4324 0.961733 0.961515 0.961951 0.961611
4335 0.961735 0.961517 0.961954 0.961611
4345 0.961735 0.961517 0.961954 0.961611
4355 0.961733 0.961515 0.961952 0.961611
4365 0.961732 0.961514 0.961951 0.961611
4375 0.961731 0.961512 0.96195 0.961611
4386 0.961732 0.961514 0.961951 0.961611
4396 0.96173 0.961512 0.961949 0.961611
4406 0.961733 0.961514 0.961952 0.961611
4416 0.961731 0.961512 0.96195 0.961611
4426 0.96173 0.961511 0.961949 0.961611
4437 0.961729 0.96151 0.961948 0.961611
4447 0.961728 0.961509 0.961947 0.961611
4457 0.961729 0.96151 0.961948 0.961611
4467 0.961731 0.961512 0.96195 0.961611
4477 0.961731 0.961512 0.961951 0.961611
4488 0.961732 0.961513 0.961951 0.961611
4498 0.961733 0.961513 0.961952 0.961611
4508 0.961731 0.961512 0.961951 0.961611
4518 0.961731 0.961512 0.96195 0.961611
4528 0.961733 0.961514 0.961953 0.961612
4539 0.96173 0.96151 0.96195 0.961612
4549 0.96173 0.961511 0.96195 0.961612
4559 0.961729 0.96151 0.961949 0.961612
4569 0.96173 0.96151 0.961949 0.961612
4579 0.961729 0.961509 0.961949 0.961612
4590 0.96173 0.96151 0.961949 0.961612
4600 0.961727 0.961507 0.961947 0.961612
4610 0.961723 0.961503 0.961943 0.961612
4620 0.961724 0.961504 0.961944 0.961612
4630 0.961725 0.961505 0.961945 0.961612
4641 0.961725 0.961505 0.961945 0.961612
4651 0.961723 0.961503 0.961943 0.961612
4661 0.961725 0.961505 0.961945 0.961612
4671 0.961725 0.961505 0.961945 0.961612
4681 0.961724 0.961504 0.961944 0.961612
4692 0.961725 0.961505 0.961945 0.961612
4702 0.961725 0.961505 0.961946 0.961612
4712 0.961725 0.961505 0.961945 0.961612
4722 0.961722 0.961501 0.961942 0.961612
4732 0.961723 0.961503 0.961943 0.961612
4743 0.961725 0.961505 0.961945 0.961612
4753 0.961726 0.961505 0.961946 0.961612
4763 0.961722 0.961502 0.961943 0.961612
4773 0.961721 0.961501 0.961942 0.961612
4783 0.961726 0.961506 0.961946 0.961612
4794 0.961725 0.961505 0.961946 0.961612
4804 0.961723 0.961502 0.961943 0.961613
4814 0.961723 0.961502 0.961943 0.961613
4824 0.961721 0.9615 0.961941 0.961613
4834 0.96172 0.961499 0.96194 0.961613
4845 0.961722 0.961501 0.961942 0.961613
4855 0.961721 0.9615 0.961941 0.961613
4865 0.96172 0.9615 0.961941 0.961613
4875 0.961721 0.961501 0.961942 0.961613
4885 0.961721 0.9615 0.961942 0.961613
4896 0.961722 0.961501 0.961942 0.961613
4906 0.961722 0.961501 0.961942 0.961613
4916 0.961722 0.961501 0.961943 0.961613
4926 0.961721 0.9615 0.961941 0.961613
4936 0.961723 0.961502 0.961943 0.961613
4947 0.961722 0.961501 0.961943 0.961613
4957 0.961721 0.9615 0.961942 0.961613
4967 0.961724 0.961503 0.961945 0.961613
4977 0.961723 0.961502 0.961944 0.961613
4987 0.961721 0.9615 0.961942 0.961613
4998 0.961721 0.9615 0.961942 0.961613
5008 0.961722 0.961501 0.961943 0.961613
5018 0.961725 0.961504 0.961946 0.961613
5028 0.961724 0.961503 0.961945 0.961613
5038 0.961727 0.961506 0.961948 0.961613
5049 0.961728 0.961507 0.961949 0.961613
5059 0.961726 0.961505 0.961947 0.961613
5069 0.961723 0.961502 0.961944 0.961613
5079 0.961724 0.961503 0.961945 0.961613
5089 0.961721 0.9615 0.961942 0.961613
5100 0.961721 0.9615 0.961942 0.961613
5110 0.961717 0.961496 0.961938 0.961613
5120 0.961716 0.961495 0.961937 0.961613
5130 0.961717 0.961496 0.961938 0.961614
5140 0.961718 0.961496 0.961939 0.961614
5151 0.961716 0.961495 0.961937 0.961614
5161 0.961715 0.961494 0.961937 0.961614
5171 0.961717 0.961495 0.961938 0.961614
5181 0.961715 0.961494 0.961936 0.961614
5191 0.961715 0.961494 0.961936 0.961614
5202 0.961714 0.961492 0.961935 0.961614
5212 0.961715 0.961493 0.961936 0.961614
5222 0.961712 0.961491 0.961933 0.961614
5232 0.961712 0.96149 0.961933 0.961614
5242 0.961712 0.961491 0.961934 0.961614
5253 0.96171 0.961489 0.961932 0.961614
5263 0.961711 0.96149 0.961933 0.961614
5273 0.961712 0.96149 0.961933 0.961614
5283 0.961711 0.96149 0.961933 0.961614
5293 0.96171 0.961488 0.961931 0.961614
5304 0.961709 0.961487 0.961931 0.961614
5314 0.96171 0.961488 0.961932 0.961614
5324 0.961711 0.96149 0.961933 0.961614
5334 0.961713 0.961491 0.961935 0.961614
5344 0.961715 0.961493 0.961936 0.961614
5355 0.961716 0.961495 0.961938 0.961614
5365 0.961716 0.961494 0.961937 0.961614
5375 0.961716 0.961495 0.961938 0.961614
5385 0.961717 0.961495 0.961938 0.961614
5395 0.961719 0.961497 0.96194 0.961614
5406 0.961721 0.961499 0.961942 0.961614
5416 0.961722 0.9615 0.961943 0.961614
5426 0.961722 0.961501 0.961944 0.961614
5436 0.961721 0.961499 0.961942 0.961614
5446 0.96172 0.961498 0.961942 0.961614
5457 0.961718 0.961496 0.96194 0.961614
5467 0.96172 0.961498 0.961942 0.961614
5477 0.961721 0.961499 0.961943 0.961614
5487 0.961721 0.9615 0.961943 0.961614
5497 0.961723 0.961501 0.961944 0.961615
5508 0.961722 0.9615 0.961944 0.961615
5518 0.961721 0.961499 0.961943 0.961615
5528 0.961723 0.961501 0.961945 0.961615
5538 0.961722 0.9615 0.961945 0.961615
5548 0.961722 0.9615 0.961944 0.961615
5559 0.961719 0.961497 0.961941 0.961615
5569 0.961719 0.961496 0.961941 0.961615
5579 0.96172 0.961498 0.961942 0.961615
5589 0.961719 0.961497 0.961941 0.961615
5599 0.96172 0.961497 0.961942 0.961615
5610 0.961719 0.961497 0.961941 0.961615
5620 0.961718 0.961495 0.96194 0.961615
5630 0.961718 0.961496 0.96194 0.961615
5640 0.961717 0.961495 0.961939 0.961615
5650 0.961718 0.961496 0.96194 0.961615
5661 0.96172 0.961497 0.961942 0.961615
5671 0.961721 0.961499 0.961944 0.961615
5681 0.961723 0.961501 0.961945 0.961615
5691 0.961721 0.961499 0.961943 0.961615
5701 0.961722 0.961499 0.961944 0.961615
5712 0.961724 0.961501 0.961946 0.961615
5722 0.961725 0.961503 0.961947 0.961615
5732 0.961728 0.961506 0.96195 0.961615
5742 0.96173 0.961507 0.961952 0.961615
5752 0.96173 0.961508 0.961952 0.961615
5763 0.961729 0.961507 0.961952 0.961615
5773 0.96173 0.961508 0.961952 0.961615
5783 0.961728 0.961506 0.961951 0.961615
5793 0.961731 0.961509 0.961954 0.961615
5803 0.96173 0.961508 0.961952 0.961615
5814 0.961727 0.961505 0.96195 0.961615
5824 0.961725 0.961503 0.961948 0.961615
5834 0.961724 0.961502 0.961947 0.961615
5844 0.961727 0.961504 0.961949 0.961615
5854 0.961728 0.961506 0.961951 0.961615
5865 0.961731 0.961509 0.961954 0.961615
5875 0.96173 0.961508 0.961953 0.961615
5885 0.961731 0.961508 0.961954 0.961615
5895 0.961732 0.961509 0.961955 0.961615
5905 0.961733 0.96151 0.961955 0.961615
5916 0.961731 0.961509 0.961954 0.961616
5926 0.96173 0.961508 0.961953 0.961616
5936 0.961729 0.961506 0.961952 0.961616
5946 0.961731 0.961508 0.961953 0.961616
5956 0.961731 0.961508 0.961954 0.961616
5967 0.961729 0.961507 0.961952 0.961616
5977 0.961729 0.961506 0.961952 0.961616
5987 0.961728 0.961505 0.961951 0.961616
5997 0.961726 0.961503 0.961949 0.961616
6007 0.961726 0.961503 0.961949 0.961616
6018 0.961725 0.961502 0.961948 0.961616
6028 0.961722 0.961499 0.961945 0.961616
6038 0.961723 0.9615 0.961945 0.961616
6048 0.961723 0.9615 0.961946 0.961616
6058 0.961724 0.961501 0.961947 0.961616
6069 0.961726 0.961503 0.961949 0.961616
6079 0.961725 0.961502 0.961948 0.961616
6089 0.961727 0.961504 0.96195 0.961616
6099 0.961728 0.961505 0.961951 0.961616
6109 0.961727 0.961504 0.96195 0.961616
6120 0.961728 0.961505 0.961951 0.961616
6130 0.961727 0.961504 0.96195 0.961616
6140 0.961726 0.961503 0.961949 0.961616
6150 0.961724 0.961501 0.961947 0.961616
6160 0.961723 0.9615 0.961946 0.961616
6171 0.961725 0.961502 0.961948 0.961616
6181 0.961724 0.961501 0.961947 0.961616
6191 0.961724 0.961501 0.961947 0.961616
6201 0.961725 0.961502 0.961948 0.961616
6211 0.961724 0.961501 0.961947 0.961616
6222 0.961725 0.961502 0.961948 0.961616
6232 0.961724 0.961501 0.961948 0.961616
6242 0.961725 0.961502 0.961949 0.961616
6252 0.961725 0.961502 0.961948 0.961616
6262 0.961726 0.961503 0.96195 0.961616
6273 0.961725 0.961501 0.961948 0.961616
6283 0.961727 0.961503 0.96195 0.961616
6293 0.961727 0.961504 0.961951 0.961616
6303 0.961727 0.961504 0.96195 0.961616
6313 0.961728 0.961505 0.961952 0.961616
6324 0.96173 0.961506 0.961953 0.961616
6334 0.961728 0.961504 0.961951 0.961616
6344 0.961727 0.961504 0.961951 0.961616
6354 0.961726 0.961502 0.961949 0.961616
6364 0.961726 0.961503 0.96195 0.961616
6375 0.961728 0.961504 0.961951 0.961616
6385 0.961727 0.961503 0.961951 0.961616
6395 0.961727 0.961503 0.96195 0.961616
6405 0.961727 0.961504 0.961951 0.961617
6415 0.961727 0.961504 0.961951 0.961617
6426 0.961726 0.961503 0.96195 0.961617
6436 0.961725 0.961501 0.961949 0.961617
6446 0.961725 0.961501 0.961949 0.961617
6456 0.961725 0.961501 0.961949 0.961617
6466 0.961725 0.961501 0.961949 0.961617
6477 0.961726 0.961503 0.96195 0.961617
6487 0.961728 0.961504 0.961952 0.961617
6497 0.961728 0.961504 0.961951 0.961617
6507 0.961727 0.961503 0.961951 0.961617
6517 0.961729 0.961505 0.961952 0.961617
6528 0.961729 0.961506 0.961953 0.961617
6538 0.961731 0.961508 0.961955 0.961617
6548 0.96173 0.961506 0.961954 0.961617
6558 0.96173 0.961507 0.961954 0.961617
6568 0.96173 0.961506 0.961953 0.961617
6579 0.96173 0.961506 0.961953 0.961617
6589 0.96173 0.961507 0.961954 0.961617
6599 0.96173 0.961506 0.961954 0.961617
6609 0.961731 0.961508 0.961955 0.961617
6619 0.96173 0.961507 0.961954 0.961617
6630 0.96173 0.961506 0.961954 0.961617
6640 0.961729 0.961506 0.961953 0.961617
6650 0.961729 0.961505 0.961953 0.961617
6660 0.961729 0.961506 0.961953 0.961617
6670 0.96173 0.961506 0.961954 0.961617
6681 0.961732 0.961508 0.961955 0.961617
6691 0.961732 0.961508 0.961956 0.961617
6701 0.961732 0.961508 0.961956 0.961617
6711 0.961732 0.961508 0.961956 0.961617
6721 0.96173 0.961506 0.961954 0.961617
6732 0.96173 0.961506 0.961954 0.961617
6742 0.961728 0.961504 0.961952 0.961617
6752 0.961728 0.961504 0.961952 0.961617
6762 0.961728 0.961504 0.961952 0.961617
6772 0.96173 0.961506 0.961954 0.961617
6783 0.96173 0.961506 0.961954 0.961617
6793 0.961728 0.961504 0.961952 0.961617
6803 0.961728 0.961504 0.961952 0.961617
6813 0.96173 0.961506 0.961954 0.961617
6823 0.961729 0.961505 0.961953 0.961617
6834 0.961732 0.961508 0.961956 0.961617
6844 0.961732 0.961507 0.961956 0.961617
6854 0.96173 0.961506 0.961954 0.961617
6864 0.961729 0.961505 0.961953 0.961617
6874 0.961729 0.961505 0.961954 0.961617
6885 0.96173 0.961505 0.961954 0.961617
6895 0.961732 0.961508 0.961956 0.961617
6905 0.961732 0.961508 0.961956 0.961617
6915 0.961734 0.961509 0.961958 0.961617
6925 0.961732 0.961508 0.961956 0.961617
6936 0.961733 0.961509 0.961957 0.961617
6946 0.961731 0.961506 0.961955 0.961617
6956 0.961728 0.961504 0.961952 0.961617
6966 0.961728 0.961504 0.961952 0.961617
6976 0.961729 0.961505 0.961954 0.961617
6987 0.961729 0.961505 0.961954 0.961618
6997 0.961729 0.961505 0.961954 0.961618
7007 0.961731 0.961507 0.961956 0.961618
7017 0.961733 0.961509 0.961958 0.961618
7027 0.961734 0.96151 0.961958 0.961618
7038 0.961734 0.96151 0.961958 0.961618
7048 0.961735 0.961511 0.961959 0.961618
7058 0.961737 0.961512 0.961961 0.961618
7068 0.961738 0.961514 0.961963 0.961618
7078 0.961739 0.961514 0.961963 0.961618
7089 0.96174 0.961516 0.961964 0.961618
7099 0.961739 0.961515 0.961964 0.961618
7109 0.961739 0.961515 0.961964 0.961618
7119 0.961738 0.961514 0.961963 0.961618
7129 0.961739 0.961515 0.961963 0.961618
7140 0.96174 0.961515 0.961964 0.961618
7150 0.96174 0.961516 0.961965 0.961618
7160 0.961741 0.961517 0.961965 0.961618
7170 0.961738 0.961514 0.961963 0.961618
7180 0.961738 0.961514 0.961963 0.961618
7191 0.961735 0.961511 0.96196 0.961618
7201 0.961737 0.961512 0.961961 0.961618
7211 0.961738 0.961513 0.961962 0.961618
7221 0.961735 0.961511 0.96196 0.961618
7231 0.961736 0.961512 0.961961 0.961618
7242 0.961737 0.961513 0.961962 0.961618
7252 0.961737 0.961512 0.961961 0.961618
7262 0.961739 0.961514 0.961963 0.961618
7272 0.961736 0.961512 0.961961 0.961618
7282 0.961736 0.961511 0.96196 0.961618
7293 0.961735 0.961511 0.96196 0.961618
7303 0.961735 0.961511 0.96196 0.961618
7313 0.961735 0.96151 0.961959 0.961618
7323 0.961733 0.961509 0.961958 0.961618
7333 0.961733 0.961508 0.961958 0.961618
7344 0.961734 0.96151 0.961959 0.961618
7354 0.961735 0.96151 0.961959 0.961618
7364 0.961735 0.96151 0.96196 0.961618
7374 0.961735 0.96151 0.961959 0.961618
7384 0.961734 0.961509 0.961958 0.961618
7395 0.961733 0.961508 0.961958 0.961618
7405 0.961733 0.961508 0.961958 0.961618
7415 0.961732 0.961508 0.961957 0.961618
7425 0.961732 0.961507 0.961956 0.961618
7435 0.961733 0.961508 0.961958 0.961618
7446 0.961733 0.961508 0.961958 0.961618
7456 0.961732 0.961507 0.961957 0.961618
7466 0.961731 0.961506 0.961956 0.961618
7476 0.961732 0.961507 0.961957 0.961618
7486 0.961734 0.961509 0.961958 0.961618
7497 0.961734 0.961509 0.961958 0.961618
7507 0.961734 0.961509 0.961959 0.961618
7517 0.961735 0.961511 0.96196 0.961618
7527 0.961734 0.961509 0.961959 0.961618
7537 0.961734 0.961509 0.961959 0.961618
7548 0.961733 0.961508 0.961958 0.961618
7558 0.961736 0.961511 0.961961 0.961618
7568 0.961738 0.961513 0.961963 0.961618
7578 0.961739 0.961514 0.961963 0.961618
7588 0.961738 0.961513 0.961963 0.961618
7599 0.961737 0.961512 0.961962 0.961618
7609 0.961736 0.961511 0.961962 0.961618
7619 0.961736 0.961511 0.961961 0.961618
7629 0.961737 0.961512 0.961962 0.961618
7639 0.961739 0.961513 0.961964 0.961618
7650 0.961739 0.961514 0.961964 0.961618
7660 0.961737 0.961512 0.961963 0.961618
7670 0.961739 0.961514 0.961964 0.961618
7680 0.961737 0.961512 0.961962 0.961618
7690 0.961739 0.961513 0.961964 0.961619
7701 0.961739 0.961514 0.961964 0.961619
7711 0.961739 0.961514 0.961964 0.961619
7721 0.961739 0.961514 0.961965 0.961619
7731 0.96174 0.961515 0.961965 0.961619
7741 0.961738 0.961513 0.961963 0.961619
7752 0.961736 0.961511 0.961961 0.961619
7762 0.961735 0.96151 0.96196 0.961619
7772 0.961737 0.961512 0.961962 0.961619
7782 0.961735 0.96151 0.96196 0.961619
7792 0.961735 0.96151 0.96196 0.961619
7803 0.961735 0.961509 0.96196 0.961619
7813 0.961734 0.961508 0.961959 0.961619
7823 0.961734 0.961509 0.961959 0.961619
7833 0.961735 0.96151 0.96196 0.961619
7843 0.961735 0.96151 0.961961 0.961619
7854 0.961734 0.961509 0.96196 0.961619
7864 0.961735 0.96151 0.96196 0.961619
7874 0.961735 0.961509 0.96196 0.961619
7884 0.961735 0.96151 0.96196 0.961619
7894 0.961733 0.961507 0.961958 0.961619
7905 0.96173 0.961505 0.961956 0.961619
7915 0.961732 0.961506 0.961957 0.961619
7925 0.961733 0.961507 0.961958 0.961619
7935 0.961733 0.961508 0.961959 0.961619
7945 0.961734 0.961508 0.961959 0.961619
7956 0.961735 0.96151 0.96196 0.961619
7966 0.961736 0.96151 0.961961 0.961619
7976 0.961736 0.96151 0.961961 0.961619
7986 0.961736 0.96151 0.961961 0.961619
7996 0.961736 0.961511 0.961961 0.961619
8007 0.961734 0.961509 0.96196 0.961619
8017 0.961734 0.961509 0.96196 0.961619
8027 0.961735 0.961509 0.96196 0.961619
8037 0.961736 0.961511 0.961962 0.961619
8047 0.961736 0.961511 0.961962 0.961619
8058 0.961737 0.961511 0.961962 0.961619
8068 0.961736 0.961511 0.961962 0.961619
8078 0.961738 0.961512 0.961963 0.961619
8088 0.961736 0.961511 0.961962 0.961619
8098 0.961736 0.961511 0.961962 0.961619
8109 0.961734 0.961509 0.96196 0.961619
8119 0.961735 0.961509 0.96196 0.961619
8129 0.961735 0.96151 0.961961 0.961619
8139 0.961736 0.96151 0.961961 0.961619
8149 0.961737 0.961511 0.961963 0.961619
8160 0.961737 0.961511 0.961963 0.961619
8170 0.961738 0.961512 0.961963 0.961619
8180 0.961735 0.96151 0.961961 0.961619
8190 0.961735 0.961509 0.961961 0.961619
8200 0.961733 0.961507 0.961958 0.961619
8211 0.961732 0.961507 0.961958 0.961619
8221 0.961731 0.961505 0.961957 0.961619
8231 0.96173 0.961504 0.961956 0.961619
8241 0.961731 0.961505 0.961957 0.961619
8251 0.96173 0.961504 0.961956 0.961619
8262 0.961731 0.961505 0.961957 0.961619
8272 0.96173 0.961504 0.961956 0.961619
8282 0.961731 0.961506 0.961957 0.961619
8292 0.961732 0.961506 0.961958 0.961619
8302 0.961731 0.961505 0.961957 0.961619
8313 0.961731 0.961505 0.961957 0.961619
8323 0.961731 0.961505 0.961957 0.961619
8333 0.96173 0.961504 0.961955 0.961619
8343 0.96173 0.961504 0.961956 0.961619
8353 0.961731 0.961505 0.961956 0.961619
8364 0.961731 0.961505 0.961957 0.961619
8374 0.961733 0.961507 0.961959 0.961619
8384 0.961734 0.961508 0.96196 0.961619
8394 0.961734 0.961508 0.96196 0.961619
8404 0.961735 0.961509 0.961961 0.961619
8415 0.961736 0.96151 0.961962 0.961619
8425 0.961735 0.96151 0.961961 0.961619
8435 0.961736 0.96151 0.961962 0.961619
8445 0.961736 0.96151 0.961962 0.961619
8455 0.961736 0.96151 0.961962 0.961619
8466 0.961736 0.96151 0.961962 0.961619
8476 0.961737 0.961511 0.961963 0.961619
8486 0.961737 0.961511 0.961963 0.961619
8496 0.961738 0.961512 0.961964 0.961619
8506 0.961739 0.961513 0.961965 0.961619
8517 0.961738 0.961512 0.961964 0.961619
8527 0.961738 0.961512 0.961964 0.961619
8537 0.961738 0.961512 0.961964 0.961619
8547 0.961739 0.961513 0.961965 0.96162
8557 0.96174 0.961514 0.961966 0.96162
8568 0.961741 0.961515 0.961967 0.96162
8578 0.961742 0.961516 0.961968 0.96162
8588 0.961741 0.961515 0.961967 0.96162
8598 0.961741 0.961515 0.961967 0.96162
8608 0.96174 0.961514 0.961966 0.96162
8619 0.961741 0.961515 0.961967 0.96162
8629 0.961742 0.961516 0.961968 0.96162
8639 0.961744 0.961518 0.96197 0.96162
8649 0.961744 0.961518 0.96197 0.96162
8659 0.961743 0.961517 0.96197 0.96162
8670 0.961745 0.961519 0.961971 0.96162
8680 0.961744 0.961518 0.96197 0.96162
8690 0.961742 0.961516 0.961968 0.96162
8700 0.961743 0.961517 0.961969 0.96162
8710 0.961742 0.961516 0.961969 0.96162
8721 0.961741 0.961515 0.961968 0.96162
8731 0.961743 0.961517 0.961969 0.96162
8741 0.961744 0.961518 0.96197 0.96162
8751 0.961744 0.961518 0.96197 0.96162
8761 0.961743 0.961517 0.961969 0.96162
8772 0.961745 0.961519 0.961971 0.96162
8782 0.961746 0.96152 0.961972 0.96162
8792 0.961744 0.961518 0.96197 0.96162
8802 0.961745 0.961519 0.961971 0.96162
8812 0.961745 0.961519 0.961971 0.96162
8823 0.961746 0.96152 0.961972 0.96162
8833 0.961745 0.961519 0.961971 0.96162
8843 0.961745 0.961519 0.961971 0.96162
8853 0.961745 0.961519 0.961971 0.96162
8863 0.961745 0.961519 0.961971 0.96162
8874 0.961744 0.961518 0.96197 0.96162
8884 0.961744 0.961518 0.96197 0.96162
8894 0.961744 0.961518 0.96197 0.96162
8904 0.961746 0.96152 0.961972 0.96162
8914 0.961746 0.96152 0.961972 0.96162
8925 0.961746 0.96152 0.961972 0.96162
8935 0.961747 0.961521 0.961973 0.96162
8945 0.961748 0.961522 0.961974 0.96162
8955 0.96175 0.961524 0.961976 0.96162
8965 0.961749 0.961523 0.961975 0.96162
8976 0.96175 0.961524 0.961976 0.96162
8986 0.96175 0.961524 0.961976 0.96162
8996 0.961749 0.961523 0.961975 0.96162
9006 0.961749 0.961523 0.961976 0.96162
9016 0.961749 0.961523 0.961975 0.96162
9027 0.961751 0.961525 0.961977 0.96162
9037 0.961749 0.961523 0.961975 0.96162
9047 0.961749 0.961523 0.961975 0.96162
9057 0.961749 0.961523 0.961975 0.96162
9067 0.961748 0.961522 0.961974 0.96162
9078 0.961747 0.961521 0.961974 0.96162
9088 0.961748 0.961522 0.961974 0.96162
9098 0.96175 0.961524 0.961976 0.96162
9108 0.96175 0.961524 0.961976 0.96162
9118 0.961749 0.961523 0.961976 0.96162
9129 0.961749 0.961523 0.961975 0.96162
9139 0.961748 0.961522 0.961975 0.96162
9149 0.961749 0.961523 0.961976 0.96162
9159 0.96175 0.961524 0.961977 0.96162
9169 0.961749 0.961523 0.961975 0.96162
9180 0.96175 0.961523 0.961976 0.96162
9190 0.96175 0.961523 0.961976 0.96162
9200 0.961751 0.961525 0.961977 0.96162
9210 0.961751 0.961525 0.961978 0.96162
9220 0.961751 0.961524 0.961977 0.96162
9231 0.961751 0.961525 0.961978 0.96162
9241 0.961747 0.961521 0.961974 0.96162
9251 0.961749 0.961522 0.961975 0.96162
9261 0.961748 0.961522 0.961975 0.96162
9271 0.961748 0.961521 0.961974 0.96162
9282 0.961748 0.961521 0.961974 0.96162
9292 0.961748 0.961522 0.961974 0.96162
9302 0.961747 0.961521 0.961973 0.96162
9312 0.961747 0.96152 0.961973 0.96162
9322 0.961746 0.96152 0.961973 0.96162
9333 0.961745 0.961519 0.961972 0.96162
9343 0.961746 0.961519 0.961972 0.96162
9353 0.961746 0.961519 0.961972 0.96162
9363 0.961746 0.96152 0.961973 0.96162
9373 0.961747 0.961521 0.961974 0.96162
9384 0.961745 0.961519 0.961972 0.96162
9394 0.961744 0.961518 0.961971 0.96162
9404 0.961744 0.961518 0.961971 0.96162
9414 0.961744 0.961517 0.96197 0.96162
9424 0.961745 0.961518 0.961971 0.96162
9435 0.961745 0.961518 0.961971 0.96162
9445 0.961745 0.961518 0.961971 0.96162
9455 0.961746 0.961519 0.961972 0.96162
9465 0.961744 0.961518 0.961971 0.96162
9475 0.961743 0.961516 0.961969 0.96162
9486 0.961743 0.961517 0.961969 0.96162
9496 0.961745 0.961519 0.961971 0.96162
9506 0.961746 0.96152 0.961973 0.96162
9516 0.961747 0.96152 0.961973 0.96162
9526 0.961746 0.961519 0.961972 0.96162
9537 0.961747 0.961521 0.961973 0.96162
9547 0.961747 0.96152 0.961973 0.96162
9557 0.961747 0.96152 0.961973 0.96162
9567 0.961747 0.96152 0.961973 0.96162
9577 0.961746 0.96152 0.961973 0.96162
9588 0.961745 0.961519 0.961972 0.96162
9598 0.961743 0.961517 0.96197 0.96162
9608 0.961742 0.961515 0.961968 0.96162
9618 0.961742 0.961516 0.961969 0.961621
9628 0.961742 0.961516 0.961968 0.961621
9639 0.961742 0.961516 0.961968 0.961621
9649 0.961739 0.961513 0.961966 0.961621
9659 0.96174 0.961514 0.961966 0.961621
9669 0.961741 0.961514 0.961967 0.961621
9679 0.96174 0.961514 0.961966 0.961621
9690 0.961741 0.961514 0.961967 0.961621
9700 0.961741 0.961515 0.961968 0.961621
9710 0.961741 0.961514 0.961967 0.961621
9720 0.961741 0.961514 0.961967 0.961621
9730 0.961742 0.961515 0.961968 0.961621
9741 0.961742 0.961515 0.961968 0.961621
9751 0.961742 0.961516 0.961969 0.961621
9761 0.961743 0.961517 0.96197 0.961621
9771 0.961743 0.961517 0.96197 0.961621
9781 0.961743 0.961516 0.961969 0.961621
9792 0.961744 0.961518 0.961971 0.961621
9802 0.961744 0.961517 0.96197 0.961621
9812 0.961743 0.961517 0.96197 0.961621
9822 0.961742 0.961516 0.961969 0.961621
9832 0.961741 0.961515 0.961968 0.961621
9843 0.961741 0.961515 0.961968 0.961621
9853 0.96174 0.961514 0.961967 0.961621
9863 0.961741 0.961514 0.961967 0.961621
9873 0.96174 0.961514 0.961967 0.961621
9883 0.961741 0.961514 0.961968 0.961621
9894 0.96174 0.961514 0.961967 0.961621
9904 0.961741 0.961515 0.961968 0.961621
9914 0.961741 0.961514 0.961968 0.961621
9924 0.961742 0.961515 0.961968 0.961621
9934 0.961742 0.961515 0.961968 0.961621
9945 0.961742 0.961515 0.961969 0.961621
9955 0.961742 0.961515 0.961969 0.961621
9965 0.961742 0.961515 0.961968 0.961621
9975 0.961742 0.961516 0.961969 0.961621
9985 0.961742 0.961515 0.961969 0.961621
9996 0.961741 0.961514 0.961968 0.961621
10006 0.96174 0.961513 0.961967 0.961621
10016 0.961739 0.961513 0.961966 0.961621
10026 0.961739 0.961512 0.961966 0.961621
10036 0.961739 0.961513 0.961966 0.961621
10047 0.961738 0.961511 0.961965 0.961621
10057 0.961738 0.961511 0.961965 0.961621
10067 0.961739 0.961512 0.961965 0.961621
10077 0.961739 0.961512 0.961966 0.961621
10087 0.961739 0.961512 0.961966 0.961621
10098 0.961738 0.961511 0.961965 0.961621
10108 0.961736 0.96151 0.961963 0.961621
10118 0.961738 0.961511 0.961965 0.961621
10128 0.961739 0.961512 0.961966 0.961621
10138 0.96174 0.961513 0.961967 0.961621
10149 0.96174 0.961513 0.961967 0.961621
10159 0.961739 0.961512 0.961966 0.961621
10169 0.961738 0.961511 0.961965 0.961621
10179 0.961739 0.961512 0.961966 0.961621
10189 0.961739 0.961512 0.961966 0.961621
10200 0.961739 0.961512 0.961966 0.961621
10210 0.961739 0.961512 0.961966 0.961621
10220 0.96174 0.961513 0.961967 0.961621
10230 0.961739 0.961512 0.961966 0.961621
10240 0.96174 0.961513 0.961967 0.961621
10251 0.96174 0.961513 0.961967 0.961621
10261 0.96174 0.961513 0.961967 0.961621
10271 0.961739 0.961512 0.961966 0.961621
10281 0.96174 0.961513 0.961967 0.961621
10291 0.96174 0.961513 0.961967 0.961621
10302 0.961739 0.961512 0.961966 0.961621
10312 0.96174 0.961513 0.961967 0.961621
10322 0.961739 0.961512 0.961966 0.961621
10332 0.96174 0.961513 0.961967 0.961621
10342 0.961741 0.961513 0.961968 0.961621
10353 0.961741 0.961514 0.961968 0.961621
10363 0.96174 0.961513 0.961967 0.961621
10373 0.96174 0.961512 0.961967 0.961621
10383 0.961741 0.961514 0.961968 0.961621
10393 0.961742 0.961515 0.961969 0.961621
10404 0.961743 0.961516 0.96197 0.961621
10414 0.961741 0.961514 0.961969 0.961621
10424 0.961741 0.961514 0.961968 0.961621
10434 0.961741 0.961514 0.961969 0.961621
10444 0.96174 0.961513 0.961968 0.961621
10455 0.96174 0.961513 0.961967 0.961621
10465 0.961741 0.961514 0.961968 0.961621
10475 0.96174 0.961513 0.961967 0.961621
10485 0.96174 0.961513 0.961967 0.961621
10495 0.96174 0.961513 0.961968 0.961621
10506 0.96174 0.961513 0.961967 0.961621
10516 0.961739 0.961512 0.961966 0.961621
10526 0.961739 0.961512 0.961966 0.961621
10536 0.96174 0.961513 0.961967 0.961621
10546 0.96174 0.961513 0.961967 0.961621
10557 0.961741 0.961513 0.961968 0.961621
10567 0.961741 0.961514 0.961968 0.961621
10577 0.961742 0.961514 0.961969 0.961621
10587 0.961741 0.961514 0.961969 0.961621
10597 0.961741 0.961514 0.961968 0.961621
10608 0.961742 0.961515 0.96197 0.961621
10618 0.961742 0.961515 0.961969 0.961621
10628 0.961742 0.961515 0.961969 0.961621
10638 0.96174 0.961513 0.961968 0.961621
10648 0.96174 0.961513 0.961967 0.961621
10659 0.96174 0.961512 0.961967 0.961621
10669 0.96174 0.961513 0.961967 0.961621
10679 0.961741 0.961514 0.961969 0.961621
10689 0.961741 0.961513 0.961968 0.961621
10699 0.961741 0.961513 0.961968 0.961621
